d1,d2,d3,d4,ds1,ds2,a1,a2,a3,a4,as1,as2,outcome,d1_atk_type,d1_def_type,d1_role,d1_weapon,d1_position,d1_alt_count,d1_invul,d1_deals_dmg,d1_heals,d1_heals_team_or_self,d1_ex_cost,d1_ex_length,d1_generates_cost,d1_taunts,d1_max_hp,d1_atk,d1_def,d1_dmg_reduction,d1_healing,d1_accuracy,d1_evasion,d1_crit,d1_crit_res,d1_crit_dmg,d1_crit_dmg_res,d1_stability,d1_min_dmg,d1_n_range,d1_cc_power,d1_cc_res,d1_recov_boost,d1_atk_spd,d1_mov_spd,d1_block_rate_bonus,d1_def_piercing,d1_mag_count,d1_na_cost,d1_equip_slot1,d1_equip_slot2,d1_equip_slot3,d2_atk_type,d2_def_type,d2_role,d2_weapon,d2_position,d2_alt_count,d2_invul,d2_deals_dmg,d2_heals,d2_heals_team_or_self,d2_ex_cost,d2_ex_length,d2_generates_cost,d2_taunts,d2_max_hp,d2_atk,d2_def,d2_dmg_reduction,d2_healing,d2_accuracy,d2_evasion,d2_crit,d2_crit_res,d2_crit_dmg,d2_crit_dmg_res,d2_stability,d2_min_dmg,d2_n_range,d2_cc_power,d2_cc_res,d2_recov_boost,d2_atk_spd,d2_mov_spd,d2_block_rate_bonus,d2_def_piercing,d2_mag_count,d2_na_cost,d2_equip_slot1,d2_equip_slot2,d2_equip_slot3,d3_atk_type,d3_def_type,d3_role,d3_weapon,d3_position,d3_alt_count,d3_invul,d3_deals_dmg,d3_heals,d3_heals_team_or_self,d3_ex_cost,d3_ex_length,d3_generates_cost,d3_taunts,d3_max_hp,d3_atk,d3_def,d3_dmg_reduction,d3_healing,d3_accuracy,d3_evasion,d3_crit,d3_crit_res,d3_crit_dmg,d3_crit_dmg_res,d3_stability,d3_min_dmg,d3_n_range,d3_cc_power,d3_cc_res,d3_recov_boost,d3_atk_spd,d3_mov_spd,d3_block_rate_bonus,d3_def_piercing,d3_mag_count,d3_na_cost,d3_equip_slot1,d3_equip_slot2,d3_equip_slot3,d4_atk_type,d4_def_type,d4_role,d4_weapon,d4_position,d4_alt_count,d4_invul,d4_deals_dmg,d4_heals,d4_heals_team_or_self,d4_ex_cost,d4_ex_length,d4_generates_cost,d4_taunts,d4_max_hp,d4_atk,d4_def,d4_dmg_reduction,d4_healing,d4_accuracy,d4_evasion,d4_crit,d4_crit_res,d4_crit_dmg,d4_crit_dmg_res,d4_stability,d4_min_dmg,d4_n_range,d4_cc_power,d4_cc_res,d4_recov_boost,d4_atk_spd,d4_mov_spd,d4_block_rate_bonus,d4_def_piercing,d4_mag_count,d4_na_cost,d4_equip_slot1,d4_equip_slot2,d4_equip_slot3,a1_atk_type,a1_def_type,a1_role,a1_weapon,a1_position,a1_alt_count,a1_invul,a1_deals_dmg,a1_heals,a1_heals_team_or_self,a1_ex_cost,a1_ex_length,a1_generates_cost,a1_taunts,a1_max_hp,a1_atk,a1_def,a1_dmg_reduction,a1_healing,a1_accuracy,a1_evasion,a1_crit,a1_crit_res,a1_crit_dmg,a1_crit_dmg_res,a1_stability,a1_min_dmg,a1_n_range,a1_cc_power,a1_cc_res,a1_recov_boost,a1_atk_spd,a1_mov_spd,a1_block_rate_bonus,a1_def_piercing,a1_mag_count,a1_na_cost,a1_equip_slot1,a1_equip_slot2,a1_equip_slot3,a2_atk_type,a2_def_type,a2_role,a2_weapon,a2_position,a2_alt_count,a2_invul,a2_deals_dmg,a2_heals,a2_heals_team_or_self,a2_ex_cost,a2_ex_length,a2_generates_cost,a2_taunts,a2_max_hp,a2_atk,a2_def,a2_dmg_reduction,a2_healing,a2_accuracy,a2_evasion,a2_crit,a2_crit_res,a2_crit_dmg,a2_crit_dmg_res,a2_stability,a2_min_dmg,a2_n_range,a2_cc_power,a2_cc_res,a2_recov_boost,a2_atk_spd,a2_mov_spd,a2_block_rate_bonus,a2_def_piercing,a2_mag_count,a2_na_cost,a2_equip_slot1,a2_equip_slot2,a2_equip_slot3,a3_atk_type,a3_def_type,a3_role,a3_weapon,a3_position,a3_alt_count,a3_invul,a3_deals_dmg,a3_heals,a3_heals_team_or_self,a3_ex_cost,a3_ex_length,a3_generates_cost,a3_taunts,a3_max_hp,a3_atk,a3_def,a3_dmg_reduction,a3_healing,a3_accuracy,a3_evasion,a3_crit,a3_crit_res,a3_crit_dmg,a3_crit_dmg_res,a3_stability,a3_min_dmg,a3_n_range,a3_cc_power,a3_cc_res,a3_recov_boost,a3_atk_spd,a3_mov_spd,a3_block_rate_bonus,a3_def_piercing,a3_mag_count,a3_na_cost,a3_equip_slot1,a3_equip_slot2,a3_equip_slot3,a4_atk_type,a4_def_type,a4_role,a4_weapon,a4_position,a4_alt_count,a4_invul,a4_deals_dmg,a4_heals,a4_heals_team_or_self,a4_ex_cost,a4_ex_length,a4_generates_cost,a4_taunts,a4_max_hp,a4_atk,a4_def,a4_dmg_reduction,a4_healing,a4_accuracy,a4_evasion,a4_crit,a4_crit_res,a4_crit_dmg,a4_crit_dmg_res,a4_stability,a4_min_dmg,a4_n_range,a4_cc_power,a4_cc_res,a4_recov_boost,a4_atk_spd,a4_mov_spd,a4_block_rate_bonus,a4_def_piercing,a4_mag_count,a4_na_cost,a4_equip_slot1,a4_equip_slot2,a4_equip_slot3,ds1_atk_type,ds1_def_type,ds1_unit_type,ds1_alt_count,ds1_invul,ds1_deals_dmg,ds1_heals,ds1_heals_one_or_many,ds1_ex_cost,ds1_ex_length,ds1_generates_cost,ds1_max_hp,ds1_atk,ds1_def,ds1_healing,ds1_accuracy,ds1_evasion,ds1_crit,ds1_crit_dmg,ds1_stability,ds1_min_dmg,ds1_cc_power,ds1_cc_res,ds1_recov_boost,ds1_atk_spd,ds1_equip_slot1,ds1_equip_slot2,ds1_equip_slot3,ds2_atk_type,ds2_unit_type,ds2_alt_count,ds2_deals_dmg,ds2_heals,ds2_heals_one_or_many,ds2_ex_cost,ds2_ex_length,ds2_generates_cost,ds2_max_hp,ds2_atk,ds2_def,ds2_healing,ds2_accuracy,ds2_evasion,ds2_crit,ds2_crit_dmg,ds2_stability,ds2_min_dmg,ds2_cc_power,ds2_cc_res,ds2_recov_boost,ds2_atk_spd,ds2_equip_slot1,ds2_equip_slot2,ds2_equip_slot3,as1_atk_type,as1_def_type,as1_unit_type,as1_alt_count,as1_invul,as1_deals_dmg,as1_heals,as1_ex_cost,as1_ex_length,as1_generates_cost,as1_max_hp,as1_atk,as1_def,as1_healing,as1_accuracy,as1_evasion,as1_crit,as1_crit_dmg,as1_stability,as1_min_dmg,as1_cc_power,as1_cc_res,as1_recov_boost,as1_atk_spd,as1_equip_slot1,as1_equip_slot2,as1_equip_slot3,as2_atk_type,as2_unit_type,as2_alt_count,as2_deals_dmg,as2_heals,as2_ex_cost,as2_ex_length,as2_generates_cost,as2_max_hp,as2_atk,as2_def,as2_healing,as2_accuracy,as2_evasion,as2_crit,as2_crit_dmg,as2_stability,as2_min_dmg,as2_cc_power,as2_cc_res,as2_recov_boost,as2_atk_spd,as2_equip_slot1,as2_equip_slot2,as2_equip_slot3,d1_affinity_indoor_dmg_mult,d1_affinity_indoor_block_r,d2_affinity_indoor_dmg_mult,d2_affinity_indoor_block_r,d3_affinity_indoor_dmg_mult,d3_affinity_indoor_block_r,d4_affinity_indoor_dmg_mult,d4_affinity_indoor_block_r,a1_affinity_indoor_dmg_mult,a1_affinity_indoor_block_r,a2_affinity_indoor_dmg_mult,a2_affinity_indoor_block_r,a3_affinity_indoor_dmg_mult,a3_affinity_indoor_block_r,a4_affinity_indoor_dmg_mult,a4_affinity_indoor_block_r,ds1_affinity_indoor_dmg_mult,ds1_affinity_indoor_block_r,ds2_affinity_indoor_dmg_mult,ds2_affinity_indoor_block_r,as1_affinity_indoor_dmg_mult,as1_affinity_indoor_block_r,as2_affinity_indoor_dmg_mult,as2_affinity_indoor_block_r,def_ex_cost_sum_FULL,def_ex_cost_mean_FULL,def_ex_cost_std_FULL,atk_ex_cost_sum,atk_ex_cost_mean,atk_ex_cost_std,diff_ex_cost_sum_FULL,diff_ex_cost_mean_FULL,diff_ex_cost_std_FULL,def_ex_length_sum_FULL,def_ex_length_mean_FULL,def_ex_length_std_FULL,atk_ex_length_sum,atk_ex_length_mean,atk_ex_length_std,diff_ex_length_sum_FULL,diff_ex_length_mean_FULL,diff_ex_length_std_FULL,def_max_hp_sum_FULL,def_max_hp_mean_FULL,def_max_hp_std_FULL,atk_max_hp_sum,atk_max_hp_mean,atk_max_hp_std,diff_max_hp_sum_FULL,diff_max_hp_mean_FULL,diff_max_hp_std_FULL,def_atk_sum_FULL,def_atk_mean_FULL,def_atk_std_FULL,atk_atk_sum,atk_atk_mean,atk_atk_std,diff_atk_sum_FULL,diff_atk_mean_FULL,diff_atk_std_FULL,def_def_sum_FULL,def_def_mean_FULL,def_def_std_FULL,atk_def_sum,atk_def_mean,atk_def_std,diff_def_sum_FULL,diff_def_mean_FULL,diff_def_std_FULL,def_healing_sum_FULL,def_healing_mean_FULL,def_healing_std_FULL,atk_healing_sum,atk_healing_mean,atk_healing_std,diff_healing_sum_FULL,diff_healing_mean_FULL,diff_healing_std_FULL,def_accuracy_sum_FULL,def_accuracy_mean_FULL,def_accuracy_std_FULL,atk_accuracy_sum,atk_accuracy_mean,atk_accuracy_std,diff_accuracy_sum_FULL,diff_accuracy_mean_FULL,diff_accuracy_std_FULL,def_evasion_sum_FULL,def_evasion_mean_FULL,def_evasion_std_FULL,atk_evasion_sum,atk_evasion_mean,atk_evasion_std,diff_evasion_sum_FULL,diff_evasion_mean_FULL,diff_evasion_std_FULL,def_crit_sum_FULL,def_crit_mean_FULL,def_crit_std_FULL,atk_crit_sum,atk_crit_mean,atk_crit_std,diff_crit_sum_FULL,diff_crit_mean_FULL,diff_crit_std_FULL,def_role_dealer_prop_FULL,def_role_tank_prop_FULL,atk_role_dealer_prop_FULL,atk_role_tank_prop_FULL,def_position_back_prop_FULL,def_position_front_prop_FULL,def_position_middle_prop_FULL,atk_position_back_prop_FULL,atk_position_front_prop_FULL,atk_position_middle_prop_FULL,ttk_a1_to_def,ttk_a2_to_def,ttk_a3_to_def,ttk_a4_to_def,ttk_d1_to_atk,ttk_d2_to_atk,ttk_d3_to_atk,ttk_d4_to_atk,ttk_avg_atk_to_def,ttk_avg_def_to_atk,ttk_delta_strikers,ttk_as1_to_def_str,ttk_as2_to_def_str,ttk_avg_atkS_to_def_str,ttk_ds1_to_atk_str,ttk_ds2_to_atk_str,ttk_avg_defS_to_atk_str,ttk_delta_specials
marina,tshiroko,shun,hoshino,sayane,sshiroko,hoshino,tshiroko,shun,marina,sayane,sshiroko,1,yellow,red,tank,smg,front,1,yes,yes,no,,3,8.83,no,no,134170,3913,148,0.0816,6197,109,2219,518,520,2.0,0.8,1264,0.7583,350,100,100,0.35,1.0,200,0.0,0,20,4,shoes,badge,amulet,blue,blue,dealer,ar,middle,0,yes,yes,no,,3,3.33,no,no,69289,6276,108,0.0609,5932,709,1239,733,100,2.46,0.5,1380,0.7798,650,100,100,0.35,1.0,200,0.0,0,15,3,hat,badge,wristwatch,red,red,dealer,sr,back,1,no,yes,no,,3,2.47,yes,no,46867,10930,108,0.0609,5715,1128,201,1382,100,2.26,0.5,1980,0.8644,750,100,136,0.0,1.0,200,0.0,0,20,1,gloves,hairpin,wristwatch,yellow,yellow,tank,sg,front,2,no,yes,yes,self,4,7.63,no,no,111386,4757,2792,0.6262,7077,615,246,505,520,2.0,1.0,1948,0.8608,350,100,100,0.0,1.0,200,0.0,0,8,1,shoes,bag,amulet,yellow,yellow,tank,sg,front,2,no,yes,yes,self,4,7.63,no,no,111386,4757,2792,0.6262,7077,615,246,505,520,2.0,1.0,1948,0.8608,350,100,100,0.0,1.0,200,0.0,0,8,1,shoes,bag,amulet,blue,blue,dealer,ar,middle,0,yes,yes,no,,3,3.33,no,no,69289,6276,108,0.0609,5932,709,1239,733,100,2.46,0.5,1380,0.7798,650,100,100,0.35,1.0,200,0.0,0,15,3,hat,badge,wristwatch,red,red,dealer,sr,back,1,no,yes,no,,3,2.47,yes,no,46867,10930,108,0.0609,5715,1128,201,1382,100,2.26,0.5,1980,0.8644,750,100,136,0.0,1.0,200,0.0,0,20,1,gloves,hairpin,wristwatch,yellow,red,tank,smg,front,1,yes,yes,no,,3,8.83,no,no,134170,3913,148,0.0816,6197,109,2219,518,520,2.0,0.8,1264,0.7583,350,100,100,0.35,1.0,200,0.0,0,20,4,shoes,badge,amulet,yellow,red,support,1,no,yes,no,,4,14.53,no,46530,7493,1804,8526,1160,191,1241,2.26,2194,0.8869,100,100,0.0,1.0,gloves,bag,wristwatch,blue,support,2,yes,no,,3,4.93,yes,43517,8150,2060,8069,660,786,734,2.46,1582,0.8127,100,100,0.0,1.0,hat,bag,wristwatch,yellow,red,support,1,no,yes,no,4,14.53,no,46530,7493,1804,8526,1160,191,1241,2.26,2194,0.8869,100,100,0.0,1.0,gloves,bag,wristwatch,blue,support,2,yes,no,3,4.93,yes,43517,8150,2060,8069,660,786,734,2.46,1582,0.8127,100,100,0.0,1.0,hat,bag,wristwatch,1.3,0.75,1.1,0.45,0.8,0.0,1.0,0.3,1.0,0.3,1.1,0.45,0.8,0.0,1.3,0.75,1.0,0.3,0.8,0.0,1.0,0.3,0.8,0.0,20,3.333333333333333,0.5163977794943222,20,3.333333333333333,0.5163977794943222,0,0.0,0.0,41.72,6.953333333333333,4.44315953648602,41.72,6.953333333333333,4.44315953648602,0.0,0.0,0.0,451759,75293.16666666667,38601.33576661132,451759,75293.16666666667,38601.33576661132,0,0.0,0.0,41519,6919.833333333333,2532.061722523104,41519,6919.833333333333,2532.061722523104,0,0.0,0.0,7020,1170.0,1193.7430209220072,7020,1170.0,1193.7430209220072,0,0.0,0.0,41516,6919.333333333333,1172.6023480560946,41516,6919.333333333333,1172.6023480560946,0,0.0,0.0,4381,730.1666666666666,386.6551004017233,4381,730.1666666666666,386.6551004017233,0,0.0,0.0,4882,813.6666666666666,805.2273384993002,4882,813.6666666666666,805.2273384993002,0,0.0,0.0,5113,852.1666666666666,372.0942980840565,5113,852.1666666666666,372.0942980840565,0,0.0,5.684341886080803e-14,0.5,0.5,0.5,0.5,0.25,0.5,0.25,0.25,0.5,0.25,25.596804708850115,17.465483588272782,7.787797346752059,31.117812420138,31.117812420138,17.465483588272786,7.787797346752059,25.596804708850115,20.491974516003243,20.49197451600324,-3.552713678800501e-15,16.250367009208595,13.449493865030677,14.849930437119635,16.250367009208595,13.449493865030677,14.849930437119635,0.0
shun,hoshino,tshiroko,iori,nagisa,sshiroko,hoshino,tshiroko,marina,iori,hibiki,sshiroko,0,red,red,dealer,sr,back,1,no,yes,no,,3,2.47,yes,no,46867,10930,108,0.0609,5715,1128,201,1382,100,2.26,0.5,1980,0.8644,750,100,136,0.0,1.0,200,0.0,0,20,1,gloves,hairpin,wristwatch,yellow,yellow,tank,sg,front,2,no,yes,yes,self,4,7.63,no,no,111386,4757,2792,0.6262,7077,615,246,505,520,2.0,1.0,1948,0.8608,350,100,100,0.0,1.0,200,0.0,0,8,1,shoes,bag,amulet,blue,blue,dealer,ar,middle,0,yes,yes,no,,3,3.33,no,no,69289,6276,108,0.0609,5932,709,1239,733,100,2.46,0.5,1380,0.7798,650,100,100,0.35,1.0,200,0.0,0,15,3,hat,badge,wristwatch,yellow,yellow,dealer,sr,back,1,no,yes,no,,3,7.33,no,no,52713,8067,113,0.0635,5497,1491,194,824,100,2.46,0.5,2056,0.8728,650,100,136,0.0,1.0,200,0.0,0,5,1,hat,hairpin,wristwatch,yellow,yellow,tank,sg,front,2,no,yes,yes,self,4,7.63,no,no,111386,4757,2792,0.6262,7077,615,246,505,520,2.0,1.0,1948,0.8608,350,100,100,0.0,1.0,200,0.0,0,8,1,shoes,bag,amulet,blue,blue,dealer,ar,middle,0,yes,yes,no,,3,3.33,no,no,69289,6276,108,0.0609,5932,709,1239,733,100,2.46,0.5,1380,0.7798,650,100,100,0.35,1.0,200,0.0,0,15,3,hat,badge,wristwatch,yellow,red,tank,smg,front,1,yes,yes,no,,3,8.83,no,no,134170,3913,148,0.0816,6197,109,2219,518,520,2.0,0.8,1264,0.7583,350,100,100,0.35,1.0,200,0.0,0,20,4,shoes,badge,amulet,yellow,yellow,dealer,sr,back,1,no,yes,no,,3,7.33,no,no,52713,8067,113,0.0635,5497,1491,194,824,100,2.46,0.5,2056,0.8728,650,100,136,0.0,1.0,200,0.0,0,5,1,hat,hairpin,wristwatch,red,,support,1,,yes,yes,one,3,6.83,no,44099,7734,2061,11519,759,977,682,2.46,1132,0.731,100,100,0.0,1.0,hat,bag,wristwatch,blue,support,2,yes,no,,3,4.93,yes,43517,8150,2060,8069,660,786,734,2.46,1582,0.8127,100,100,0.0,1.0,hat,bag,wristwatch,red,,support,1,,yes,no,4,4.0,no,43506,7070,437,7437,500,201,831,2.46,1141,0.7329,100,136,0.0,1.0,hat,hairpin,wristwatch,blue,support,2,yes,no,3,4.93,yes,43517,8150,2060,8069,660,786,734,2.46,1582,0.8127,100,100,0.0,1.0,hat,bag,wristwatch,0.8,0.0,1.0,0.3,1.1,0.45,1.3,0.75,1.0,0.3,1.1,0.45,1.3,0.75,1.3,0.75,1.3,0.75,0.8,0.0,1.0,0.3,0.8,0.0,19,3.1666666666666665,0.4082482904638629,20,3.333333333333333,0.5163977794943222,1,0.1666666666666669,0.1081494890304592,32.52,5.419999999999999,2.183162843216236,36.05,6.008333333333333,2.2229747336995684,3.530000000000001,0.5883333333333338,0.0398118904833322,367871,61311.833333333336,26330.925638242697,454581,75763.5,38298.58879253908,86710,14451.666666666664,11967.66315429638,45914,7652.333333333333,2071.0691602809084,38233,6372.166666666667,1742.7354838490742,-7681,-1280.166666666666,-328.3336764318342,7242,1207.0,1231.3884845977732,5658,943.0,1178.1914954709189,-1584,-264.0,-53.19698912685453,43809,7301.5,2283.659147070771,40209,6701.5,984.8337423138994,-3600,-600.0,-1298.8254047568714,5362,893.6666666666666,345.3147356639544,4084,680.6666666666666,452.0233032340995,-1278,-213.0,106.70856757014514,3643,607.1666666666666,454.7726538245969,4885,814.1666666666666,804.7641683541003,1242,207.0,349.99151452950343,4860,810.0,299.4975792890487,4145,690.8333333333334,145.2080117165257,-715,-119.16666666666664,-154.289567572523,0.75,0.25,0.5,0.5,0.5,0.25,0.25,0.25,0.5,0.25,12.879572209375656,16.320486775015933,15.657583695374392,7.594908268253377,8.45750228728271,22.055838763926847,19.798139738687063,13.006027643485806,13.11313773700484,15.829377108345604,2.716239371340764,11.531488684582744,12.567776073619632,12.049632379101189,11.952482544608223,15.245782208588958,13.59913237659859,1.5494999974974029
reisa,tshiroko,shun,marina,sayane,sshiroko,iori,hoshino,tshiroko,marina,hibiki,sshiroko,1,yellow,yellow,tank,sg,front,1,no,yes,yes,self,3,4.93,no,yes,122892,5025,2597,0.6091,8080,655,217,518,520,2.0,0.8,1812,0.8444,350,100,100,0.0,1.0,200,0.0,0,8,2,shoes,bag,amulet,blue,blue,dealer,ar,middle,0,yes,yes,no,,3,3.33,no,no,69289,6276,108,0.0609,5932,709,1239,733,100,2.46,0.5,1380,0.7798,650,100,100,0.35,1.0,200,0.0,0,15,3,hat,badge,wristwatch,red,red,dealer,sr,back,1,no,yes,no,,3,2.47,yes,no,46867,10930,108,0.0609,5715,1128,201,1382,100,2.26,0.5,1980,0.8644,750,100,136,0.0,1.0,200,0.0,0,20,1,gloves,hairpin,wristwatch,yellow,red,tank,smg,front,1,yes,yes,no,,3,8.83,no,no,134170,3913,148,0.0816,6197,109,2219,518,520,2.0,0.8,1264,0.7583,350,100,100,0.35,1.0,200,0.0,0,20,4,shoes,badge,amulet,yellow,yellow,dealer,sr,back,1,no,yes,no,,3,7.33,no,no,52713,8067,113,0.0635,5497,1491,194,824,100,2.46,0.5,2056,0.8728,650,100,136,0.0,1.0,200,0.0,0,5,1,hat,hairpin,wristwatch,yellow,yellow,tank,sg,front,2,no,yes,yes,self,4,7.63,no,no,111386,4757,2792,0.6262,7077,615,246,505,520,2.0,1.0,1948,0.8608,350,100,100,0.0,1.0,200,0.0,0,8,1,shoes,bag,amulet,blue,blue,dealer,ar,middle,0,yes,yes,no,,3,3.33,no,no,69289,6276,108,0.0609,5932,709,1239,733,100,2.46,0.5,1380,0.7798,650,100,100,0.35,1.0,200,0.0,0,15,3,hat,badge,wristwatch,yellow,red,tank,smg,front,1,yes,yes,no,,3,8.83,no,no,134170,3913,148,0.0816,6197,109,2219,518,520,2.0,0.8,1264,0.7583,350,100,100,0.35,1.0,200,0.0,0,20,4,shoes,badge,amulet,yellow,red,support,1,no,yes,no,,4,14.53,no,46530,7493,1804,8526,1160,191,1241,2.26,2194,0.8869,100,100,0.0,1.0,gloves,bag,wristwatch,blue,support,2,yes,no,,3,4.93,yes,43517,8150,2060,8069,660,786,734,2.46,1582,0.8127,100,100,0.0,1.0,hat,bag,wristwatch,red,,support,1,,yes,no,4,4.0,no,43506,7070,437,7437,500,201,831,2.46,1141,0.7329,100,136,0.0,1.0,hat,hairpin,wristwatch,blue,support,2,yes,no,3,4.93,yes,43517,8150,2060,8069,660,786,734,2.46,1582,0.8127,100,100,0.0,1.0,hat,bag,wristwatch,1.3,0.75,1.1,0.45,0.8,0.0,1.3,0.75,1.3,0.75,1.0,0.3,1.1,0.45,1.3,0.75,1.0,0.3,0.8,0.0,1.0,0.3,0.8,0.0,19,3.1666666666666665,0.408248290463863,20,3.333333333333333,0.5163977794943222,1,0.1666666666666669,0.1081494890304591,39.02,6.503333333333334,4.497317719115102,36.05,6.008333333333333,2.2229747336995684,-2.970000000000006,-0.495000000000001,-2.274342985415534,463265,77210.83333333333,40966.34535526286,454581,75763.5,38298.58879253908,-8684,-1447.3333333333285,-2667.756562723785,41787,6964.5,2488.262747380188,38233,6372.166666666667,1742.7354838490742,-3554,-592.333333333333,-745.5272635311135,6825,1137.5,1142.2976407224169,5658,943.0,1178.1914954709189,-1167,-194.5,35.89385474850178,42519,7086.5,1267.2491073186834,40209,6701.5,984.8337423138994,-2310,-385.0,-282.415365004784,4421,736.8333333333334,384.6117089567954,4084,680.6666666666666,452.0233032340995,-337,-56.16666666666674,67.41159427730412,4853,808.8333333333334,809.3924676364777,4885,814.1666666666666,804.7641683541003,32,5.3333333333332575,-4.628299282377384,5126,854.3333333333334,369.6986159923603,4145,690.8333333333334,145.2080117165257,-981,-163.5,-224.4906042758346,0.5,0.5,0.5,0.5,0.25,0.5,0.25,0.25,0.5,0.25,15.272375108466592,25.89914862308177,18.38215025493945,31.48536928188091,20.87952736318408,19.798139738687063,8.457502287282708,26.81309097878865,22.759760817092182,18.987065091985624,-3.7726957251065594,12.446552333804808,14.15538343558282,13.300967884693817,14.002352195382358,15.245782208588956,14.624067201985657,1.3230993172918415
reisa,tshiroko,shun,hoshino,sayane,sshiroko,marina,tshiroko,hoshino,iori,sayane,sshiroko,1,yellow,yellow,tank,sg,front,1,no,yes,yes,self,3,4.93,no,yes,122892,5025,2597,0.6091,8080,655,217,518,520,2.0,0.8,1812,0.8444,350,100,100,0.0,1.0,200,0.0,0,8,2,shoes,bag,amulet,blue,blue,dealer,ar,middle,0,yes,yes,no,,3,3.33,no,no,69289,6276,108,0.0609,5932,709,1239,733,100,2.46,0.5,1380,0.7798,650,100,100,0.35,1.0,200,0.0,0,15,3,hat,badge,wristwatch,red,red,dealer,sr,back,1,no,yes,no,,3,2.47,yes,no,46867,10930,108,0.0609,5715,1128,201,1382,100,2.26,0.5,1980,0.8644,750,100,136,0.0,1.0,200,0.0,0,20,1,gloves,hairpin,wristwatch,yellow,yellow,tank,sg,front,2,no,yes,yes,self,4,7.63,no,no,111386,4757,2792,0.6262,7077,615,246,505,520,2.0,1.0,1948,0.8608,350,100,100,0.0,1.0,200,0.0,0,8,1,shoes,bag,amulet,yellow,red,tank,smg,front,1,yes,yes,no,,3,8.83,no,no,134170,3913,148,0.0816,6197,109,2219,518,520,2.0,0.8,1264,0.7583,350,100,100,0.35,1.0,200,0.0,0,20,4,shoes,badge,amulet,blue,blue,dealer,ar,middle,0,yes,yes,no,,3,3.33,no,no,69289,6276,108,0.0609,5932,709,1239,733,100,2.46,0.5,1380,0.7798,650,100,100,0.35,1.0,200,0.0,0,15,3,hat,badge,wristwatch,yellow,yellow,tank,sg,front,2,no,yes,yes,self,4,7.63,no,no,111386,4757,2792,0.6262,7077,615,246,505,520,2.0,1.0,1948,0.8608,350,100,100,0.0,1.0,200,0.0,0,8,1,shoes,bag,amulet,yellow,yellow,dealer,sr,back,1,no,yes,no,,3,7.33,no,no,52713,8067,113,0.0635,5497,1491,194,824,100,2.46,0.5,2056,0.8728,650,100,136,0.0,1.0,200,0.0,0,5,1,hat,hairpin,wristwatch,yellow,red,support,1,no,yes,no,,4,14.53,no,46530,7493,1804,8526,1160,191,1241,2.26,2194,0.8869,100,100,0.0,1.0,gloves,bag,wristwatch,blue,support,2,yes,no,,3,4.93,yes,43517,8150,2060,8069,660,786,734,2.46,1582,0.8127,100,100,0.0,1.0,hat,bag,wristwatch,yellow,red,support,1,no,yes,no,4,14.53,no,46530,7493,1804,8526,1160,191,1241,2.26,2194,0.8869,100,100,0.0,1.0,gloves,bag,wristwatch,blue,support,2,yes,no,3,4.93,yes,43517,8150,2060,8069,660,786,734,2.46,1582,0.8127,100,100,0.0,1.0,hat,bag,wristwatch,1.3,0.75,1.1,0.45,0.8,0.0,1.0,0.3,1.3,0.75,1.1,0.45,1.0,0.3,1.3,0.75,1.0,0.3,0.8,0.0,1.0,0.3,0.8,0.0,20,3.333333333333333,0.5163977794943222,20,3.333333333333333,0.5163977794943222,0,0.0,0.0,37.82,6.303333333333334,4.398757400296891,46.58,7.763333333333333,3.868160630928693,8.759999999999998,1.459999999999999,-0.5305967693681986,440481,73413.5,35293.86395820101,457605,76267.5,37805.916567384,17124,2854.0,2512.052609182996,42631,7105.166666666667,2297.8223966761807,38656,6442.666666666667,1784.6629560414667,-3975,-662.5,-513.159440634714,9469,1578.1666666666667,1193.0931927836427,7025,1170.8333333333333,1192.854796975167,-2444,-407.3333333333335,-0.2383958084758433,43399,7233.166666666667,1192.4273423008492,41298,6883.0,1219.8093293625852,-2101,-350.16666666666697,27.381987061736027,4927,821.1666666666666,252.04239061448905,4744,790.6666666666666,478.77872411654494,-183,-30.5,226.73633350205588,2880,480.0,437.0363829248087,4875,812.5,806.2969056123185,1995,332.5,369.2605226875098,5113,852.1666666666666,372.0942980840565,4555,759.1666666666666,268.494630610496,-558,-93.0,-103.59966747356049,0.5,0.5,0.5,0.5,0.25,0.5,0.25,0.25,0.5,0.25,17.899437771530792,21.911547960484384,14.723670380491908,8.682347836866246,20.87952736318408,19.798139738687063,8.457502287282708,22.055838763926847,15.80425098734333,17.797752038270172,1.9935010509268416,9.347457627118644,16.873236196319016,13.11034691171883,14.002352195382358,15.245782208588958,14.624067201985657,1.5137202902668268
reisa,tshiroko,marina,hoshino,saki,sshiroko,marina,tshiroko,hoshino,iori,sayane,sshiroko,0,yellow,yellow,tank,sg,front,1,no,yes,yes,self,3,4.93,no,yes,122892,5025,2597,0.6091,8080,655,217,518,520,2.0,0.8,1812,0.8444,350,100,100,0.0,1.0,200,0.0,0,8,2,shoes,bag,amulet,blue,blue,dealer,ar,middle,0,yes,yes,no,,3,3.33,no,no,69289,6276,108,0.0609,5932,709,1239,733,100,2.46,0.5,1380,0.7798,650,100,100,0.35,1.0,200,0.0,0,15,3,hat,badge,wristwatch,yellow,red,tank,smg,front,1,yes,yes,no,,3,8.83,no,no,134170,3913,148,0.0816,6197,109,2219,518,520,2.0,0.8,1264,0.7583,350,100,100,0.35,1.0,200,0.0,0,20,4,shoes,badge,amulet,yellow,yellow,tank,sg,front,2,no,yes,yes,self,4,7.63,no,no,111386,4757,2792,0.6262,7077,615,246,505,520,2.0,1.0,1948,0.8608,350,100,100,0.0,1.0,200,0.0,0,8,1,shoes,bag,amulet,yellow,red,tank,smg,front,1,yes,yes,no,,3,8.83,no,no,134170,3913,148,0.0816,6197,109,2219,518,520,2.0,0.8,1264,0.7583,350,100,100,0.35,1.0,200,0.0,0,20,4,shoes,badge,amulet,blue,blue,dealer,ar,middle,0,yes,yes,no,,3,3.33,no,no,69289,6276,108,0.0609,5932,709,1239,733,100,2.46,0.5,1380,0.7798,650,100,100,0.35,1.0,200,0.0,0,15,3,hat,badge,wristwatch,yellow,yellow,tank,sg,front,2,no,yes,yes,self,4,7.63,no,no,111386,4757,2792,0.6262,7077,615,246,505,520,2.0,1.0,1948,0.8608,350,100,100,0.0,1.0,200,0.0,0,8,1,shoes,bag,amulet,yellow,yellow,dealer,sr,back,1,no,yes,no,,3,7.33,no,no,52713,8067,113,0.0635,5497,1491,194,824,100,2.46,0.5,2056,0.8728,650,100,136,0.0,1.0,200,0.0,0,5,1,hat,hairpin,wristwatch,yellow,,support,1,,yes,no,,4,7.0,no,41990,8970,2132,11438,101,197,202,2.2,1582,0.8127,186,100,0.0,1.0,hat,bag,necklace,blue,support,2,yes,no,,3,4.93,yes,43517,8150,2060,8069,660,786,734,2.46,1582,0.8127,100,100,0.0,1.0,hat,bag,wristwatch,yellow,red,support,1,no,yes,no,4,14.53,no,46530,7493,1804,8526,1160,191,1241,2.26,2194,0.8869,100,100,0.0,1.0,gloves,bag,wristwatch,blue,support,2,yes,no,3,4.93,yes,43517,8150,2060,8069,660,786,734,2.46,1582,0.8127,100,100,0.0,1.0,hat,bag,wristwatch,1.3,0.75,1.1,0.45,1.3,0.75,1.0,0.3,1.3,0.75,1.1,0.45,1.0,0.3,1.3,0.75,1.0,0.3,0.8,0.0,1.0,0.3,0.8,0.0,20,3.333333333333333,0.5163977794943222,20,3.333333333333333,0.5163977794943222,0,0.0,0.0,36.65,6.108333333333333,2.050077234317446,46.58,7.763333333333333,3.868160630928693,9.93,1.6549999999999994,1.818083396611247,523244,87207.33333333333,40836.29402218897,457605,76267.5,37805.916567384,-65639,-10939.833333333328,-3030.3774548049696,37091,6181.833333333333,2008.603436885108,38656,6442.666666666667,1784.6629560414667,1565,260.83333333333394,-223.9404808436409,9837,1639.5,1202.871855186578,7025,1170.8333333333333,1192.854796975167,-2812,-468.66666666666674,-10.01705821141104,46793,7798.833333333333,1998.3772833643468,41298,6883.0,1219.8093293625852,-5495,-915.833333333333,-778.5679540017616,2849,474.8333333333333,288.0322319926481,4744,790.6666666666666,478.77872411654494,1895,315.8333333333333,190.7464921238968,4904,817.3333333333334,801.8839483782343,4875,812.5,806.2969056123185,-29,-4.833333333333371,4.4129572340841605,3210,535.0,195.53618590941167,4555,759.1666666666666,268.494630610496,1345,224.16666666666663,72.95844470108429,0.25,0.75,0.5,0.5,0.0,0.75,0.25,0.25,0.5,0.25,29.05494505494506,25.38920092415551,23.89993693504309,14.093467212098671,20.87952736318408,19.798139738687063,26.81309097878865,22.055838763926847,23.109387531560586,22.38664921114666,-0.7227383204139244,15.17309488856266,19.551242331288343,17.3621686099255,11.696725195094762,15.245782208588958,13.47125370184186,-3.8909149080836407
reisa,tshiroko,marina,hoshino,saki,sshiroko,iori,marina,hoshino,tshiroko,sayane,sshiroko,0,yellow,yellow,tank,sg,front,1,no,yes,yes,self,3,4.93,no,yes,122892,5025,2597,0.6091,8080,655,217,518,520,2.0,0.8,1812,0.8444,350,100,100,0.0,1.0,200,0.0,0,8,2,shoes,bag,amulet,blue,blue,dealer,ar,middle,0,yes,yes,no,,3,3.33,no,no,69289,6276,108,0.0609,5932,709,1239,733,100,2.46,0.5,1380,0.7798,650,100,100,0.35,1.0,200,0.0,0,15,3,hat,badge,wristwatch,yellow,red,tank,smg,front,1,yes,yes,no,,3,8.83,no,no,134170,3913,148,0.0816,6197,109,2219,518,520,2.0,0.8,1264,0.7583,350,100,100,0.35,1.0,200,0.0,0,20,4,shoes,badge,amulet,yellow,yellow,tank,sg,front,2,no,yes,yes,self,4,7.63,no,no,111386,4757,2792,0.6262,7077,615,246,505,520,2.0,1.0,1948,0.8608,350,100,100,0.0,1.0,200,0.0,0,8,1,shoes,bag,amulet,yellow,yellow,dealer,sr,back,1,no,yes,no,,3,7.33,no,no,52713,8067,113,0.0635,5497,1491,194,824,100,2.46,0.5,2056,0.8728,650,100,136,0.0,1.0,200,0.0,0,5,1,hat,hairpin,wristwatch,yellow,red,tank,smg,front,1,yes,yes,no,,3,8.83,no,no,134170,3913,148,0.0816,6197,109,2219,518,520,2.0,0.8,1264,0.7583,350,100,100,0.35,1.0,200,0.0,0,20,4,shoes,badge,amulet,yellow,yellow,tank,sg,front,2,no,yes,yes,self,4,7.63,no,no,111386,4757,2792,0.6262,7077,615,246,505,520,2.0,1.0,1948,0.8608,350,100,100,0.0,1.0,200,0.0,0,8,1,shoes,bag,amulet,blue,blue,dealer,ar,middle,0,yes,yes,no,,3,3.33,no,no,69289,6276,108,0.0609,5932,709,1239,733,100,2.46,0.5,1380,0.7798,650,100,100,0.35,1.0,200,0.0,0,15,3,hat,badge,wristwatch,yellow,,support,1,,yes,no,,4,7.0,no,41990,8970,2132,11438,101,197,202,2.2,1582,0.8127,186,100,0.0,1.0,hat,bag,necklace,blue,support,2,yes,no,,3,4.93,yes,43517,8150,2060,8069,660,786,734,2.46,1582,0.8127,100,100,0.0,1.0,hat,bag,wristwatch,yellow,red,support,1,no,yes,no,4,14.53,no,46530,7493,1804,8526,1160,191,1241,2.26,2194,0.8869,100,100,0.0,1.0,gloves,bag,wristwatch,blue,support,2,yes,no,3,4.93,yes,43517,8150,2060,8069,660,786,734,2.46,1582,0.8127,100,100,0.0,1.0,hat,bag,wristwatch,1.3,0.75,1.1,0.45,1.3,0.75,1.0,0.3,1.3,0.75,1.3,0.75,1.0,0.3,1.1,0.45,1.0,0.3,0.8,0.0,1.0,0.3,0.8,0.0,20,3.333333333333333,0.5163977794943222,20,3.333333333333333,0.5163977794943222,0,0.0,0.0,36.65,6.108333333333333,2.050077234317446,46.58,7.763333333333333,3.868160630928693,9.93,1.6549999999999994,1.818083396611247,523244,87207.33333333333,40836.29402218897,457605,76267.5,37805.916567384,-65639,-10939.833333333328,-3030.3774548049696,37091,6181.833333333333,2008.603436885108,38656,6442.666666666667,1784.6629560414667,1565,260.83333333333394,-223.9404808436409,9837,1639.5,1202.871855186578,7025,1170.8333333333333,1192.854796975167,-2812,-468.66666666666674,-10.01705821141104,46793,7798.833333333333,1998.3772833643468,41298,6883.0,1219.8093293625852,-5495,-915.833333333333,-778.5679540017616,2849,474.8333333333333,288.0322319926481,4744,790.6666666666666,478.778724116545,1895,315.8333333333333,190.74649212389687,4904,817.3333333333334,801.8839483782343,4875,812.5,806.2969056123185,-29,-4.833333333333371,4.4129572340841605,3210,535.0,195.53618590941167,4555,759.1666666666666,268.494630610496,1345,224.16666666666663,72.95844470108429,0.25,0.75,0.5,0.5,0.0,0.75,0.25,0.25,0.5,0.25,14.093467212098671,29.05494505494506,23.89993693504309,25.38920092415551,20.87952736318408,19.798139738687063,26.81309097878865,22.055838763926843,23.10938753156058,22.386649211146658,-0.7227383204139208,15.17309488856266,19.551242331288343,17.3621686099255,11.696725195094762,15.245782208588956,13.47125370184186,-3.8909149080836407
reisa,tshiroko,marina,hoshino,saki,sshiroko,iori,marina,hoshino,tshiroko,sayane,sshiroko,0,yellow,yellow,tank,sg,front,1,no,yes,yes,self,3,4.93,no,yes,122892,5025,2597,0.6091,8080,655,217,518,520,2.0,0.8,1812,0.8444,350,100,100,0.0,1.0,200,0.0,0,8,2,shoes,bag,amulet,blue,blue,dealer,ar,middle,0,yes,yes,no,,3,3.33,no,no,69289,6276,108,0.0609,5932,709,1239,733,100,2.46,0.5,1380,0.7798,650,100,100,0.35,1.0,200,0.0,0,15,3,hat,badge,wristwatch,yellow,red,tank,smg,front,1,yes,yes,no,,3,8.83,no,no,134170,3913,148,0.0816,6197,109,2219,518,520,2.0,0.8,1264,0.7583,350,100,100,0.35,1.0,200,0.0,0,20,4,shoes,badge,amulet,yellow,yellow,tank,sg,front,2,no,yes,yes,self,4,7.63,no,no,111386,4757,2792,0.6262,7077,615,246,505,520,2.0,1.0,1948,0.8608,350,100,100,0.0,1.0,200,0.0,0,8,1,shoes,bag,amulet,yellow,yellow,dealer,sr,back,1,no,yes,no,,3,7.33,no,no,52713,8067,113,0.0635,5497,1491,194,824,100,2.46,0.5,2056,0.8728,650,100,136,0.0,1.0,200,0.0,0,5,1,hat,hairpin,wristwatch,yellow,red,tank,smg,front,1,yes,yes,no,,3,8.83,no,no,134170,3913,148,0.0816,6197,109,2219,518,520,2.0,0.8,1264,0.7583,350,100,100,0.35,1.0,200,0.0,0,20,4,shoes,badge,amulet,yellow,yellow,tank,sg,front,2,no,yes,yes,self,4,7.63,no,no,111386,4757,2792,0.6262,7077,615,246,505,520,2.0,1.0,1948,0.8608,350,100,100,0.0,1.0,200,0.0,0,8,1,shoes,bag,amulet,blue,blue,dealer,ar,middle,0,yes,yes,no,,3,3.33,no,no,69289,6276,108,0.0609,5932,709,1239,733,100,2.46,0.5,1380,0.7798,650,100,100,0.35,1.0,200,0.0,0,15,3,hat,badge,wristwatch,yellow,,support,1,,yes,no,,4,7.0,no,41990,8970,2132,11438,101,197,202,2.2,1582,0.8127,186,100,0.0,1.0,hat,bag,necklace,blue,support,2,yes,no,,3,4.93,yes,43517,8150,2060,8069,660,786,734,2.46,1582,0.8127,100,100,0.0,1.0,hat,bag,wristwatch,yellow,red,support,1,no,yes,no,4,14.53,no,46530,7493,1804,8526,1160,191,1241,2.26,2194,0.8869,100,100,0.0,1.0,gloves,bag,wristwatch,blue,support,2,yes,no,3,4.93,yes,43517,8150,2060,8069,660,786,734,2.46,1582,0.8127,100,100,0.0,1.0,hat,bag,wristwatch,1.3,0.75,1.1,0.45,1.3,0.75,1.0,0.3,1.3,0.75,1.3,0.75,1.0,0.3,1.1,0.45,1.0,0.3,0.8,0.0,1.0,0.3,0.8,0.0,20,3.333333333333333,0.5163977794943222,20,3.333333333333333,0.5163977794943222,0,0.0,0.0,36.65,6.108333333333333,2.050077234317446,46.58,7.763333333333333,3.868160630928693,9.93,1.6549999999999994,1.818083396611247,523244,87207.33333333333,40836.29402218897,457605,76267.5,37805.916567384,-65639,-10939.833333333328,-3030.3774548049696,37091,6181.833333333333,2008.603436885108,38656,6442.666666666667,1784.6629560414667,1565,260.83333333333394,-223.9404808436409,9837,1639.5,1202.871855186578,7025,1170.8333333333333,1192.854796975167,-2812,-468.66666666666674,-10.01705821141104,46793,7798.833333333333,1998.3772833643468,41298,6883.0,1219.8093293625852,-5495,-915.833333333333,-778.5679540017616,2849,474.8333333333333,288.0322319926481,4744,790.6666666666666,478.778724116545,1895,315.8333333333333,190.74649212389687,4904,817.3333333333334,801.8839483782343,4875,812.5,806.2969056123185,-29,-4.833333333333371,4.4129572340841605,3210,535.0,195.53618590941167,4555,759.1666666666666,268.494630610496,1345,224.16666666666663,72.95844470108429,0.25,0.75,0.5,0.5,0.0,0.75,0.25,0.25,0.5,0.25,14.093467212098671,29.05494505494506,23.89993693504309,25.38920092415551,20.87952736318408,19.798139738687063,26.81309097878865,22.055838763926843,23.10938753156058,22.386649211146658,-0.7227383204139208,15.17309488856266,19.551242331288343,17.3621686099255,11.696725195094762,15.245782208588956,13.47125370184186,-3.8909149080836407
hoshino,iori,shun,tshiroko,hibiki,sshiroko,iori,marina,hoshino,tshiroko,saki,sshiroko,1,yellow,yellow,tank,sg,front,2,no,yes,yes,self,4,7.63,no,no,111386,4757,2792,0.6262,7077,615,246,505,520,2.0,1.0,1948,0.8608,350,100,100,0.0,1.0,200,0.0,0,8,1,shoes,bag,amulet,yellow,yellow,dealer,sr,back,1,no,yes,no,,3,7.33,no,no,52713,8067,113,0.0635,5497,1491,194,824,100,2.46,0.5,2056,0.8728,650,100,136,0.0,1.0,200,0.0,0,5,1,hat,hairpin,wristwatch,red,red,dealer,sr,back,1,no,yes,no,,3,2.47,yes,no,46867,10930,108,0.0609,5715,1128,201,1382,100,2.26,0.5,1980,0.8644,750,100,136,0.0,1.0,200,0.0,0,20,1,gloves,hairpin,wristwatch,blue,blue,dealer,ar,middle,0,yes,yes,no,,3,3.33,no,no,69289,6276,108,0.0609,5932,709,1239,733,100,2.46,0.5,1380,0.7798,650,100,100,0.35,1.0,200,0.0,0,15,3,hat,badge,wristwatch,yellow,yellow,dealer,sr,back,1,no,yes,no,,3,7.33,no,no,52713,8067,113,0.0635,5497,1491,194,824,100,2.46,0.5,2056,0.8728,650,100,136,0.0,1.0,200,0.0,0,5,1,hat,hairpin,wristwatch,yellow,red,tank,smg,front,1,yes,yes,no,,3,8.83,no,no,134170,3913,148,0.0816,6197,109,2219,518,520,2.0,0.8,1264,0.7583,350,100,100,0.35,1.0,200,0.0,0,20,4,shoes,badge,amulet,yellow,yellow,tank,sg,front,2,no,yes,yes,self,4,7.63,no,no,111386,4757,2792,0.6262,7077,615,246,505,520,2.0,1.0,1948,0.8608,350,100,100,0.0,1.0,200,0.0,0,8,1,shoes,bag,amulet,blue,blue,dealer,ar,middle,0,yes,yes,no,,3,3.33,no,no,69289,6276,108,0.0609,5932,709,1239,733,100,2.46,0.5,1380,0.7798,650,100,100,0.35,1.0,200,0.0,0,15,3,hat,badge,wristwatch,red,,support,1,,yes,no,,4,4.0,no,43506,7070,437,7437,500,201,831,2.46,1141,0.7329,100,136,0.0,1.0,hat,hairpin,wristwatch,blue,support,2,yes,no,,3,4.93,yes,43517,8150,2060,8069,660,786,734,2.46,1582,0.8127,100,100,0.0,1.0,hat,bag,wristwatch,yellow,,support,1,,yes,no,4,7.0,no,41990,8970,2132,11438,101,197,202,2.2,1582,0.8127,186,100,0.0,1.0,hat,bag,necklace,blue,support,2,yes,no,3,4.93,yes,43517,8150,2060,8069,660,786,734,2.46,1582,0.8127,100,100,0.0,1.0,hat,bag,wristwatch,1.0,0.3,1.3,0.75,0.8,0.0,1.1,0.45,1.3,0.75,1.3,0.75,1.0,0.3,1.1,0.45,1.0,0.3,0.8,0.0,1.0,0.3,0.8,0.0,20,3.333333333333333,0.5163977794943222,20,3.333333333333333,0.5163977794943222,0,0.0,0.0,29.69,4.948333333333333,2.122474185159072,39.05,6.508333333333333,2.007888609128172,9.36,1.5599999999999996,-0.1145855760308998,367278,61213.0,26409.451664129643,453065,75510.83333333333,38558.08467969677,85787,14297.833333333328,12148.633015567124,45250,7541.666666666667,2083.535328874139,40133,6688.833333333333,2041.8489088731976,-5117,-852.8333333333339,-41.686420000941325,5618,936.3333333333334,1183.6899368781783,7353,1225.5,1234.465349857986,1735,289.16666666666663,50.77541297980747,39727,6621.166666666667,1051.6110339220802,44210,7368.333333333333,2194.308972470984,4483,747.1666666666661,1142.6979385489035,5103,850.5,379.9656563427805,3685,614.1666666666666,509.6007914698197,-1418,-236.33333333333337,129.63513512703923,2867,477.8333333333333,438.6166511507135,4881,813.5,805.3751299860209,2014,335.6666666666667,366.75847883530736,5009,834.8333333333334,292.8654412296997,3516,586.0,227.5073625182271,-1493,-248.83333333333337,-65.35807871147259,0.75,0.25,0.5,0.5,0.5,0.25,0.25,0.25,0.5,0.25,7.594908268253379,15.657583695374392,12.879572209375656,16.320486775015933,22.055838763926843,13.006027643485806,8.457502287282708,19.798139738687063,13.11313773700484,15.829377108345604,2.716239371340764,6.83033723522854,12.56777607361963,9.699056654424083,13.075035360678925,15.245782208588956,14.16040878463394,4.461352130209855
tshiroko,iori,shun,hoshino,nagisa,sshiroko,tshiroko,hoshino,marina,iori,saki,sshiroko,0,blue,blue,dealer,ar,middle,0,yes,yes,no,,3,3.33,no,no,69289,6276,108,0.0609,5932,709,1239,733,100,2.46,0.5,1380,0.7798,650,100,100,0.35,1.0,200,0.0,0,15,3,hat,badge,wristwatch,yellow,yellow,dealer,sr,back,1,no,yes,no,,3,7.33,no,no,52713,8067,113,0.0635,5497,1491,194,824,100,2.46,0.5,2056,0.8728,650,100,136,0.0,1.0,200,0.0,0,5,1,hat,hairpin,wristwatch,red,red,dealer,sr,back,1,no,yes,no,,3,2.47,yes,no,46867,10930,108,0.0609,5715,1128,201,1382,100,2.26,0.5,1980,0.8644,750,100,136,0.0,1.0,200,0.0,0,20,1,gloves,hairpin,wristwatch,yellow,yellow,tank,sg,front,2,no,yes,yes,self,4,7.63,no,no,111386,4757,2792,0.6262,7077,615,246,505,520,2.0,1.0,1948,0.8608,350,100,100,0.0,1.0,200,0.0,0,8,1,shoes,bag,amulet,blue,blue,dealer,ar,middle,0,yes,yes,no,,3,3.33,no,no,69289,6276,108,0.0609,5932,709,1239,733,100,2.46,0.5,1380,0.7798,650,100,100,0.35,1.0,200,0.0,0,15,3,hat,badge,wristwatch,yellow,yellow,tank,sg,front,2,no,yes,yes,self,4,7.63,no,no,111386,4757,2792,0.6262,7077,615,246,505,520,2.0,1.0,1948,0.8608,350,100,100,0.0,1.0,200,0.0,0,8,1,shoes,bag,amulet,yellow,red,tank,smg,front,1,yes,yes,no,,3,8.83,no,no,134170,3913,148,0.0816,6197,109,2219,518,520,2.0,0.8,1264,0.7583,350,100,100,0.35,1.0,200,0.0,0,20,4,shoes,badge,amulet,yellow,yellow,dealer,sr,back,1,no,yes,no,,3,7.33,no,no,52713,8067,113,0.0635,5497,1491,194,824,100,2.46,0.5,2056,0.8728,650,100,136,0.0,1.0,200,0.0,0,5,1,hat,hairpin,wristwatch,red,,support,1,,yes,yes,one,3,6.83,no,44099,7734,2061,11519,759,977,682,2.46,1132,0.731,100,100,0.0,1.0,hat,bag,wristwatch,blue,support,2,yes,no,,3,4.93,yes,43517,8150,2060,8069,660,786,734,2.46,1582,0.8127,100,100,0.0,1.0,hat,bag,wristwatch,yellow,,support,1,,yes,no,4,7.0,no,41990,8970,2132,11438,101,197,202,2.2,1582,0.8127,186,100,0.0,1.0,hat,bag,necklace,blue,support,2,yes,no,3,4.93,yes,43517,8150,2060,8069,660,786,734,2.46,1582,0.8127,100,100,0.0,1.0,hat,bag,wristwatch,1.1,0.45,1.3,0.75,0.8,0.0,1.0,0.3,1.1,0.45,1.0,0.3,1.3,0.75,1.3,0.75,1.3,0.75,0.8,0.0,1.0,0.3,0.8,0.0,19,3.1666666666666665,0.4082482904638629,20,3.333333333333333,0.5163977794943222,1,0.1666666666666669,0.1081494890304592,32.52,5.420000000000001,2.183162843216236,39.05,6.508333333333333,2.007888609128172,6.529999999999994,1.088333333333332,-0.1752742340880639,367871,61311.833333333336,26330.925638242697,453065,75510.83333333333,38558.08467969677,85194,14198.999999999993,12227.15904145407,45914,7652.333333333333,2071.0691602809084,40133,6688.833333333333,2041.8489088731976,-5781,-963.5,-29.220251407710748,7242,1207.0,1231.3884845977732,7353,1225.5,1234.465349857986,111,18.5,3.0768652602127986,43809,7301.5,2283.659147070771,44210,7368.333333333333,2194.308972470984,401,66.83333333333303,-89.3501745997869,5362,893.6666666666666,345.3147356639544,3685,614.1666666666666,509.6007914698197,-1677,-279.5,164.28605580586537,3643,607.1666666666666,454.77265382459694,4881,813.5,805.3751299860209,1238,206.33333333333337,350.6024761614239,4860,810.0,299.4975792890487,3516,586.0,227.5073625182271,-1344,-224.0,-71.9902167708216,0.75,0.25,0.5,0.5,0.5,0.25,0.25,0.25,0.5,0.25,16.320486775015933,12.879572209375656,15.657583695374392,7.594908268253379,19.798139738687063,13.006027643485806,8.45750228728271,22.055838763926847,13.113137737004838,15.829377108345604,2.716239371340768,6.83033723522854,12.567776073619632,9.699056654424083,11.952482544608223,15.245782208588958,13.59913237659859,3.900075722174504
tshiroko,hoshino,marina,nymutsuki,sayane,sshiroko,tshiroko,hoshino,iori,marina,saki,sshiroko,0,blue,blue,dealer,ar,middle,0,yes,yes,no,,3,3.33,no,no,69289,6276,108,0.0609,5932,709,1239,733,100,2.46,0.5,1380,0.7798,650,100,100,0.35,1.0,200,0.0,0,15,3,hat,badge,wristwatch,yellow,yellow,tank,sg,front,2,no,yes,yes,self,4,7.63,no,no,111386,4757,2792,0.6262,7077,615,246,505,520,2.0,1.0,1948,0.8608,350,100,100,0.0,1.0,200,0.0,0,8,1,shoes,bag,amulet,yellow,red,tank,smg,front,1,yes,yes,no,,3,8.83,no,no,134170,3913,148,0.0816,6197,109,2219,518,520,2.0,0.8,1264,0.7583,350,100,100,0.35,1.0,200,0.0,0,20,4,shoes,badge,amulet,blue,yellow,dealer,mg,back,1,no,yes,no,,2,4.67,no,no,62027,11562,418,0.2005,5939,324,640,1189,100,2.26,0.5,1328,0.7704,750,100,100,0.35,1.0,200,0.0,684,25,5,gloves,badge,wristwatch,blue,blue,dealer,ar,middle,0,yes,yes,no,,3,3.33,no,no,69289,6276,108,0.0609,5932,709,1239,733,100,2.46,0.5,1380,0.7798,650,100,100,0.35,1.0,200,0.0,0,15,3,hat,badge,wristwatch,yellow,yellow,tank,sg,front,2,no,yes,yes,self,4,7.63,no,no,111386,4757,2792,0.6262,7077,615,246,505,520,2.0,1.0,1948,0.8608,350,100,100,0.0,1.0,200,0.0,0,8,1,shoes,bag,amulet,yellow,yellow,dealer,sr,back,1,no,yes,no,,3,7.33,no,no,52713,8067,113,0.0635,5497,1491,194,824,100,2.46,0.5,2056,0.8728,650,100,136,0.0,1.0,200,0.0,0,5,1,hat,hairpin,wristwatch,yellow,red,tank,smg,front,1,yes,yes,no,,3,8.83,no,no,134170,3913,148,0.0816,6197,109,2219,518,520,2.0,0.8,1264,0.7583,350,100,100,0.35,1.0,200,0.0,0,20,4,shoes,badge,amulet,yellow,red,support,1,no,yes,no,,4,14.53,no,46530,7493,1804,8526,1160,191,1241,2.26,2194,0.8869,100,100,0.0,1.0,gloves,bag,wristwatch,blue,support,2,yes,no,,3,4.93,yes,43517,8150,2060,8069,660,786,734,2.46,1582,0.8127,100,100,0.0,1.0,hat,bag,wristwatch,yellow,,support,1,,yes,no,4,7.0,no,41990,8970,2132,11438,101,197,202,2.2,1582,0.8127,186,100,0.0,1.0,hat,bag,necklace,blue,support,2,yes,no,3,4.93,yes,43517,8150,2060,8069,660,786,734,2.46,1582,0.8127,100,100,0.0,1.0,hat,bag,wristwatch,1.1,0.45,1.0,0.3,1.3,0.75,1.0,0.3,1.1,0.45,1.0,0.3,1.3,0.75,1.3,0.75,1.0,0.3,0.8,0.0,1.0,0.3,0.8,0.0,19,3.1666666666666665,0.752772652709081,20,3.333333333333333,0.5163977794943222,1,0.1666666666666669,-0.2363748732147588,43.92,7.32,4.074677901380673,39.05,6.508333333333333,2.007888609128172,-4.8700000000000045,-0.8116666666666674,-2.0667892922525004,466919,77819.83333333333,36823.78463665389,453065,75510.83333333333,38558.08467969677,-13854,-2309.0,1734.30004304288,42151,7025.166666666667,2737.092867746117,40133,6688.833333333333,2041.8489088731976,-2018,-336.33333333333394,-695.2439588729198,7330,1221.6666666666667,1144.2687912665742,7353,1225.5,1234.465349857986,23,3.8333333333332575,90.19655859141176,41740,6956.666666666667,1129.3585199867518,44210,7368.333333333333,2194.3089724709844,2470,411.66666666666606,1064.9504524842323,3577,596.1666666666666,359.5760930132406,3685,614.1666666666666,509.6007914698197,108,18.0,150.02469845657913,5321,886.8333333333334,756.9193924498609,4881,813.5,805.3751299860209,-440,-73.33333333333337,48.45573753615997,4920,820.0,322.1167490212206,3516,586.0,227.5073625182271,-1404,-234.0,-94.60938650299347,0.5,0.5,0.5,0.5,0.25,0.5,0.25,0.25,0.5,0.25,20.54017288081581,22.30058335085138,13.150350192140822,27.110624840276003,19.798139738687063,22.055838763926843,26.81309097878865,10.746680937554055,20.775432816021,19.853437604739156,-0.921995211281846,11.826518952062433,15.817193251533745,13.821856101798089,14.002352195382358,15.245782208588956,14.62406720198566,0.80221110018757
tshiroko,iori,shun,hoshino,nagisa,sshiroko,tshiroko,hoshino,iori,marina,sayane,sshiroko,1,blue,blue,dealer,ar,middle,0,yes,yes,no,,3,3.33,no,no,69289,6276,108,0.0609,5932,709,1239,733,100,2.46,0.5,1380,0.7798,650,100,100,0.35,1.0,200,0.0,0,15,3,hat,badge,wristwatch,yellow,yellow,dealer,sr,back,1,no,yes,no,,3,7.33,no,no,52713,8067,113,0.0635,5497,1491,194,824,100,2.46,0.5,2056,0.8728,650,100,136,0.0,1.0,200,0.0,0,5,1,hat,hairpin,wristwatch,red,red,dealer,sr,back,1,no,yes,no,,3,2.47,yes,no,46867,10930,108,0.0609,5715,1128,201,1382,100,2.26,0.5,1980,0.8644,750,100,136,0.0,1.0,200,0.0,0,20,1,gloves,hairpin,wristwatch,yellow,yellow,tank,sg,front,2,no,yes,yes,self,4,7.63,no,no,111386,4757,2792,0.6262,7077,615,246,505,520,2.0,1.0,1948,0.8608,350,100,100,0.0,1.0,200,0.0,0,8,1,shoes,bag,amulet,blue,blue,dealer,ar,middle,0,yes,yes,no,,3,3.33,no,no,69289,6276,108,0.0609,5932,709,1239,733,100,2.46,0.5,1380,0.7798,650,100,100,0.35,1.0,200,0.0,0,15,3,hat,badge,wristwatch,yellow,yellow,tank,sg,front,2,no,yes,yes,self,4,7.63,no,no,111386,4757,2792,0.6262,7077,615,246,505,520,2.0,1.0,1948,0.8608,350,100,100,0.0,1.0,200,0.0,0,8,1,shoes,bag,amulet,yellow,yellow,dealer,sr,back,1,no,yes,no,,3,7.33,no,no,52713,8067,113,0.0635,5497,1491,194,824,100,2.46,0.5,2056,0.8728,650,100,136,0.0,1.0,200,0.0,0,5,1,hat,hairpin,wristwatch,yellow,red,tank,smg,front,1,yes,yes,no,,3,8.83,no,no,134170,3913,148,0.0816,6197,109,2219,518,520,2.0,0.8,1264,0.7583,350,100,100,0.35,1.0,200,0.0,0,20,4,shoes,badge,amulet,red,,support,1,,yes,yes,one,3,6.83,no,44099,7734,2061,11519,759,977,682,2.46,1132,0.731,100,100,0.0,1.0,hat,bag,wristwatch,blue,support,2,yes,no,,3,4.93,yes,43517,8150,2060,8069,660,786,734,2.46,1582,0.8127,100,100,0.0,1.0,hat,bag,wristwatch,yellow,red,support,1,no,yes,no,4,14.53,no,46530,7493,1804,8526,1160,191,1241,2.26,2194,0.8869,100,100,0.0,1.0,gloves,bag,wristwatch,blue,support,2,yes,no,3,4.93,yes,43517,8150,2060,8069,660,786,734,2.46,1582,0.8127,100,100,0.0,1.0,hat,bag,wristwatch,1.1,0.45,1.3,0.75,0.8,0.0,1.0,0.3,1.1,0.45,1.0,0.3,1.3,0.75,1.3,0.75,1.3,0.75,0.8,0.0,1.0,0.3,0.8,0.0,19,3.1666666666666665,0.4082482904638629,20,3.333333333333333,0.5163977794943222,1,0.1666666666666669,0.1081494890304592,32.52,5.420000000000001,2.183162843216236,46.58,7.763333333333333,3.868160630928693,14.059999999999995,2.343333333333332,1.684997787712457,367871,61311.833333333336,26330.925638242697,457605,76267.5,37805.916567384,89734,14955.666666666664,11474.990929141306,45914,7652.333333333333,2071.0691602809084,38656,6442.666666666667,1784.6629560414667,-7258,-1209.666666666666,-286.40620423944165,7242,1207.0,1231.3884845977732,7025,1170.8333333333333,1192.854796975167,-217,-36.16666666666674,-38.53368762260629,43809,7301.5,2283.659147070771,41298,6883.0,1219.8093293625852,-2511,-418.5,-1063.8498177081856,5362,893.6666666666666,345.3147356639544,4744,790.6666666666666,478.77872411654494,-618,-103.0,133.46398845259057,3643,607.1666666666666,454.77265382459694,4875,812.5,806.2969056123185,1232,205.33333333333337,351.52425178772154,4860,810.0,299.4975792890487,4555,759.1666666666666,268.494630610496,-305,-50.83333333333337,-31.00294867855274,0.75,0.25,0.5,0.5,0.5,0.25,0.25,0.25,0.5,0.25,16.320486775015933,12.879572209375656,7.594908268253379,15.657583695374392,19.798139738687063,13.006027643485806,8.457502287282708,22.055838763926843,13.113137737004838,15.829377108345604,2.716239371340768,8.176714933938342,12.567776073619632,10.372245503778986,11.952482544608223,15.245782208588956,13.599132376598591,3.2268868728196054
reisa,tshiroko,iori,hoshino,nagisa,sshiroko,iori,hoshino,tshiroko,marina,sayane,sshiroko,1,yellow,yellow,tank,sg,front,1,no,yes,yes,self,3,4.93,no,yes,122892,5025,2597,0.6091,8080,655,217,518,520,2.0,0.8,1812,0.8444,350,100,100,0.0,1.0,200,0.0,0,8,2,shoes,bag,amulet,blue,blue,dealer,ar,middle,0,yes,yes,no,,3,3.33,no,no,69289,6276,108,0.0609,5932,709,1239,733,100,2.46,0.5,1380,0.7798,650,100,100,0.35,1.0,200,0.0,0,15,3,hat,badge,wristwatch,yellow,yellow,dealer,sr,back,1,no,yes,no,,3,7.33,no,no,52713,8067,113,0.0635,5497,1491,194,824,100,2.46,0.5,2056,0.8728,650,100,136,0.0,1.0,200,0.0,0,5,1,hat,hairpin,wristwatch,yellow,yellow,tank,sg,front,2,no,yes,yes,self,4,7.63,no,no,111386,4757,2792,0.6262,7077,615,246,505,520,2.0,1.0,1948,0.8608,350,100,100,0.0,1.0,200,0.0,0,8,1,shoes,bag,amulet,yellow,yellow,dealer,sr,back,1,no,yes,no,,3,7.33,no,no,52713,8067,113,0.0635,5497,1491,194,824,100,2.46,0.5,2056,0.8728,650,100,136,0.0,1.0,200,0.0,0,5,1,hat,hairpin,wristwatch,yellow,yellow,tank,sg,front,2,no,yes,yes,self,4,7.63,no,no,111386,4757,2792,0.6262,7077,615,246,505,520,2.0,1.0,1948,0.8608,350,100,100,0.0,1.0,200,0.0,0,8,1,shoes,bag,amulet,blue,blue,dealer,ar,middle,0,yes,yes,no,,3,3.33,no,no,69289,6276,108,0.0609,5932,709,1239,733,100,2.46,0.5,1380,0.7798,650,100,100,0.35,1.0,200,0.0,0,15,3,hat,badge,wristwatch,yellow,red,tank,smg,front,1,yes,yes,no,,3,8.83,no,no,134170,3913,148,0.0816,6197,109,2219,518,520,2.0,0.8,1264,0.7583,350,100,100,0.35,1.0,200,0.0,0,20,4,shoes,badge,amulet,red,,support,1,,yes,yes,one,3,6.83,no,44099,7734,2061,11519,759,977,682,2.46,1132,0.731,100,100,0.0,1.0,hat,bag,wristwatch,blue,support,2,yes,no,,3,4.93,yes,43517,8150,2060,8069,660,786,734,2.46,1582,0.8127,100,100,0.0,1.0,hat,bag,wristwatch,yellow,red,support,1,no,yes,no,4,14.53,no,46530,7493,1804,8526,1160,191,1241,2.26,2194,0.8869,100,100,0.0,1.0,gloves,bag,wristwatch,blue,support,2,yes,no,3,4.93,yes,43517,8150,2060,8069,660,786,734,2.46,1582,0.8127,100,100,0.0,1.0,hat,bag,wristwatch,1.3,0.75,1.1,0.45,1.3,0.75,1.0,0.3,1.3,0.75,1.0,0.3,1.1,0.45,1.3,0.75,1.3,0.75,0.8,0.0,1.0,0.3,0.8,0.0,19,3.1666666666666665,0.4082482904638629,20,3.333333333333333,0.5163977794943222,1,0.1666666666666669,0.1081494890304592,34.98,5.829999999999999,1.6946976131451887,46.58,7.763333333333333,3.868160630928693,11.6,1.9333333333333336,2.1734630177835044,443896,73982.66666666667,34890.548397333434,457605,76267.5,37805.916567384,13709,2284.8333333333285,2915.368170050569,40009,6668.166666666667,1535.8980977482413,38656,6442.666666666667,1784.6629560414667,-1353,-225.5,248.76485829322544,9731,1621.8333333333333,1206.098406709281,7025,1170.8333333333333,1192.854796975167,-2706,-451.0,-13.243609734114216,46174,7695.666666666667,2155.5682004211017,41298,6883.0,1219.8093293625852,-4876,-812.666666666667,-935.7588710585164,4889,814.8333333333334,334.9545740345497,4744,790.6666666666666,478.77872411654494,-145,-24.166666666666742,143.8241500819952,3659,609.8333333333334,451.952836772452,4875,812.5,806.2969056123185,1216,202.66666666666663,354.34406883986645,3996,666.0,128.18580264600288,4555,759.1666666666666,268.494630610496,559,93.16666666666664,140.30882796449308,0.5,0.5,0.5,0.5,0.25,0.5,0.25,0.25,0.5,0.25,6.59428845915458,11.182704435568636,24.24420411089866,13.594716330181448,20.87952736318408,19.798139738687063,13.006027643485806,22.055838763926843,13.90397833395083,18.934883377320944,5.0309050433701135,7.099442813292406,18.6695245398773,12.884483676584852,11.952482544608223,15.245782208588956,13.599132376598591,0.714648700013738
reisa,tshiroko,shun,hoshino,nagisa,sshiroko,iori,hoshino,tshiroko,marina,sayane,sshiroko,0,yellow,yellow,tank,sg,front,1,no,yes,yes,self,3,4.93,no,yes,122892,5025,2597,0.6091,8080,655,217,518,520,2.0,0.8,1812,0.8444,350,100,100,0.0,1.0,200,0.0,0,8,2,shoes,bag,amulet,blue,blue,dealer,ar,middle,0,yes,yes,no,,3,3.33,no,no,69289,6276,108,0.0609,5932,709,1239,733,100,2.46,0.5,1380,0.7798,650,100,100,0.35,1.0,200,0.0,0,15,3,hat,badge,wristwatch,red,red,dealer,sr,back,1,no,yes,no,,3,2.47,yes,no,46867,10930,108,0.0609,5715,1128,201,1382,100,2.26,0.5,1980,0.8644,750,100,136,0.0,1.0,200,0.0,0,20,1,gloves,hairpin,wristwatch,yellow,yellow,tank,sg,front,2,no,yes,yes,self,4,7.63,no,no,111386,4757,2792,0.6262,7077,615,246,505,520,2.0,1.0,1948,0.8608,350,100,100,0.0,1.0,200,0.0,0,8,1,shoes,bag,amulet,yellow,yellow,dealer,sr,back,1,no,yes,no,,3,7.33,no,no,52713,8067,113,0.0635,5497,1491,194,824,100,2.46,0.5,2056,0.8728,650,100,136,0.0,1.0,200,0.0,0,5,1,hat,hairpin,wristwatch,yellow,yellow,tank,sg,front,2,no,yes,yes,self,4,7.63,no,no,111386,4757,2792,0.6262,7077,615,246,505,520,2.0,1.0,1948,0.8608,350,100,100,0.0,1.0,200,0.0,0,8,1,shoes,bag,amulet,blue,blue,dealer,ar,middle,0,yes,yes,no,,3,3.33,no,no,69289,6276,108,0.0609,5932,709,1239,733,100,2.46,0.5,1380,0.7798,650,100,100,0.35,1.0,200,0.0,0,15,3,hat,badge,wristwatch,yellow,red,tank,smg,front,1,yes,yes,no,,3,8.83,no,no,134170,3913,148,0.0816,6197,109,2219,518,520,2.0,0.8,1264,0.7583,350,100,100,0.35,1.0,200,0.0,0,20,4,shoes,badge,amulet,red,,support,1,,yes,yes,one,3,6.83,no,44099,7734,2061,11519,759,977,682,2.46,1132,0.731,100,100,0.0,1.0,hat,bag,wristwatch,blue,support,2,yes,no,,3,4.93,yes,43517,8150,2060,8069,660,786,734,2.46,1582,0.8127,100,100,0.0,1.0,hat,bag,wristwatch,yellow,red,support,1,no,yes,no,4,14.53,no,46530,7493,1804,8526,1160,191,1241,2.26,2194,0.8869,100,100,0.0,1.0,gloves,bag,wristwatch,blue,support,2,yes,no,3,4.93,yes,43517,8150,2060,8069,660,786,734,2.46,1582,0.8127,100,100,0.0,1.0,hat,bag,wristwatch,1.3,0.75,1.1,0.45,0.8,0.0,1.0,0.3,1.3,0.75,1.0,0.3,1.1,0.45,1.3,0.75,1.3,0.75,0.8,0.0,1.0,0.3,0.8,0.0,19,3.1666666666666665,0.4082482904638629,20,3.333333333333333,0.5163977794943222,1,0.1666666666666669,0.1081494890304592,30.12,5.02,1.9729673083961627,46.58,7.763333333333333,3.868160630928693,16.46,2.743333333333333,1.89519332253253,438050,73008.33333333333,35676.08875236559,457605,76267.5,37805.916567384,19555,3259.1666666666715,2129.8278150184124,42872,7145.333333333333,2308.041391887647,38656,6442.666666666667,1784.6629560414667,-4216,-702.6666666666661,-523.3784358461803,9726,1621.0,1207.350487638117,7025,1170.8333333333333,1192.854796975167,-2701,-450.16666666666674,-14.495690662950436,46392,7732.0,2112.503538458575,41298,6883.0,1219.8093293625852,-5094,-849.0,-892.6942090959897,4526,754.3333333333334,189.67516091113956,4744,790.6666666666666,478.77872411654494,218,36.33333333333326,289.1035632054054,3666,611.0,450.6719427699044,4875,812.5,806.2969056123185,1209,201.5,355.62496284241405,4554,759.0,321.8558683634648,4555,759.1666666666666,268.494630610496,1,0.1666666666666287,-53.36123775296886,0.5,0.5,0.5,0.5,0.25,0.5,0.25,0.25,0.5,0.25,8.682347836866246,14.723670380491908,21.911547960484384,17.899437771530792,20.87952736318408,19.798139738687063,8.457502287282708,22.055838763926843,15.80425098734333,17.797752038270172,1.9935010509268416,9.347457627118644,16.873236196319016,13.11034691171883,11.952482544608223,15.245782208588956,13.599132376598591,0.4887854648797614
reisa,tshiroko,shun,hoshino,nagisa,sshiroko,tshiroko,hoshino,iori,marina,sayane,sshiroko,1,yellow,yellow,tank,sg,front,1,no,yes,yes,self,3,4.93,no,yes,122892,5025,2597,0.6091,8080,655,217,518,520,2.0,0.8,1812,0.8444,350,100,100,0.0,1.0,200,0.0,0,8,2,shoes,bag,amulet,blue,blue,dealer,ar,middle,0,yes,yes,no,,3,3.33,no,no,69289,6276,108,0.0609,5932,709,1239,733,100,2.46,0.5,1380,0.7798,650,100,100,0.35,1.0,200,0.0,0,15,3,hat,badge,wristwatch,red,red,dealer,sr,back,1,no,yes,no,,3,2.47,yes,no,46867,10930,108,0.0609,5715,1128,201,1382,100,2.26,0.5,1980,0.8644,750,100,136,0.0,1.0,200,0.0,0,20,1,gloves,hairpin,wristwatch,yellow,yellow,tank,sg,front,2,no,yes,yes,self,4,7.63,no,no,111386,4757,2792,0.6262,7077,615,246,505,520,2.0,1.0,1948,0.8608,350,100,100,0.0,1.0,200,0.0,0,8,1,shoes,bag,amulet,blue,blue,dealer,ar,middle,0,yes,yes,no,,3,3.33,no,no,69289,6276,108,0.0609,5932,709,1239,733,100,2.46,0.5,1380,0.7798,650,100,100,0.35,1.0,200,0.0,0,15,3,hat,badge,wristwatch,yellow,yellow,tank,sg,front,2,no,yes,yes,self,4,7.63,no,no,111386,4757,2792,0.6262,7077,615,246,505,520,2.0,1.0,1948,0.8608,350,100,100,0.0,1.0,200,0.0,0,8,1,shoes,bag,amulet,yellow,yellow,dealer,sr,back,1,no,yes,no,,3,7.33,no,no,52713,8067,113,0.0635,5497,1491,194,824,100,2.46,0.5,2056,0.8728,650,100,136,0.0,1.0,200,0.0,0,5,1,hat,hairpin,wristwatch,yellow,red,tank,smg,front,1,yes,yes,no,,3,8.83,no,no,134170,3913,148,0.0816,6197,109,2219,518,520,2.0,0.8,1264,0.7583,350,100,100,0.35,1.0,200,0.0,0,20,4,shoes,badge,amulet,red,,support,1,,yes,yes,one,3,6.83,no,44099,7734,2061,11519,759,977,682,2.46,1132,0.731,100,100,0.0,1.0,hat,bag,wristwatch,blue,support,2,yes,no,,3,4.93,yes,43517,8150,2060,8069,660,786,734,2.46,1582,0.8127,100,100,0.0,1.0,hat,bag,wristwatch,yellow,red,support,1,no,yes,no,4,14.53,no,46530,7493,1804,8526,1160,191,1241,2.26,2194,0.8869,100,100,0.0,1.0,gloves,bag,wristwatch,blue,support,2,yes,no,3,4.93,yes,43517,8150,2060,8069,660,786,734,2.46,1582,0.8127,100,100,0.0,1.0,hat,bag,wristwatch,1.3,0.75,1.1,0.45,0.8,0.0,1.0,0.3,1.1,0.45,1.0,0.3,1.3,0.75,1.3,0.75,1.3,0.75,0.8,0.0,1.0,0.3,0.8,0.0,19,3.1666666666666665,0.4082482904638629,20,3.333333333333333,0.5163977794943222,1,0.1666666666666669,0.1081494890304592,30.12,5.02,1.9729673083961627,46.58,7.763333333333333,3.868160630928693,16.46,2.743333333333333,1.89519332253253,438050,73008.33333333333,35676.08875236559,457605,76267.5,37805.916567384,19555,3259.1666666666715,2129.8278150184124,42872,7145.333333333333,2308.041391887647,38656,6442.666666666667,1784.6629560414667,-4216,-702.6666666666661,-523.3784358461803,9726,1621.0,1207.350487638117,7025,1170.8333333333333,1192.854796975167,-2701,-450.16666666666674,-14.495690662950436,46392,7732.0,2112.503538458575,41298,6883.0,1219.8093293625852,-5094,-849.0,-892.6942090959897,4526,754.3333333333334,189.67516091113956,4744,790.6666666666666,478.77872411654494,218,36.33333333333326,289.1035632054054,3666,611.0,450.6719427699044,4875,812.5,806.2969056123185,1209,201.5,355.62496284241405,4554,759.0,321.8558683634648,4555,759.1666666666666,268.494630610496,1,0.1666666666666287,-53.36123775296886,0.5,0.5,0.5,0.5,0.25,0.5,0.25,0.25,0.5,0.25,21.911547960484384,14.723670380491908,8.682347836866246,17.899437771530792,20.87952736318408,19.798139738687063,8.457502287282708,22.055838763926843,15.80425098734333,17.797752038270172,1.9935010509268416,9.347457627118644,16.873236196319016,13.11034691171883,11.952482544608223,15.245782208588956,13.599132376598591,0.4887854648797614
reisa,tshiroko,shun,marina,sayane,sshiroko,tshiroko,hoshino,iori,marina,sayane,sshiroko,0,yellow,yellow,tank,sg,front,1,no,yes,yes,self,3,4.93,no,yes,122892,5025,2597,0.6091,8080,655,217,518,520,2.0,0.8,1812,0.8444,350,100,100,0.0,1.0,200,0.0,0,8,2,shoes,bag,amulet,blue,blue,dealer,ar,middle,0,yes,yes,no,,3,3.33,no,no,69289,6276,108,0.0609,5932,709,1239,733,100,2.46,0.5,1380,0.7798,650,100,100,0.35,1.0,200,0.0,0,15,3,hat,badge,wristwatch,red,red,dealer,sr,back,1,no,yes,no,,3,2.47,yes,no,46867,10930,108,0.0609,5715,1128,201,1382,100,2.26,0.5,1980,0.8644,750,100,136,0.0,1.0,200,0.0,0,20,1,gloves,hairpin,wristwatch,yellow,red,tank,smg,front,1,yes,yes,no,,3,8.83,no,no,134170,3913,148,0.0816,6197,109,2219,518,520,2.0,0.8,1264,0.7583,350,100,100,0.35,1.0,200,0.0,0,20,4,shoes,badge,amulet,blue,blue,dealer,ar,middle,0,yes,yes,no,,3,3.33,no,no,69289,6276,108,0.0609,5932,709,1239,733,100,2.46,0.5,1380,0.7798,650,100,100,0.35,1.0,200,0.0,0,15,3,hat,badge,wristwatch,yellow,yellow,tank,sg,front,2,no,yes,yes,self,4,7.63,no,no,111386,4757,2792,0.6262,7077,615,246,505,520,2.0,1.0,1948,0.8608,350,100,100,0.0,1.0,200,0.0,0,8,1,shoes,bag,amulet,yellow,yellow,dealer,sr,back,1,no,yes,no,,3,7.33,no,no,52713,8067,113,0.0635,5497,1491,194,824,100,2.46,0.5,2056,0.8728,650,100,136,0.0,1.0,200,0.0,0,5,1,hat,hairpin,wristwatch,yellow,red,tank,smg,front,1,yes,yes,no,,3,8.83,no,no,134170,3913,148,0.0816,6197,109,2219,518,520,2.0,0.8,1264,0.7583,350,100,100,0.35,1.0,200,0.0,0,20,4,shoes,badge,amulet,yellow,red,support,1,no,yes,no,,4,14.53,no,46530,7493,1804,8526,1160,191,1241,2.26,2194,0.8869,100,100,0.0,1.0,gloves,bag,wristwatch,blue,support,2,yes,no,,3,4.93,yes,43517,8150,2060,8069,660,786,734,2.46,1582,0.8127,100,100,0.0,1.0,hat,bag,wristwatch,yellow,red,support,1,no,yes,no,4,14.53,no,46530,7493,1804,8526,1160,191,1241,2.26,2194,0.8869,100,100,0.0,1.0,gloves,bag,wristwatch,blue,support,2,yes,no,3,4.93,yes,43517,8150,2060,8069,660,786,734,2.46,1582,0.8127,100,100,0.0,1.0,hat,bag,wristwatch,1.3,0.75,1.1,0.45,0.8,0.0,1.3,0.75,1.1,0.45,1.0,0.3,1.3,0.75,1.3,0.75,1.0,0.3,0.8,0.0,1.0,0.3,0.8,0.0,19,3.1666666666666665,0.408248290463863,20,3.333333333333333,0.5163977794943222,1,0.1666666666666669,0.1081494890304591,39.02,6.503333333333334,4.497317719115102,46.58,7.763333333333333,3.868160630928693,7.559999999999995,1.259999999999999,-0.6291570881864095,463265,77210.83333333333,40966.34535526286,457605,76267.5,37805.916567384,-5660,-943.3333333333284,-3160.42878787886,41787,6964.5,2488.262747380188,38656,6442.666666666667,1784.6629560414667,-3131,-521.833333333333,-703.5997913387209,6825,1137.5,1142.2976407224169,7025,1170.8333333333333,1192.854796975167,200,33.33333333333326,50.55715625275002,42519,7086.5,1267.2491073186834,41298,6883.0,1219.8093293625852,-1221,-203.5,-47.43977795609817,4421,736.8333333333334,384.6117089567954,4744,790.6666666666666,478.77872411654494,323,53.83333333333326,94.16701515974955,4853,808.8333333333334,809.3924676364777,4875,812.5,806.2969056123185,22,3.6666666666666288,-3.095562024159221,5126,854.3333333333334,369.6986159923603,4555,759.1666666666666,268.494630610496,-571,-95.16666666666674,-101.20398538186436,0.5,0.5,0.5,0.5,0.25,0.5,0.25,0.25,0.5,0.25,18.38215025493945,25.89914862308177,15.272375108466592,31.48536928188091,20.87952736318408,19.798139738687063,8.457502287282708,26.81309097878865,22.759760817092182,18.987065091985624,-3.7726957251065594,16.442312825303617,14.15538343558282,15.298848130443218,14.002352195382358,15.245782208588956,14.62406720198566,-0.6747809284575599
reisa,tshiroko,shun,marina,sayane,sshiroko,iori,marina,tshiroko,hoshino,sayane,sshiroko,0,yellow,yellow,tank,sg,front,1,no,yes,yes,self,3,4.93,no,yes,122892,5025,2597,0.6091,8080,655,217,518,520,2.0,0.8,1812,0.8444,350,100,100,0.0,1.0,200,0.0,0,8,2,shoes,bag,amulet,blue,blue,dealer,ar,middle,0,yes,yes,no,,3,3.33,no,no,69289,6276,108,0.0609,5932,709,1239,733,100,2.46,0.5,1380,0.7798,650,100,100,0.35,1.0,200,0.0,0,15,3,hat,badge,wristwatch,red,red,dealer,sr,back,1,no,yes,no,,3,2.47,yes,no,46867,10930,108,0.0609,5715,1128,201,1382,100,2.26,0.5,1980,0.8644,750,100,136,0.0,1.0,200,0.0,0,20,1,gloves,hairpin,wristwatch,yellow,red,tank,smg,front,1,yes,yes,no,,3,8.83,no,no,134170,3913,148,0.0816,6197,109,2219,518,520,2.0,0.8,1264,0.7583,350,100,100,0.35,1.0,200,0.0,0,20,4,shoes,badge,amulet,yellow,yellow,dealer,sr,back,1,no,yes,no,,3,7.33,no,no,52713,8067,113,0.0635,5497,1491,194,824,100,2.46,0.5,2056,0.8728,650,100,136,0.0,1.0,200,0.0,0,5,1,hat,hairpin,wristwatch,yellow,red,tank,smg,front,1,yes,yes,no,,3,8.83,no,no,134170,3913,148,0.0816,6197,109,2219,518,520,2.0,0.8,1264,0.7583,350,100,100,0.35,1.0,200,0.0,0,20,4,shoes,badge,amulet,blue,blue,dealer,ar,middle,0,yes,yes,no,,3,3.33,no,no,69289,6276,108,0.0609,5932,709,1239,733,100,2.46,0.5,1380,0.7798,650,100,100,0.35,1.0,200,0.0,0,15,3,hat,badge,wristwatch,yellow,yellow,tank,sg,front,2,no,yes,yes,self,4,7.63,no,no,111386,4757,2792,0.6262,7077,615,246,505,520,2.0,1.0,1948,0.8608,350,100,100,0.0,1.0,200,0.0,0,8,1,shoes,bag,amulet,yellow,red,support,1,no,yes,no,,4,14.53,no,46530,7493,1804,8526,1160,191,1241,2.26,2194,0.8869,100,100,0.0,1.0,gloves,bag,wristwatch,blue,support,2,yes,no,,3,4.93,yes,43517,8150,2060,8069,660,786,734,2.46,1582,0.8127,100,100,0.0,1.0,hat,bag,wristwatch,yellow,red,support,1,no,yes,no,4,14.53,no,46530,7493,1804,8526,1160,191,1241,2.26,2194,0.8869,100,100,0.0,1.0,gloves,bag,wristwatch,blue,support,2,yes,no,3,4.93,yes,43517,8150,2060,8069,660,786,734,2.46,1582,0.8127,100,100,0.0,1.0,hat,bag,wristwatch,1.3,0.75,1.1,0.45,0.8,0.0,1.3,0.75,1.3,0.75,1.3,0.75,1.1,0.45,1.0,0.3,1.0,0.3,0.8,0.0,1.0,0.3,0.8,0.0,19,3.1666666666666665,0.408248290463863,20,3.333333333333333,0.5163977794943222,1,0.1666666666666669,0.1081494890304591,39.02,6.503333333333334,4.497317719115102,46.58,7.763333333333333,3.868160630928693,7.559999999999995,1.259999999999999,-0.6291570881864095,463265,77210.83333333333,40966.34535526286,457605,76267.5,37805.916567384,-5660,-943.3333333333284,-3160.42878787886,41787,6964.5,2488.262747380188,38656,6442.666666666667,1784.6629560414667,-3131,-521.833333333333,-703.5997913387209,6825,1137.5,1142.2976407224169,7025,1170.8333333333333,1192.854796975167,200,33.33333333333326,50.55715625275002,42519,7086.5,1267.2491073186834,41298,6883.0,1219.8093293625852,-1221,-203.5,-47.43977795609817,4421,736.8333333333334,384.6117089567954,4744,790.6666666666666,478.778724116545,323,53.83333333333326,94.1670151597496,4853,808.8333333333334,809.3924676364777,4875,812.5,806.2969056123185,22,3.6666666666666288,-3.095562024159221,5126,854.3333333333334,369.6986159923603,4555,759.1666666666666,268.494630610496,-571,-95.16666666666674,-101.20398538186436,0.5,0.5,0.5,0.5,0.25,0.5,0.25,0.25,0.5,0.25,15.272375108466592,31.48536928188091,18.38215025493945,25.89914862308177,20.87952736318408,19.798139738687063,8.457502287282708,26.81309097878865,22.759760817092182,18.987065091985624,-3.7726957251065594,16.442312825303617,14.15538343558282,15.298848130443218,14.002352195382356,15.245782208588956,14.624067201985657,-0.6747809284575617
reisa,tshiroko,shun,marina,sayane,sshiroko,iori,marina,hoshino,tshiroko,sayane,sshiroko,0,yellow,yellow,tank,sg,front,1,no,yes,yes,self,3,4.93,no,yes,122892,5025,2597,0.6091,8080,655,217,518,520,2.0,0.8,1812,0.8444,350,100,100,0.0,1.0,200,0.0,0,8,2,shoes,bag,amulet,blue,blue,dealer,ar,middle,0,yes,yes,no,,3,3.33,no,no,69289,6276,108,0.0609,5932,709,1239,733,100,2.46,0.5,1380,0.7798,650,100,100,0.35,1.0,200,0.0,0,15,3,hat,badge,wristwatch,red,red,dealer,sr,back,1,no,yes,no,,3,2.47,yes,no,46867,10930,108,0.0609,5715,1128,201,1382,100,2.26,0.5,1980,0.8644,750,100,136,0.0,1.0,200,0.0,0,20,1,gloves,hairpin,wristwatch,yellow,red,tank,smg,front,1,yes,yes,no,,3,8.83,no,no,134170,3913,148,0.0816,6197,109,2219,518,520,2.0,0.8,1264,0.7583,350,100,100,0.35,1.0,200,0.0,0,20,4,shoes,badge,amulet,yellow,yellow,dealer,sr,back,1,no,yes,no,,3,7.33,no,no,52713,8067,113,0.0635,5497,1491,194,824,100,2.46,0.5,2056,0.8728,650,100,136,0.0,1.0,200,0.0,0,5,1,hat,hairpin,wristwatch,yellow,red,tank,smg,front,1,yes,yes,no,,3,8.83,no,no,134170,3913,148,0.0816,6197,109,2219,518,520,2.0,0.8,1264,0.7583,350,100,100,0.35,1.0,200,0.0,0,20,4,shoes,badge,amulet,yellow,yellow,tank,sg,front,2,no,yes,yes,self,4,7.63,no,no,111386,4757,2792,0.6262,7077,615,246,505,520,2.0,1.0,1948,0.8608,350,100,100,0.0,1.0,200,0.0,0,8,1,shoes,bag,amulet,blue,blue,dealer,ar,middle,0,yes,yes,no,,3,3.33,no,no,69289,6276,108,0.0609,5932,709,1239,733,100,2.46,0.5,1380,0.7798,650,100,100,0.35,1.0,200,0.0,0,15,3,hat,badge,wristwatch,yellow,red,support,1,no,yes,no,,4,14.53,no,46530,7493,1804,8526,1160,191,1241,2.26,2194,0.8869,100,100,0.0,1.0,gloves,bag,wristwatch,blue,support,2,yes,no,,3,4.93,yes,43517,8150,2060,8069,660,786,734,2.46,1582,0.8127,100,100,0.0,1.0,hat,bag,wristwatch,yellow,red,support,1,no,yes,no,4,14.53,no,46530,7493,1804,8526,1160,191,1241,2.26,2194,0.8869,100,100,0.0,1.0,gloves,bag,wristwatch,blue,support,2,yes,no,3,4.93,yes,43517,8150,2060,8069,660,786,734,2.46,1582,0.8127,100,100,0.0,1.0,hat,bag,wristwatch,1.3,0.75,1.1,0.45,0.8,0.0,1.3,0.75,1.3,0.75,1.3,0.75,1.0,0.3,1.1,0.45,1.0,0.3,0.8,0.0,1.0,0.3,0.8,0.0,19,3.1666666666666665,0.408248290463863,20,3.333333333333333,0.5163977794943222,1,0.1666666666666669,0.1081494890304591,39.02,6.503333333333334,4.497317719115102,46.58,7.763333333333333,3.868160630928693,7.559999999999995,1.259999999999999,-0.6291570881864095,463265,77210.83333333333,40966.34535526286,457605,76267.5,37805.916567384,-5660,-943.3333333333284,-3160.42878787886,41787,6964.5,2488.262747380188,38656,6442.666666666667,1784.6629560414667,-3131,-521.833333333333,-703.5997913387209,6825,1137.5,1142.2976407224169,7025,1170.8333333333333,1192.854796975167,200,33.33333333333326,50.55715625275002,42519,7086.5,1267.2491073186834,41298,6883.0,1219.8093293625852,-1221,-203.5,-47.43977795609817,4421,736.8333333333334,384.6117089567954,4744,790.6666666666666,478.778724116545,323,53.83333333333326,94.1670151597496,4853,808.8333333333334,809.3924676364777,4875,812.5,806.2969056123185,22,3.6666666666666288,-3.095562024159221,5126,854.3333333333334,369.6986159923603,4555,759.1666666666666,268.494630610496,-571,-95.16666666666674,-101.20398538186436,0.5,0.5,0.5,0.5,0.25,0.5,0.25,0.25,0.5,0.25,15.272375108466592,31.48536928188091,25.89914862308177,18.38215025493945,20.87952736318408,19.798139738687063,8.457502287282708,26.81309097878865,22.75976081709218,18.987065091985624,-3.772695725106555,16.442312825303617,14.15538343558282,15.298848130443218,14.002352195382358,15.245782208588956,14.624067201985657,-0.6747809284575617
marina,tshiroko,shun,hoshino,sayane,sshiroko,tshiroko,marina,hoshino,iori,sayane,sshiroko,0,yellow,red,tank,smg,front,1,yes,yes,no,,3,8.83,no,no,134170,3913,148,0.0816,6197,109,2219,518,520,2.0,0.8,1264,0.7583,350,100,100,0.35,1.0,200,0.0,0,20,4,shoes,badge,amulet,blue,blue,dealer,ar,middle,0,yes,yes,no,,3,3.33,no,no,69289,6276,108,0.0609,5932,709,1239,733,100,2.46,0.5,1380,0.7798,650,100,100,0.35,1.0,200,0.0,0,15,3,hat,badge,wristwatch,red,red,dealer,sr,back,1,no,yes,no,,3,2.47,yes,no,46867,10930,108,0.0609,5715,1128,201,1382,100,2.26,0.5,1980,0.8644,750,100,136,0.0,1.0,200,0.0,0,20,1,gloves,hairpin,wristwatch,yellow,yellow,tank,sg,front,2,no,yes,yes,self,4,7.63,no,no,111386,4757,2792,0.6262,7077,615,246,505,520,2.0,1.0,1948,0.8608,350,100,100,0.0,1.0,200,0.0,0,8,1,shoes,bag,amulet,blue,blue,dealer,ar,middle,0,yes,yes,no,,3,3.33,no,no,69289,6276,108,0.0609,5932,709,1239,733,100,2.46,0.5,1380,0.7798,650,100,100,0.35,1.0,200,0.0,0,15,3,hat,badge,wristwatch,yellow,red,tank,smg,front,1,yes,yes,no,,3,8.83,no,no,134170,3913,148,0.0816,6197,109,2219,518,520,2.0,0.8,1264,0.7583,350,100,100,0.35,1.0,200,0.0,0,20,4,shoes,badge,amulet,yellow,yellow,tank,sg,front,2,no,yes,yes,self,4,7.63,no,no,111386,4757,2792,0.6262,7077,615,246,505,520,2.0,1.0,1948,0.8608,350,100,100,0.0,1.0,200,0.0,0,8,1,shoes,bag,amulet,yellow,yellow,dealer,sr,back,1,no,yes,no,,3,7.33,no,no,52713,8067,113,0.0635,5497,1491,194,824,100,2.46,0.5,2056,0.8728,650,100,136,0.0,1.0,200,0.0,0,5,1,hat,hairpin,wristwatch,yellow,red,support,1,no,yes,no,,4,14.53,no,46530,7493,1804,8526,1160,191,1241,2.26,2194,0.8869,100,100,0.0,1.0,gloves,bag,wristwatch,blue,support,2,yes,no,,3,4.93,yes,43517,8150,2060,8069,660,786,734,2.46,1582,0.8127,100,100,0.0,1.0,hat,bag,wristwatch,yellow,red,support,1,no,yes,no,4,14.53,no,46530,7493,1804,8526,1160,191,1241,2.26,2194,0.8869,100,100,0.0,1.0,gloves,bag,wristwatch,blue,support,2,yes,no,3,4.93,yes,43517,8150,2060,8069,660,786,734,2.46,1582,0.8127,100,100,0.0,1.0,hat,bag,wristwatch,1.3,0.75,1.1,0.45,0.8,0.0,1.0,0.3,1.1,0.45,1.3,0.75,1.0,0.3,1.3,0.75,1.0,0.3,0.8,0.0,1.0,0.3,0.8,0.0,20,3.333333333333333,0.5163977794943222,20,3.333333333333333,0.5163977794943222,0,0.0,0.0,41.72,6.953333333333333,4.44315953648602,46.58,7.763333333333333,3.868160630928693,4.859999999999999,0.8099999999999996,-0.5749989055573268,451759,75293.16666666667,38601.33576661132,457605,76267.5,37805.916567384,5846,974.3333333333284,-795.419199227319,41519,6919.833333333333,2532.061722523104,38656,6442.666666666667,1784.6629560414667,-2863,-477.16666666666606,-747.3987664816373,7020,1170.0,1193.7430209220072,7025,1170.8333333333333,1192.854796975167,5,0.8333333333332575,-0.8882239468402986,41516,6919.333333333333,1172.6023480560946,41298,6883.0,1219.8093293625852,-218,-36.33333333333303,47.20698130649066,4381,730.1666666666666,386.6551004017233,4744,790.6666666666666,478.77872411654494,363,60.5,92.12362371482168,4882,813.6666666666666,805.2273384993002,4875,812.5,806.2969056123185,-7,-1.1666666666666288,1.0695671130182518,5113,852.1666666666666,372.0942980840565,4555,759.1666666666666,268.494630610496,-558,-93.0,-103.59966747356049,0.5,0.5,0.5,0.5,0.25,0.5,0.25,0.25,0.5,0.25,17.465483588272782,31.117812420138,25.596804708850115,15.094087021197472,26.81309097878865,19.798139738687063,8.457502287282708,22.055838763926847,22.318546934614595,19.281142942171314,-3.0374039924432807,16.250367009208595,13.449493865030677,14.849930437119635,14.002352195382358,15.245782208588958,14.624067201985657,-0.2258632351339784
marina,tshiroko,shun,hoshino,sayane,sshiroko,tshiroko,marina,iori,hoshino,sayane,sshiroko,1,yellow,red,tank,smg,front,1,yes,yes,no,,3,8.83,no,no,134170,3913,148,0.0816,6197,109,2219,518,520,2.0,0.8,1264,0.7583,350,100,100,0.35,1.0,200,0.0,0,20,4,shoes,badge,amulet,blue,blue,dealer,ar,middle,0,yes,yes,no,,3,3.33,no,no,69289,6276,108,0.0609,5932,709,1239,733,100,2.46,0.5,1380,0.7798,650,100,100,0.35,1.0,200,0.0,0,15,3,hat,badge,wristwatch,red,red,dealer,sr,back,1,no,yes,no,,3,2.47,yes,no,46867,10930,108,0.0609,5715,1128,201,1382,100,2.26,0.5,1980,0.8644,750,100,136,0.0,1.0,200,0.0,0,20,1,gloves,hairpin,wristwatch,yellow,yellow,tank,sg,front,2,no,yes,yes,self,4,7.63,no,no,111386,4757,2792,0.6262,7077,615,246,505,520,2.0,1.0,1948,0.8608,350,100,100,0.0,1.0,200,0.0,0,8,1,shoes,bag,amulet,blue,blue,dealer,ar,middle,0,yes,yes,no,,3,3.33,no,no,69289,6276,108,0.0609,5932,709,1239,733,100,2.46,0.5,1380,0.7798,650,100,100,0.35,1.0,200,0.0,0,15,3,hat,badge,wristwatch,yellow,red,tank,smg,front,1,yes,yes,no,,3,8.83,no,no,134170,3913,148,0.0816,6197,109,2219,518,520,2.0,0.8,1264,0.7583,350,100,100,0.35,1.0,200,0.0,0,20,4,shoes,badge,amulet,yellow,yellow,dealer,sr,back,1,no,yes,no,,3,7.33,no,no,52713,8067,113,0.0635,5497,1491,194,824,100,2.46,0.5,2056,0.8728,650,100,136,0.0,1.0,200,0.0,0,5,1,hat,hairpin,wristwatch,yellow,yellow,tank,sg,front,2,no,yes,yes,self,4,7.63,no,no,111386,4757,2792,0.6262,7077,615,246,505,520,2.0,1.0,1948,0.8608,350,100,100,0.0,1.0,200,0.0,0,8,1,shoes,bag,amulet,yellow,red,support,1,no,yes,no,,4,14.53,no,46530,7493,1804,8526,1160,191,1241,2.26,2194,0.8869,100,100,0.0,1.0,gloves,bag,wristwatch,blue,support,2,yes,no,,3,4.93,yes,43517,8150,2060,8069,660,786,734,2.46,1582,0.8127,100,100,0.0,1.0,hat,bag,wristwatch,yellow,red,support,1,no,yes,no,4,14.53,no,46530,7493,1804,8526,1160,191,1241,2.26,2194,0.8869,100,100,0.0,1.0,gloves,bag,wristwatch,blue,support,2,yes,no,3,4.93,yes,43517,8150,2060,8069,660,786,734,2.46,1582,0.8127,100,100,0.0,1.0,hat,bag,wristwatch,1.3,0.75,1.1,0.45,0.8,0.0,1.0,0.3,1.1,0.45,1.3,0.75,1.3,0.75,1.0,0.3,1.0,0.3,0.8,0.0,1.0,0.3,0.8,0.0,20,3.333333333333333,0.5163977794943222,20,3.333333333333333,0.5163977794943222,0,0.0,0.0,41.72,6.953333333333333,4.44315953648602,46.58,7.763333333333333,3.868160630928693,4.859999999999999,0.8099999999999996,-0.5749989055573268,451759,75293.16666666667,38601.33576661132,457605,76267.5,37805.916567384,5846,974.3333333333284,-795.419199227319,41519,6919.833333333333,2532.061722523104,38656,6442.666666666667,1784.6629560414667,-2863,-477.16666666666606,-747.3987664816373,7020,1170.0,1193.7430209220072,7025,1170.8333333333333,1192.854796975167,5,0.8333333333332575,-0.8882239468402986,41516,6919.333333333333,1172.6023480560946,41298,6883.0,1219.8093293625852,-218,-36.33333333333303,47.20698130649066,4381,730.1666666666666,386.6551004017233,4744,790.6666666666666,478.77872411654494,363,60.5,92.12362371482168,4882,813.6666666666666,805.2273384993002,4875,812.5,806.2969056123185,-7,-1.1666666666666288,1.0695671130182518,5113,852.1666666666666,372.0942980840565,4555,759.1666666666666,268.494630610496,-558,-93.0,-103.59966747356049,0.5,0.5,0.5,0.5,0.25,0.5,0.25,0.25,0.5,0.25,17.465483588272782,31.117812420138,15.094087021197472,25.596804708850115,26.813090978788654,19.798139738687063,8.457502287282708,22.055838763926847,22.31854693461459,19.281142942171314,-3.037403992443277,16.250367009208595,13.449493865030677,14.849930437119635,14.002352195382358,15.245782208588956,14.624067201985657,-0.2258632351339784
tshiroko,hoshino,shun,marina,sayane,sshiroko,tshiroko,hoshino,iori,marina,sayane,sshiroko,1,blue,blue,dealer,ar,middle,0,yes,yes,no,,3,3.33,no,no,69289,6276,108,0.0609,5932,709,1239,733,100,2.46,0.5,1380,0.7798,650,100,100,0.35,1.0,200,0.0,0,15,3,hat,badge,wristwatch,yellow,yellow,tank,sg,front,2,no,yes,yes,self,4,7.63,no,no,111386,4757,2792,0.6262,7077,615,246,505,520,2.0,1.0,1948,0.8608,350,100,100,0.0,1.0,200,0.0,0,8,1,shoes,bag,amulet,red,red,dealer,sr,back,1,no,yes,no,,3,2.47,yes,no,46867,10930,108,0.0609,5715,1128,201,1382,100,2.26,0.5,1980,0.8644,750,100,136,0.0,1.0,200,0.0,0,20,1,gloves,hairpin,wristwatch,yellow,red,tank,smg,front,1,yes,yes,no,,3,8.83,no,no,134170,3913,148,0.0816,6197,109,2219,518,520,2.0,0.8,1264,0.7583,350,100,100,0.35,1.0,200,0.0,0,20,4,shoes,badge,amulet,blue,blue,dealer,ar,middle,0,yes,yes,no,,3,3.33,no,no,69289,6276,108,0.0609,5932,709,1239,733,100,2.46,0.5,1380,0.7798,650,100,100,0.35,1.0,200,0.0,0,15,3,hat,badge,wristwatch,yellow,yellow,tank,sg,front,2,no,yes,yes,self,4,7.63,no,no,111386,4757,2792,0.6262,7077,615,246,505,520,2.0,1.0,1948,0.8608,350,100,100,0.0,1.0,200,0.0,0,8,1,shoes,bag,amulet,yellow,yellow,dealer,sr,back,1,no,yes,no,,3,7.33,no,no,52713,8067,113,0.0635,5497,1491,194,824,100,2.46,0.5,2056,0.8728,650,100,136,0.0,1.0,200,0.0,0,5,1,hat,hairpin,wristwatch,yellow,red,tank,smg,front,1,yes,yes,no,,3,8.83,no,no,134170,3913,148,0.0816,6197,109,2219,518,520,2.0,0.8,1264,0.7583,350,100,100,0.35,1.0,200,0.0,0,20,4,shoes,badge,amulet,yellow,red,support,1,no,yes,no,,4,14.53,no,46530,7493,1804,8526,1160,191,1241,2.26,2194,0.8869,100,100,0.0,1.0,gloves,bag,wristwatch,blue,support,2,yes,no,,3,4.93,yes,43517,8150,2060,8069,660,786,734,2.46,1582,0.8127,100,100,0.0,1.0,hat,bag,wristwatch,yellow,red,support,1,no,yes,no,4,14.53,no,46530,7493,1804,8526,1160,191,1241,2.26,2194,0.8869,100,100,0.0,1.0,gloves,bag,wristwatch,blue,support,2,yes,no,3,4.93,yes,43517,8150,2060,8069,660,786,734,2.46,1582,0.8127,100,100,0.0,1.0,hat,bag,wristwatch,1.1,0.45,1.0,0.3,0.8,0.0,1.3,0.75,1.1,0.45,1.0,0.3,1.3,0.75,1.3,0.75,1.0,0.3,0.8,0.0,1.0,0.3,0.8,0.0,20,3.333333333333333,0.5163977794943222,20,3.333333333333333,0.5163977794943222,0,0.0,0.0,41.72,6.953333333333333,4.44315953648602,46.58,7.763333333333333,3.868160630928693,4.859999999999999,0.8099999999999996,-0.5749989055573268,451759,75293.16666666667,38601.33576661132,457605,76267.5,37805.916567384,5846,974.3333333333284,-795.419199227319,41519,6919.833333333333,2532.061722523104,38656,6442.666666666667,1784.6629560414667,-2863,-477.16666666666606,-747.3987664816373,7020,1170.0,1193.7430209220072,7025,1170.8333333333333,1192.854796975167,5,0.8333333333332575,-0.8882239468402986,41516,6919.333333333333,1172.6023480560946,41298,6883.0,1219.8093293625852,-218,-36.33333333333303,47.20698130649066,4381,730.1666666666666,386.6551004017233,4744,790.6666666666666,478.77872411654494,363,60.5,92.12362371482168,4882,813.6666666666666,805.2273384993002,4875,812.5,806.2969056123185,-7,-1.1666666666666288,1.0695671130182518,5113,852.1666666666666,372.0942980840565,4555,759.1666666666666,268.494630610496,-558,-93.0,-103.59966747356054,0.5,0.5,0.5,0.5,0.25,0.5,0.25,0.25,0.5,0.25,17.465483588272786,25.596804708850115,15.09408702119747,31.117812420138,19.798139738687063,22.055838763926843,8.457502287282708,26.81309097878865,22.318546934614595,19.281142942171314,-3.0374039924432807,16.250367009208595,13.449493865030677,14.849930437119635,14.002352195382358,15.245782208588956,14.62406720198566,-0.2258632351339766
reisa,tshiroko,marina,hoshino,minori,sshiroko,iori,marina,tshiroko,hoshino,sayane,sshiroko,0,yellow,yellow,tank,sg,front,1,no,yes,yes,self,3,4.93,no,yes,122892,5025,2597,0.6091,8080,655,217,518,520,2.0,0.8,1812,0.8444,350,100,100,0.0,1.0,200,0.0,0,8,2,shoes,bag,amulet,blue,blue,dealer,ar,middle,0,yes,yes,no,,3,3.33,no,no,69289,6276,108,0.0609,5932,709,1239,733,100,2.46,0.5,1380,0.7798,650,100,100,0.35,1.0,200,0.0,0,15,3,hat,badge,wristwatch,yellow,red,tank,smg,front,1,yes,yes,no,,3,8.83,no,no,134170,3913,148,0.0816,6197,109,2219,518,520,2.0,0.8,1264,0.7583,350,100,100,0.35,1.0,200,0.0,0,20,4,shoes,badge,amulet,yellow,yellow,tank,sg,front,2,no,yes,yes,self,4,7.63,no,no,111386,4757,2792,0.6262,7077,615,246,505,520,2.0,1.0,1948,0.8608,350,100,100,0.0,1.0,200,0.0,0,8,1,shoes,bag,amulet,yellow,yellow,dealer,sr,back,1,no,yes,no,,3,7.33,no,no,52713,8067,113,0.0635,5497,1491,194,824,100,2.46,0.5,2056,0.8728,650,100,136,0.0,1.0,200,0.0,0,5,1,hat,hairpin,wristwatch,yellow,red,tank,smg,front,1,yes,yes,no,,3,8.83,no,no,134170,3913,148,0.0816,6197,109,2219,518,520,2.0,0.8,1264,0.7583,350,100,100,0.35,1.0,200,0.0,0,20,4,shoes,badge,amulet,blue,blue,dealer,ar,middle,0,yes,yes,no,,3,3.33,no,no,69289,6276,108,0.0609,5932,709,1239,733,100,2.46,0.5,1380,0.7798,650,100,100,0.35,1.0,200,0.0,0,15,3,hat,badge,wristwatch,yellow,yellow,tank,sg,front,2,no,yes,yes,self,4,7.63,no,no,111386,4757,2792,0.6262,7077,615,246,505,520,2.0,1.0,1948,0.8608,350,100,100,0.0,1.0,200,0.0,0,8,1,shoes,bag,amulet,red,,support,0,,yes,no,,4,4.8,no,43678,8106,2062,8023,656,791,732,2.46,1592,0.8142,100,100,0.0,1.0,hat,bag,wristwatch,blue,support,2,yes,no,,3,4.93,yes,43517,8150,2060,8069,660,786,734,2.46,1582,0.8127,100,100,0.0,1.0,hat,bag,wristwatch,yellow,red,support,1,no,yes,no,4,14.53,no,46530,7493,1804,8526,1160,191,1241,2.26,2194,0.8869,100,100,0.0,1.0,gloves,bag,wristwatch,blue,support,2,yes,no,3,4.93,yes,43517,8150,2060,8069,660,786,734,2.46,1582,0.8127,100,100,0.0,1.0,hat,bag,wristwatch,1.3,0.75,1.1,0.45,1.3,0.75,1.0,0.3,1.3,0.75,1.3,0.75,1.1,0.45,1.0,0.3,1.3,0.75,0.8,0.0,1.0,0.3,0.8,0.0,20,3.333333333333333,0.5163977794943222,20,3.333333333333333,0.5163977794943222,0,0.0,0.0,34.45,5.741666666666667,2.055435882402238,46.58,7.763333333333333,3.868160630928693,12.129999999999995,2.0216666666666656,1.8127247485264548,524932,87488.66666666667,40466.61657053461,457605,76267.5,37805.916567384,-67327,-11221.166666666672,-2660.7000031506104,36227,6037.833333333333,1787.543948177685,38656,6442.666666666667,1784.6629560414667,2429,404.83333333333394,-2.8809921362183104,9767,1627.8333333333333,1197.4670628734082,7025,1170.8333333333333,1192.854796975167,-2742,-457.0,-4.612265898241276,43378,7229.666666666667,982.9111183960972,41298,6883.0,1219.8093293625852,-2080,-346.66666666666697,236.898210966488,3404,567.3333333333334,226.51504732945816,4744,790.6666666666666,478.778724116545,1340,223.3333333333333,252.26367678708684,5498,916.3333333333334,744.6023547281238,4875,812.5,806.2969056123185,-623,-103.83333333333336,61.694550884194655,3740,623.3333333333334,120.22922550971818,4555,759.1666666666666,268.494630610496,815,135.83333333333326,148.2654051007778,0.25,0.75,0.5,0.5,0.0,0.75,0.25,0.25,0.5,0.25,14.093467212098671,29.05494505494506,25.38920092415551,23.89993693504309,20.87952736318408,19.798139738687063,26.81309097878865,22.055838763926843,23.109387531560586,22.386649211146658,-0.7227383204139279,15.17309488856266,19.551242331288343,17.3621686099255,11.4039600296077,15.245782208588956,13.324871119098328,-4.037297490827173
reisa,tshiroko,marina,hoshino,minori,sshiroko,shun,hoshino,tshiroko,marina,sayane,sshiroko,1,yellow,yellow,tank,sg,front,1,no,yes,yes,self,3,4.93,no,yes,122892,5025,2597,0.6091,8080,655,217,518,520,2.0,0.8,1812,0.8444,350,100,100,0.0,1.0,200,0.0,0,8,2,shoes,bag,amulet,blue,blue,dealer,ar,middle,0,yes,yes,no,,3,3.33,no,no,69289,6276,108,0.0609,5932,709,1239,733,100,2.46,0.5,1380,0.7798,650,100,100,0.35,1.0,200,0.0,0,15,3,hat,badge,wristwatch,yellow,red,tank,smg,front,1,yes,yes,no,,3,8.83,no,no,134170,3913,148,0.0816,6197,109,2219,518,520,2.0,0.8,1264,0.7583,350,100,100,0.35,1.0,200,0.0,0,20,4,shoes,badge,amulet,yellow,yellow,tank,sg,front,2,no,yes,yes,self,4,7.63,no,no,111386,4757,2792,0.6262,7077,615,246,505,520,2.0,1.0,1948,0.8608,350,100,100,0.0,1.0,200,0.0,0,8,1,shoes,bag,amulet,red,red,dealer,sr,back,1,no,yes,no,,3,2.47,yes,no,46867,10930,108,0.0609,5715,1128,201,1382,100,2.26,0.5,1980,0.8644,750,100,136,0.0,1.0,200,0.0,0,20,1,gloves,hairpin,wristwatch,yellow,yellow,tank,sg,front,2,no,yes,yes,self,4,7.63,no,no,111386,4757,2792,0.6262,7077,615,246,505,520,2.0,1.0,1948,0.8608,350,100,100,0.0,1.0,200,0.0,0,8,1,shoes,bag,amulet,blue,blue,dealer,ar,middle,0,yes,yes,no,,3,3.33,no,no,69289,6276,108,0.0609,5932,709,1239,733,100,2.46,0.5,1380,0.7798,650,100,100,0.35,1.0,200,0.0,0,15,3,hat,badge,wristwatch,yellow,red,tank,smg,front,1,yes,yes,no,,3,8.83,no,no,134170,3913,148,0.0816,6197,109,2219,518,520,2.0,0.8,1264,0.7583,350,100,100,0.35,1.0,200,0.0,0,20,4,shoes,badge,amulet,red,,support,0,,yes,no,,4,4.8,no,43678,8106,2062,8023,656,791,732,2.46,1592,0.8142,100,100,0.0,1.0,hat,bag,wristwatch,blue,support,2,yes,no,,3,4.93,yes,43517,8150,2060,8069,660,786,734,2.46,1582,0.8127,100,100,0.0,1.0,hat,bag,wristwatch,yellow,red,support,1,no,yes,no,4,14.53,no,46530,7493,1804,8526,1160,191,1241,2.26,2194,0.8869,100,100,0.0,1.0,gloves,bag,wristwatch,blue,support,2,yes,no,3,4.93,yes,43517,8150,2060,8069,660,786,734,2.46,1582,0.8127,100,100,0.0,1.0,hat,bag,wristwatch,1.3,0.75,1.1,0.45,1.3,0.75,1.0,0.3,0.8,0.0,1.0,0.3,1.1,0.45,1.3,0.75,1.3,0.75,0.8,0.0,1.0,0.3,0.8,0.0,20,3.333333333333333,0.5163977794943222,20,3.333333333333333,0.5163977794943222,0,0.0,0.0,34.45,5.741666666666667,2.055435882402238,41.72,6.953333333333333,4.44315953648602,7.269999999999996,1.211666666666666,2.3877236540837816,524932,87488.66666666667,40466.61657053461,451759,75293.16666666667,38601.33576661132,-73173,-12195.5,-1865.2808039232916,36227,6037.833333333333,1787.543948177685,41519,6919.833333333333,2532.061722523104,5292,882.0,744.517774345419,9767,1627.8333333333333,1197.4670628734082,7020,1170.0,1193.7430209220072,-2747,-457.83333333333326,-3.724041951400977,43378,7229.666666666667,982.9111183960972,41516,6919.333333333333,1172.6023480560946,-1862,-310.33333333333394,189.69122965999736,3404,567.3333333333334,226.51504732945816,4381,730.1666666666666,386.6551004017233,977,162.83333333333326,160.1400530722651,5498,916.3333333333334,744.6023547281238,4882,813.6666666666666,805.2273384993002,-616,-102.66666666666674,60.6249837711764,3740,623.3333333333334,120.22922550971818,5113,852.1666666666666,372.0942980840565,1373,228.8333333333333,251.86507257433837,0.25,0.75,0.5,0.5,0.0,0.75,0.25,0.25,0.5,0.25,10.062694419030192,23.89993693504309,25.38920092415551,29.05494505494506,24.231641791044776,17.465483588272782,31.117812420138,25.596804708850115,22.101694333293462,24.60293562707642,2.501241293782954,15.17309488856266,19.551242331288343,17.3621686099255,10.500940661238587,13.449493865030677,11.975217263134631,-5.38695134679087
tshiroko,shun,nyharuna,hoshino,hibiki,sshiroko,shun,hoshino,tshiroko,marina,sayane,sshiroko,0,blue,blue,dealer,ar,middle,0,yes,yes,no,,3,3.33,no,no,69289,6276,108,0.0609,5932,709,1239,733,100,2.46,0.5,1380,0.7798,650,100,100,0.35,1.0,200,0.0,0,15,3,hat,badge,wristwatch,red,red,dealer,sr,back,1,no,yes,no,,3,2.47,yes,no,46867,10930,108,0.0609,5715,1128,201,1382,100,2.26,0.5,1980,0.8644,750,100,136,0.0,1.0,200,0.0,0,20,1,gloves,hairpin,wristwatch,red,red,dealer,sr,back,2,no,yes,no,,5,4.1,no,no,47527,10880,104,0.0587,6430,1161,190,1339,100,2.26,0.5,1908,0.8561,750,100,136,0.0,1.0,200,0.0,0,5,1,gloves,hairpin,wristwatch,yellow,yellow,tank,sg,front,2,no,yes,yes,self,4,7.63,no,no,111386,4757,2792,0.6262,7077,615,246,505,520,2.0,1.0,1948,0.8608,350,100,100,0.0,1.0,200,0.0,0,8,1,shoes,bag,amulet,red,red,dealer,sr,back,1,no,yes,no,,3,2.47,yes,no,46867,10930,108,0.0609,5715,1128,201,1382,100,2.26,0.5,1980,0.8644,750,100,136,0.0,1.0,200,0.0,0,20,1,gloves,hairpin,wristwatch,yellow,yellow,tank,sg,front,2,no,yes,yes,self,4,7.63,no,no,111386,4757,2792,0.6262,7077,615,246,505,520,2.0,1.0,1948,0.8608,350,100,100,0.0,1.0,200,0.0,0,8,1,shoes,bag,amulet,blue,blue,dealer,ar,middle,0,yes,yes,no,,3,3.33,no,no,69289,6276,108,0.0609,5932,709,1239,733,100,2.46,0.5,1380,0.7798,650,100,100,0.35,1.0,200,0.0,0,15,3,hat,badge,wristwatch,yellow,red,tank,smg,front,1,yes,yes,no,,3,8.83,no,no,134170,3913,148,0.0816,6197,109,2219,518,520,2.0,0.8,1264,0.7583,350,100,100,0.35,1.0,200,0.0,0,20,4,shoes,badge,amulet,red,,support,1,,yes,no,,4,4.0,no,43506,7070,437,7437,500,201,831,2.46,1141,0.7329,100,136,0.0,1.0,hat,hairpin,wristwatch,blue,support,2,yes,no,,3,4.93,yes,43517,8150,2060,8069,660,786,734,2.46,1582,0.8127,100,100,0.0,1.0,hat,bag,wristwatch,yellow,red,support,1,no,yes,no,4,14.53,no,46530,7493,1804,8526,1160,191,1241,2.26,2194,0.8869,100,100,0.0,1.0,gloves,bag,wristwatch,blue,support,2,yes,no,3,4.93,yes,43517,8150,2060,8069,660,786,734,2.46,1582,0.8127,100,100,0.0,1.0,hat,bag,wristwatch,1.1,0.45,0.8,0.0,1.0,0.3,1.0,0.3,0.8,0.0,1.0,0.3,1.1,0.45,1.3,0.75,1.0,0.3,0.8,0.0,1.0,0.3,0.8,0.0,22,3.6666666666666665,0.816496580927726,20,3.333333333333333,0.5163977794943222,-2,-0.333333333333333,-0.3000988014334038,26.46,4.41,1.779494310190398,41.72,6.953333333333333,4.44315953648602,15.259999999999998,2.543333333333333,2.6636652262956217,362092,60348.66666666666,26824.87595249355,451759,75293.16666666667,38601.33576661132,89667,14944.500000000007,11776.459814117774,48063,8010.5,2500.2105311353284,41519,6919.833333333333,2532.061722523104,-6544,-1090.666666666667,31.851191387775543,5609,934.8333333333334,1184.946988968986,7020,1170.0,1193.7430209220072,1411,235.16666666666663,8.796031953021156,40660,6776.666666666667,911.8268841543698,41516,6919.333333333333,1172.6023480560946,856,142.66666666666606,260.7754639017247,4773,795.5,279.2452327256456,4381,730.1666666666666,386.6551004017233,-392,-65.33333333333337,107.40986767607762,2863,477.1666666666667,439.1370704764819,4882,813.6666666666666,805.2273384993002,2019,336.49999999999994,366.0902680228184,5524,920.6666666666666,357.41106119798064,5113,852.1666666666666,372.0942980840565,-411,-68.5,14.68323688607586,0.75,0.25,0.5,0.5,0.5,0.25,0.25,0.25,0.5,0.25,6.796912168344008,16.489909606895104,14.0141212555768,20.04663940710452,17.465483588272782,7.787797346752058,7.823586856617647,25.596804708850115,14.33689560948011,14.668418125123152,0.3315225156430426,10.468770852795943,10.791733128834355,10.630251990815148,12.039692362093351,13.449493865030677,12.744593113562011,2.1143411227468647
tshiroko,shun,nyharuna,hoshino,hibiki,sshiroko,nymutsuki,hoshino,tshiroko,yuuka,sayane,sshiroko,0,blue,blue,dealer,ar,middle,0,yes,yes,no,,3,3.33,no,no,69289,6276,108,0.0609,5932,709,1239,733,100,2.46,0.5,1380,0.7798,650,100,100,0.35,1.0,200,0.0,0,15,3,hat,badge,wristwatch,red,red,dealer,sr,back,1,no,yes,no,,3,2.47,yes,no,46867,10930,108,0.0609,5715,1128,201,1382,100,2.26,0.5,1980,0.8644,750,100,136,0.0,1.0,200,0.0,0,20,1,gloves,hairpin,wristwatch,red,red,dealer,sr,back,2,no,yes,no,,5,4.1,no,no,47527,10880,104,0.0587,6430,1161,190,1339,100,2.26,0.5,1908,0.8561,750,100,136,0.0,1.0,200,0.0,0,5,1,gloves,hairpin,wristwatch,yellow,yellow,tank,sg,front,2,no,yes,yes,self,4,7.63,no,no,111386,4757,2792,0.6262,7077,615,246,505,520,2.0,1.0,1948,0.8608,350,100,100,0.0,1.0,200,0.0,0,8,1,shoes,bag,amulet,blue,yellow,dealer,mg,back,1,no,yes,no,,2,4.67,no,no,62027,11562,418,0.2005,5939,324,640,1189,100,2.26,0.5,1328,0.7704,750,100,100,0.35,1.0,200,0.0,684,25,5,gloves,badge,wristwatch,yellow,yellow,tank,sg,front,2,no,yes,yes,self,4,7.63,no,no,111386,4757,2792,0.6262,7077,615,246,505,520,2.0,1.0,1948,0.8608,350,100,100,0.0,1.0,200,0.0,0,8,1,shoes,bag,amulet,blue,blue,dealer,ar,middle,0,yes,yes,no,,3,3.33,no,no,69289,6276,108,0.0609,5932,709,1239,733,100,2.46,0.5,1380,0.7798,650,100,100,0.35,1.0,200,0.0,0,15,3,hat,badge,wristwatch,red,yellow,tank,smg,front,2,no,no,yes,self,3,2.33,no,no,135192,2812,841,0.3354,6901,100,1890,500,520,2.0,0.8,1396,0.7826,350,100,100,0.35,1.0,200,0.19,0,27,3,shoes,badge,amulet,red,,support,1,,yes,no,,4,4.0,no,43506,7070,437,7437,500,201,831,2.46,1141,0.7329,100,136,0.0,1.0,hat,hairpin,wristwatch,blue,support,2,yes,no,,3,4.93,yes,43517,8150,2060,8069,660,786,734,2.46,1582,0.8127,100,100,0.0,1.0,hat,bag,wristwatch,yellow,red,support,1,no,yes,no,4,14.53,no,46530,7493,1804,8526,1160,191,1241,2.26,2194,0.8869,100,100,0.0,1.0,gloves,bag,wristwatch,blue,support,2,yes,no,3,4.93,yes,43517,8150,2060,8069,660,786,734,2.46,1582,0.8127,100,100,0.0,1.0,hat,bag,wristwatch,1.1,0.45,0.8,0.0,1.0,0.3,1.0,0.3,1.0,0.3,1.0,0.3,1.1,0.45,1.1,0.45,1.0,0.3,0.8,0.0,1.0,0.3,0.8,0.0,22,3.6666666666666665,0.816496580927726,19,3.1666666666666665,0.752772652709081,-3,-0.5,-0.063723928218645,26.46,4.41,1.779494310190398,37.42,6.236666666666667,4.4405705339141575,10.96,1.826666666666667,2.6610762237237595,362092,60348.66666666666,26824.87595249355,467941,77990.16666666667,37137.5974420353,105849,17641.500000000007,10312.721489541753,48063,8010.5,2500.2105311353284,41050,6841.666666666667,3010.6990993233894,-7013,-1168.833333333333,510.488568188061,5609,934.8333333333334,1184.946988968986,8023,1337.1666666666667,1044.879020110303,2414,402.33333333333337,-140.06796885868312,40660,6776.666666666667,911.8268841543698,42444,7074.0,1069.6406873338356,1784,297.33333333333303,157.8138031794657,4773,795.5,279.2452327256456,3568,594.6666666666666,362.0252293234087,-1205,-200.83333333333337,82.7799965977631,2863,477.1666666666667,439.1370704764819,4992,832.0,644.7123389543588,2129,354.8333333333333,205.57526847787688,5524,920.6666666666666,357.41106119798064,4902,817.0,325.55736821641744,-622,-103.66666666666664,-31.8536929815632,0.75,0.25,0.5,0.5,0.5,0.25,0.25,0.25,0.5,0.25,7.607042466701262,16.489909606895104,14.0141212555768,26.41900782361309,25.966160771191845,10.228339432753888,10.275344669117649,11.750656926634434,16.132520288196563,14.555125449924455,-1.5773948382721077,10.468770852795943,10.791733128834355,10.630251990815148,15.812694483734086,19.995536809815952,17.90411564677502,7.27386365595987
marina,shun,tshiroko,nyharuna,sayane,sshiroko,tshiroko,haruka,hoshino,marina,sayane,sshiroko,1,yellow,red,tank,smg,front,1,yes,yes,no,,3,8.83,no,no,134170,3913,148,0.0816,6197,109,2219,518,520,2.0,0.8,1264,0.7583,350,100,100,0.35,1.0,200,0.0,0,20,4,shoes,badge,amulet,red,red,dealer,sr,back,1,no,yes,no,,3,2.47,yes,no,46867,10930,108,0.0609,5715,1128,201,1382,100,2.26,0.5,1980,0.8644,750,100,136,0.0,1.0,200,0.0,0,20,1,gloves,hairpin,wristwatch,blue,blue,dealer,ar,middle,0,yes,yes,no,,3,3.33,no,no,69289,6276,108,0.0609,5932,709,1239,733,100,2.46,0.5,1380,0.7798,650,100,100,0.35,1.0,200,0.0,0,15,3,hat,badge,wristwatch,red,red,dealer,sr,back,2,no,yes,no,,5,4.1,no,no,47527,10880,104,0.0587,6430,1161,190,1339,100,2.26,0.5,1908,0.8561,750,100,136,0.0,1.0,200,0.0,0,5,1,gloves,hairpin,wristwatch,blue,blue,dealer,ar,middle,0,yes,yes,no,,3,3.33,no,no,69289,6276,108,0.0609,5932,709,1239,733,100,2.46,0.5,1380,0.7798,650,100,100,0.35,1.0,200,0.0,0,15,3,hat,badge,wristwatch,red,red,tank,sg,front,1,no,yes,no,,4,5.67,no,no,150581,3216,2700,0.6183,5596,593,237,497,520,2.0,0.8,2020,0.8689,350,100,100,0.0,1.0,200,0.0,0,8,1,shoes,bag,amulet,yellow,yellow,tank,sg,front,2,no,yes,yes,self,4,7.63,no,no,111386,4757,2792,0.6262,7077,615,246,505,520,2.0,1.0,1948,0.8608,350,100,100,0.0,1.0,200,0.0,0,8,1,shoes,bag,amulet,yellow,red,tank,smg,front,1,yes,yes,no,,3,8.83,no,no,134170,3913,148,0.0816,6197,109,2219,518,520,2.0,0.8,1264,0.7583,350,100,100,0.35,1.0,200,0.0,0,20,4,shoes,badge,amulet,yellow,red,support,1,no,yes,no,,4,14.53,no,46530,7493,1804,8526,1160,191,1241,2.26,2194,0.8869,100,100,0.0,1.0,gloves,bag,wristwatch,blue,support,2,yes,no,,3,4.93,yes,43517,8150,2060,8069,660,786,734,2.46,1582,0.8127,100,100,0.0,1.0,hat,bag,wristwatch,yellow,red,support,1,no,yes,no,4,14.53,no,46530,7493,1804,8526,1160,191,1241,2.26,2194,0.8869,100,100,0.0,1.0,gloves,bag,wristwatch,blue,support,2,yes,no,3,4.93,yes,43517,8150,2060,8069,660,786,734,2.46,1582,0.8127,100,100,0.0,1.0,hat,bag,wristwatch,1.3,0.75,0.8,0.0,1.1,0.45,1.0,0.3,1.1,0.45,1.1,0.45,1.0,0.3,1.3,0.75,1.0,0.3,0.8,0.0,1.0,0.3,0.8,0.0,21,3.5,0.8366600265340756,21,3.5,0.5477225575051661,0,0.0,-0.2889374690289095,38.19,6.364999999999999,4.567606594267943,44.92,7.486666666666667,3.963542186815559,6.730000000000004,1.121666666666668,-0.604064407452384,387900,64650.0,35323.989095231016,555473,92578.83333333331,45864.497988822106,167573,27928.83333333333,10540.50889359109,47642,7940.333333333333,2713.4197365440286,33805,5634.166666666667,1988.7682033526848,-13837,-2306.166666666666,-724.6515331913438,4332,722.0,940.8889413740604,9612,1602.0,1201.534352401129,5280,880.0,260.6454110270686,40869,6811.5,1184.8883069724336,41397,6899.5,1197.7824092880976,528,88.0,12.894102315663986,4927,821.1666666666666,417.17594209957343,3846,641.0,334.7685767810354,-1081,-180.16666666666663,-82.40736531853804,4826,804.3333333333334,813.406089641986,4918,819.6666666666666,799.8654053443408,92,15.333333333333258,-13.540684297645155,5947,991.1666666666666,372.2436925814415,4228,704.6666666666666,285.36059059839823,-1719,-286.5,-86.88310198304322,0.75,0.25,0.25,0.75,0.5,0.25,0.25,0.0,0.75,0.25,10.484723550031868,19.656405472636816,27.66538784948497,33.63257091745464,44.37030411449017,8.973913540713632,21.596857074569787,9.015153952205882,22.859771947402077,20.989057170494878,-1.8707147769071997,17.563626050980915,8.073880368098159,12.818753209539535,23.171093020152146,16.63090490797546,19.9009989640638,7.082245754524262
hoshino,marina,tshiroko,iori,sayane,sshiroko,marina,haruka,hoshino,tshiroko,sayane,sshiroko,0,yellow,yellow,tank,sg,front,2,no,yes,yes,self,4,7.63,no,no,111386,4757,2792,0.6262,7077,615,246,505,520,2.0,1.0,1948,0.8608,350,100,100,0.0,1.0,200,0.0,0,8,1,shoes,bag,amulet,yellow,red,tank,smg,front,1,yes,yes,no,,3,8.83,no,no,134170,3913,148,0.0816,6197,109,2219,518,520,2.0,0.8,1264,0.7583,350,100,100,0.35,1.0,200,0.0,0,20,4,shoes,badge,amulet,blue,blue,dealer,ar,middle,0,yes,yes,no,,3,3.33,no,no,69289,6276,108,0.0609,5932,709,1239,733,100,2.46,0.5,1380,0.7798,650,100,100,0.35,1.0,200,0.0,0,15,3,hat,badge,wristwatch,yellow,yellow,dealer,sr,back,1,no,yes,no,,3,7.33,no,no,52713,8067,113,0.0635,5497,1491,194,824,100,2.46,0.5,2056,0.8728,650,100,136,0.0,1.0,200,0.0,0,5,1,hat,hairpin,wristwatch,yellow,red,tank,smg,front,1,yes,yes,no,,3,8.83,no,no,134170,3913,148,0.0816,6197,109,2219,518,520,2.0,0.8,1264,0.7583,350,100,100,0.35,1.0,200,0.0,0,20,4,shoes,badge,amulet,red,red,tank,sg,front,1,no,yes,no,,4,5.67,no,no,150581,3216,2700,0.6183,5596,593,237,497,520,2.0,0.8,2020,0.8689,350,100,100,0.0,1.0,200,0.0,0,8,1,shoes,bag,amulet,yellow,yellow,tank,sg,front,2,no,yes,yes,self,4,7.63,no,no,111386,4757,2792,0.6262,7077,615,246,505,520,2.0,1.0,1948,0.8608,350,100,100,0.0,1.0,200,0.0,0,8,1,shoes,bag,amulet,blue,blue,dealer,ar,middle,0,yes,yes,no,,3,3.33,no,no,69289,6276,108,0.0609,5932,709,1239,733,100,2.46,0.5,1380,0.7798,650,100,100,0.35,1.0,200,0.0,0,15,3,hat,badge,wristwatch,yellow,red,support,1,no,yes,no,,4,14.53,no,46530,7493,1804,8526,1160,191,1241,2.26,2194,0.8869,100,100,0.0,1.0,gloves,bag,wristwatch,blue,support,2,yes,no,,3,4.93,yes,43517,8150,2060,8069,660,786,734,2.46,1582,0.8127,100,100,0.0,1.0,hat,bag,wristwatch,yellow,red,support,1,no,yes,no,4,14.53,no,46530,7493,1804,8526,1160,191,1241,2.26,2194,0.8869,100,100,0.0,1.0,gloves,bag,wristwatch,blue,support,2,yes,no,3,4.93,yes,43517,8150,2060,8069,660,786,734,2.46,1582,0.8127,100,100,0.0,1.0,hat,bag,wristwatch,1.0,0.3,1.3,0.75,1.1,0.45,1.3,0.75,1.3,0.75,1.1,0.45,1.0,0.3,1.1,0.45,1.0,0.3,0.8,0.0,1.0,0.3,0.8,0.0,20,3.333333333333333,0.5163977794943222,21,3.5,0.5477225575051661,1,0.1666666666666665,0.0313247780108438,46.58,7.763333333333333,3.868160630928693,44.92,7.486666666666667,3.963542186815559,-1.6599999999999966,-0.2766666666666655,0.095381555886866,457605,76267.5,37805.916567384,555473,92578.83333333331,45864.4979888221,97868,16311.333333333328,8058.581421438095,38656,6442.666666666667,1784.6629560414667,33805,5634.166666666667,1988.7682033526848,-4851,-808.5,204.1052473112181,7025,1170.8333333333333,1192.854796975167,9612,1602.0,1201.534352401129,2587,431.16666666666674,8.679555425962008,41298,6883.0,1219.8093293625852,41397,6899.5,1197.7824092880976,99,16.5,-22.026920074487634,4744,790.6666666666666,478.77872411654494,3846,641.0,334.7685767810354,-898,-149.66666666666663,-144.01014733550954,4875,812.5,806.2969056123185,4918,819.6666666666666,799.8654053443408,43,7.166666666666629,-6.43150026797764,4555,759.1666666666666,268.494630610496,4228,704.6666666666666,285.36059059839823,-327,-54.5,16.865959987902272,0.5,0.5,0.25,0.75,0.25,0.5,0.25,0.0,0.75,0.25,26.81309097878865,28.743936567164177,22.055838763926843,19.798139738687063,36.49800294303133,44.37030411449016,21.59685707456979,21.52237510846659,24.352751512141683,30.996884810139477,6.64413329799779,14.002352195382356,15.245782208588956,14.624067201985657,23.171093020152146,16.63090490797546,19.90099896406381,5.276931762078149
hoshino,marina,tshiroko,iori,sayane,sshiroko,tshiroko,marina,hoshino,haruka,sayane,sshiroko,1,yellow,yellow,tank,sg,front,2,no,yes,yes,self,4,7.63,no,no,111386,4757,2792,0.6262,7077,615,246,505,520,2.0,1.0,1948,0.8608,350,100,100,0.0,1.0,200,0.0,0,8,1,shoes,bag,amulet,yellow,red,tank,smg,front,1,yes,yes,no,,3,8.83,no,no,134170,3913,148,0.0816,6197,109,2219,518,520,2.0,0.8,1264,0.7583,350,100,100,0.35,1.0,200,0.0,0,20,4,shoes,badge,amulet,blue,blue,dealer,ar,middle,0,yes,yes,no,,3,3.33,no,no,69289,6276,108,0.0609,5932,709,1239,733,100,2.46,0.5,1380,0.7798,650,100,100,0.35,1.0,200,0.0,0,15,3,hat,badge,wristwatch,yellow,yellow,dealer,sr,back,1,no,yes,no,,3,7.33,no,no,52713,8067,113,0.0635,5497,1491,194,824,100,2.46,0.5,2056,0.8728,650,100,136,0.0,1.0,200,0.0,0,5,1,hat,hairpin,wristwatch,blue,blue,dealer,ar,middle,0,yes,yes,no,,3,3.33,no,no,69289,6276,108,0.0609,5932,709,1239,733,100,2.46,0.5,1380,0.7798,650,100,100,0.35,1.0,200,0.0,0,15,3,hat,badge,wristwatch,yellow,red,tank,smg,front,1,yes,yes,no,,3,8.83,no,no,134170,3913,148,0.0816,6197,109,2219,518,520,2.0,0.8,1264,0.7583,350,100,100,0.35,1.0,200,0.0,0,20,4,shoes,badge,amulet,yellow,yellow,tank,sg,front,2,no,yes,yes,self,4,7.63,no,no,111386,4757,2792,0.6262,7077,615,246,505,520,2.0,1.0,1948,0.8608,350,100,100,0.0,1.0,200,0.0,0,8,1,shoes,bag,amulet,red,red,tank,sg,front,1,no,yes,no,,4,5.67,no,no,150581,3216,2700,0.6183,5596,593,237,497,520,2.0,0.8,2020,0.8689,350,100,100,0.0,1.0,200,0.0,0,8,1,shoes,bag,amulet,yellow,red,support,1,no,yes,no,,4,14.53,no,46530,7493,1804,8526,1160,191,1241,2.26,2194,0.8869,100,100,0.0,1.0,gloves,bag,wristwatch,blue,support,2,yes,no,,3,4.93,yes,43517,8150,2060,8069,660,786,734,2.46,1582,0.8127,100,100,0.0,1.0,hat,bag,wristwatch,yellow,red,support,1,no,yes,no,4,14.53,no,46530,7493,1804,8526,1160,191,1241,2.26,2194,0.8869,100,100,0.0,1.0,gloves,bag,wristwatch,blue,support,2,yes,no,3,4.93,yes,43517,8150,2060,8069,660,786,734,2.46,1582,0.8127,100,100,0.0,1.0,hat,bag,wristwatch,1.0,0.3,1.3,0.75,1.1,0.45,1.3,0.75,1.1,0.45,1.3,0.75,1.0,0.3,1.1,0.45,1.0,0.3,0.8,0.0,1.0,0.3,0.8,0.0,20,3.333333333333333,0.5163977794943222,21,3.5,0.5477225575051661,1,0.1666666666666665,0.0313247780108438,46.58,7.763333333333333,3.868160630928693,44.92,7.486666666666667,3.963542186815559,-1.6599999999999966,-0.2766666666666655,0.095381555886866,457605,76267.5,37805.916567384,555473,92578.83333333331,45864.497988822106,97868,16311.333333333328,8058.581421438103,38656,6442.666666666667,1784.6629560414667,33805,5634.166666666667,1988.7682033526848,-4851,-808.5,204.1052473112181,7025,1170.8333333333333,1192.854796975167,9612,1602.0,1201.534352401129,2587,431.16666666666674,8.679555425962008,41298,6883.0,1219.8093293625852,41397,6899.5,1197.7824092880976,99,16.5,-22.026920074487634,4744,790.6666666666666,478.77872411654494,3846,641.0,334.7685767810354,-898,-149.66666666666663,-144.01014733550954,4875,812.5,806.2969056123185,4918,819.6666666666666,799.8654053443408,43,7.166666666666629,-6.43150026797764,4555,759.1666666666666,268.494630610496,4228,704.6666666666666,285.36059059839823,-327,-54.5,16.865959987902272,0.5,0.5,0.25,0.75,0.25,0.5,0.25,0.0,0.75,0.25,19.798139738687063,26.81309097878865,22.055838763926843,28.743936567164177,36.49800294303133,44.37030411449017,21.59685707456979,21.52237510846659,24.35275151214168,30.99688481013947,6.64413329799779,14.002352195382356,15.245782208588956,14.624067201985657,23.171093020152146,16.630904907975463,19.900998964063803,5.276931762078146
marina,tshiroko,shun,haruka,sayane,sshiroko,haruka,marina,hoshino,tshiroko,sayane,sshiroko,0,yellow,red,tank,smg,front,1,yes,yes,no,,3,8.83,no,no,134170,3913,148,0.0816,6197,109,2219,518,520,2.0,0.8,1264,0.7583,350,100,100,0.35,1.0,200,0.0,0,20,4,shoes,badge,amulet,blue,blue,dealer,ar,middle,0,yes,yes,no,,3,3.33,no,no,69289,6276,108,0.0609,5932,709,1239,733,100,2.46,0.5,1380,0.7798,650,100,100,0.35,1.0,200,0.0,0,15,3,hat,badge,wristwatch,red,red,dealer,sr,back,1,no,yes,no,,3,2.47,yes,no,46867,10930,108,0.0609,5715,1128,201,1382,100,2.26,0.5,1980,0.8644,750,100,136,0.0,1.0,200,0.0,0,20,1,gloves,hairpin,wristwatch,red,red,tank,sg,front,1,no,yes,no,,4,5.67,no,no,150581,3216,2700,0.6183,5596,593,237,497,520,2.0,0.8,2020,0.8689,350,100,100,0.0,1.0,200,0.0,0,8,1,shoes,bag,amulet,red,red,tank,sg,front,1,no,yes,no,,4,5.67,no,no,150581,3216,2700,0.6183,5596,593,237,497,520,2.0,0.8,2020,0.8689,350,100,100,0.0,1.0,200,0.0,0,8,1,shoes,bag,amulet,yellow,red,tank,smg,front,1,yes,yes,no,,3,8.83,no,no,134170,3913,148,0.0816,6197,109,2219,518,520,2.0,0.8,1264,0.7583,350,100,100,0.35,1.0,200,0.0,0,20,4,shoes,badge,amulet,yellow,yellow,tank,sg,front,2,no,yes,yes,self,4,7.63,no,no,111386,4757,2792,0.6262,7077,615,246,505,520,2.0,1.0,1948,0.8608,350,100,100,0.0,1.0,200,0.0,0,8,1,shoes,bag,amulet,blue,blue,dealer,ar,middle,0,yes,yes,no,,3,3.33,no,no,69289,6276,108,0.0609,5932,709,1239,733,100,2.46,0.5,1380,0.7798,650,100,100,0.35,1.0,200,0.0,0,15,3,hat,badge,wristwatch,yellow,red,support,1,no,yes,no,,4,14.53,no,46530,7493,1804,8526,1160,191,1241,2.26,2194,0.8869,100,100,0.0,1.0,gloves,bag,wristwatch,blue,support,2,yes,no,,3,4.93,yes,43517,8150,2060,8069,660,786,734,2.46,1582,0.8127,100,100,0.0,1.0,hat,bag,wristwatch,yellow,red,support,1,no,yes,no,4,14.53,no,46530,7493,1804,8526,1160,191,1241,2.26,2194,0.8869,100,100,0.0,1.0,gloves,bag,wristwatch,blue,support,2,yes,no,3,4.93,yes,43517,8150,2060,8069,660,786,734,2.46,1582,0.8127,100,100,0.0,1.0,hat,bag,wristwatch,1.3,0.75,1.1,0.45,0.8,0.0,1.1,0.45,1.1,0.45,1.3,0.75,1.0,0.3,1.1,0.45,1.0,0.3,0.8,0.0,1.0,0.3,0.8,0.0,20,3.333333333333333,0.5163977794943222,21,3.5,0.5477225575051661,1,0.1666666666666665,0.0313247780108438,39.76,6.626666666666666,4.455493986828696,44.92,7.486666666666667,3.963542186815559,5.160000000000004,0.8600000000000012,-0.4919518000131369,490954,81825.66666666667,48082.9273387828,555473,92578.83333333331,45864.4979888221,64519,10753.166666666655,-2218.429349960701,39978,6663.0,2853.118854867424,33805,5634.166666666667,1988.7682033526848,-6173,-1028.833333333333,-864.3506515147392,6928,1154.6666666666667,1169.0780413071946,9612,1602.0,1201.534352401129,2684,447.33333333333326,32.456311093934346,40035,6672.5,1283.4152484679305,41397,6899.5,1197.7824092880976,1362,227.0,-85.6328391798329,4359,726.5,388.0673910546981,3846,641.0,334.7685767810354,-513,-85.5,-53.29881427366274,4873,812.1666666666666,806.503668104905,4918,819.6666666666666,799.8654053443408,45,7.5,-6.638262760564203,5105,850.8333333333334,373.59840292306745,4228,704.6666666666666,285.36059059839823,-877,-146.16666666666674,-88.23781232466922,0.5,0.5,0.25,0.75,0.25,0.5,0.25,0.0,0.75,0.25,23.66192475124378,46.80072834142602,38.49721463107,14.589806405353729,44.37030411449016,21.59685707456979,8.973913540713632,30.4990282960199,30.887418532273383,26.360025756448373,-4.52739277582501,24.4403109568931,11.23504601226994,17.83767848458152,23.171093020152146,16.63090490797546,19.900998964063803,2.0633204794822824
marina,tshiroko,shun,haruka,sayane,sshiroko,tshiroko,marina,hoshino,shun,sayane,sshiroko,0,yellow,red,tank,smg,front,1,yes,yes,no,,3,8.83,no,no,134170,3913,148,0.0816,6197,109,2219,518,520,2.0,0.8,1264,0.7583,350,100,100,0.35,1.0,200,0.0,0,20,4,shoes,badge,amulet,blue,blue,dealer,ar,middle,0,yes,yes,no,,3,3.33,no,no,69289,6276,108,0.0609,5932,709,1239,733,100,2.46,0.5,1380,0.7798,650,100,100,0.35,1.0,200,0.0,0,15,3,hat,badge,wristwatch,red,red,dealer,sr,back,1,no,yes,no,,3,2.47,yes,no,46867,10930,108,0.0609,5715,1128,201,1382,100,2.26,0.5,1980,0.8644,750,100,136,0.0,1.0,200,0.0,0,20,1,gloves,hairpin,wristwatch,red,red,tank,sg,front,1,no,yes,no,,4,5.67,no,no,150581,3216,2700,0.6183,5596,593,237,497,520,2.0,0.8,2020,0.8689,350,100,100,0.0,1.0,200,0.0,0,8,1,shoes,bag,amulet,blue,blue,dealer,ar,middle,0,yes,yes,no,,3,3.33,no,no,69289,6276,108,0.0609,5932,709,1239,733,100,2.46,0.5,1380,0.7798,650,100,100,0.35,1.0,200,0.0,0,15,3,hat,badge,wristwatch,yellow,red,tank,smg,front,1,yes,yes,no,,3,8.83,no,no,134170,3913,148,0.0816,6197,109,2219,518,520,2.0,0.8,1264,0.7583,350,100,100,0.35,1.0,200,0.0,0,20,4,shoes,badge,amulet,yellow,yellow,tank,sg,front,2,no,yes,yes,self,4,7.63,no,no,111386,4757,2792,0.6262,7077,615,246,505,520,2.0,1.0,1948,0.8608,350,100,100,0.0,1.0,200,0.0,0,8,1,shoes,bag,amulet,red,red,dealer,sr,back,1,no,yes,no,,3,2.47,yes,no,46867,10930,108,0.0609,5715,1128,201,1382,100,2.26,0.5,1980,0.8644,750,100,136,0.0,1.0,200,0.0,0,20,1,gloves,hairpin,wristwatch,yellow,red,support,1,no,yes,no,,4,14.53,no,46530,7493,1804,8526,1160,191,1241,2.26,2194,0.8869,100,100,0.0,1.0,gloves,bag,wristwatch,blue,support,2,yes,no,,3,4.93,yes,43517,8150,2060,8069,660,786,734,2.46,1582,0.8127,100,100,0.0,1.0,hat,bag,wristwatch,yellow,red,support,1,no,yes,no,4,14.53,no,46530,7493,1804,8526,1160,191,1241,2.26,2194,0.8869,100,100,0.0,1.0,gloves,bag,wristwatch,blue,support,2,yes,no,3,4.93,yes,43517,8150,2060,8069,660,786,734,2.46,1582,0.8127,100,100,0.0,1.0,hat,bag,wristwatch,1.3,0.75,1.1,0.45,0.8,0.0,1.1,0.45,1.1,0.45,1.3,0.75,1.0,0.3,0.8,0.0,1.0,0.3,0.8,0.0,1.0,0.3,0.8,0.0,20,3.333333333333333,0.5163977794943222,20,3.333333333333333,0.5163977794943222,0,0.0,0.0,39.76,6.626666666666666,4.455493986828696,41.72,6.953333333333333,4.44315953648602,1.9600000000000009,0.3266666666666671,-0.0123344503426761,490954,81825.66666666667,48082.9273387828,451759,75293.16666666667,38601.33576661132,-39195,-6532.5,-9481.591572171475,39978,6663.0,2853.118854867424,41519,6919.833333333333,2532.061722523104,1541,256.83333333333303,-321.05713234432005,6928,1154.6666666666667,1169.0780413071946,7020,1170.0,1193.7430209220072,92,15.333333333333258,24.66497961481264,40035,6672.5,1283.4152484679305,41516,6919.333333333333,1172.6023480560946,1481,246.83333333333303,-110.81290041183593,4359,726.5,388.0673910546981,4381,730.1666666666666,386.6551004017233,22,3.6666666666666288,-1.4122906529748889,4873,812.1666666666666,806.503668104905,4882,813.6666666666666,805.2273384993002,9,1.5,-1.2763296056048148,5105,850.8333333333334,373.59840292306745,5113,852.1666666666666,372.0942980840565,8,1.3333333333332575,-1.5041048390110063,0.5,0.5,0.5,0.5,0.25,0.5,0.25,0.25,0.5,0.25,14.589806405353729,46.80072834142602,38.49721463107,6.962191216834401,31.117812420138,17.465483588272786,7.787797346752058,26.467856032338307,26.712485148671043,20.709737346875286,-6.002747801795756,24.4403109568931,11.23504601226994,17.83767848458152,16.250367009208595,13.449493865030677,14.849930437119635,-2.987748047461885
shun,hoshino,marina,tshiroko,nagisa,sshiroko,tshiroko,haruka,hoshino,marina,sayane,sshiroko,0,red,red,dealer,sr,back,1,no,yes,no,,3,2.47,yes,no,46867,10930,108,0.0609,5715,1128,201,1382,100,2.26,0.5,1980,0.8644,750,100,136,0.0,1.0,200,0.0,0,20,1,gloves,hairpin,wristwatch,yellow,yellow,tank,sg,front,2,no,yes,yes,self,4,7.63,no,no,111386,4757,2792,0.6262,7077,615,246,505,520,2.0,1.0,1948,0.8608,350,100,100,0.0,1.0,200,0.0,0,8,1,shoes,bag,amulet,yellow,red,tank,smg,front,1,yes,yes,no,,3,8.83,no,no,134170,3913,148,0.0816,6197,109,2219,518,520,2.0,0.8,1264,0.7583,350,100,100,0.35,1.0,200,0.0,0,20,4,shoes,badge,amulet,blue,blue,dealer,ar,middle,0,yes,yes,no,,3,3.33,no,no,69289,6276,108,0.0609,5932,709,1239,733,100,2.46,0.5,1380,0.7798,650,100,100,0.35,1.0,200,0.0,0,15,3,hat,badge,wristwatch,blue,blue,dealer,ar,middle,0,yes,yes,no,,3,3.33,no,no,69289,6276,108,0.0609,5932,709,1239,733,100,2.46,0.5,1380,0.7798,650,100,100,0.35,1.0,200,0.0,0,15,3,hat,badge,wristwatch,red,red,tank,sg,front,1,no,yes,no,,4,5.67,no,no,150581,3216,2700,0.6183,5596,593,237,497,520,2.0,0.8,2020,0.8689,350,100,100,0.0,1.0,200,0.0,0,8,1,shoes,bag,amulet,yellow,yellow,tank,sg,front,2,no,yes,yes,self,4,7.63,no,no,111386,4757,2792,0.6262,7077,615,246,505,520,2.0,1.0,1948,0.8608,350,100,100,0.0,1.0,200,0.0,0,8,1,shoes,bag,amulet,yellow,red,tank,smg,front,1,yes,yes,no,,3,8.83,no,no,134170,3913,148,0.0816,6197,109,2219,518,520,2.0,0.8,1264,0.7583,350,100,100,0.35,1.0,200,0.0,0,20,4,shoes,badge,amulet,red,,support,1,,yes,yes,one,3,6.83,no,44099,7734,2061,11519,759,977,682,2.46,1132,0.731,100,100,0.0,1.0,hat,bag,wristwatch,blue,support,2,yes,no,,3,4.93,yes,43517,8150,2060,8069,660,786,734,2.46,1582,0.8127,100,100,0.0,1.0,hat,bag,wristwatch,yellow,red,support,1,no,yes,no,4,14.53,no,46530,7493,1804,8526,1160,191,1241,2.26,2194,0.8869,100,100,0.0,1.0,gloves,bag,wristwatch,blue,support,2,yes,no,3,4.93,yes,43517,8150,2060,8069,660,786,734,2.46,1582,0.8127,100,100,0.0,1.0,hat,bag,wristwatch,0.8,0.0,1.0,0.3,1.3,0.75,1.1,0.45,1.1,0.45,1.1,0.45,1.0,0.3,1.3,0.75,1.3,0.75,0.8,0.0,1.0,0.3,0.8,0.0,19,3.1666666666666665,0.4082482904638629,21,3.5,0.5477225575051661,2,0.3333333333333335,0.1394742670413031,34.02,5.669999999999999,2.5074289621044104,44.92,7.486666666666667,3.963542186815559,10.900000000000006,1.816666666666668,1.4561132247111486,449328,74888.0,38974.5735884307,555473,92578.83333333331,45864.497988822106,106145,17690.83333333333,6889.924400391406,41760,6960.0,2544.8516656182537,33805,5634.166666666667,1988.7682033526848,-7955,-1325.833333333333,-556.0834622655689,7277,1212.8333333333333,1225.2370246881485,9612,1602.0,1201.534352401129,2335,389.16666666666674,-23.702672287019595,44509,7418.166666666667,2188.9508369688588,41397,6899.5,1197.7824092880976,-3112,-518.666666666667,-991.1684276807612,3980,663.3333333333334,327.6538824226972,3846,641.0,334.7685767810354,-134,-22.33333333333337,7.11469435833817,5668,944.6666666666666,745.3795453771634,4918,819.6666666666666,799.8654053443408,-750,-125.0,54.48585996717748,4554,759.0,321.8558683634648,4228,704.6666666666666,285.36059059839823,-326,-54.33333333333337,-36.49527776506659,0.5,0.5,0.25,0.75,0.25,0.5,0.25,0.0,0.75,0.25,17.465483588272786,26.46785603233831,25.596804708850115,31.117812420138,8.973913540713632,36.49800294303133,44.37030411449017,21.596857074569787,25.161989187399804,27.85976941820123,2.697780230801424,16.250367009208595,13.449493865030677,14.849930437119635,12.682295707266617,16.63090490797546,14.65660030762104,-0.1933301294985963
shun,hoshino,marina,tshiroko,nagisa,sshiroko,tshiroko,marina,hoshino,haruka,sayane,sshiroko,0,red,red,dealer,sr,back,1,no,yes,no,,3,2.47,yes,no,46867,10930,108,0.0609,5715,1128,201,1382,100,2.26,0.5,1980,0.8644,750,100,136,0.0,1.0,200,0.0,0,20,1,gloves,hairpin,wristwatch,yellow,yellow,tank,sg,front,2,no,yes,yes,self,4,7.63,no,no,111386,4757,2792,0.6262,7077,615,246,505,520,2.0,1.0,1948,0.8608,350,100,100,0.0,1.0,200,0.0,0,8,1,shoes,bag,amulet,yellow,red,tank,smg,front,1,yes,yes,no,,3,8.83,no,no,134170,3913,148,0.0816,6197,109,2219,518,520,2.0,0.8,1264,0.7583,350,100,100,0.35,1.0,200,0.0,0,20,4,shoes,badge,amulet,blue,blue,dealer,ar,middle,0,yes,yes,no,,3,3.33,no,no,69289,6276,108,0.0609,5932,709,1239,733,100,2.46,0.5,1380,0.7798,650,100,100,0.35,1.0,200,0.0,0,15,3,hat,badge,wristwatch,blue,blue,dealer,ar,middle,0,yes,yes,no,,3,3.33,no,no,69289,6276,108,0.0609,5932,709,1239,733,100,2.46,0.5,1380,0.7798,650,100,100,0.35,1.0,200,0.0,0,15,3,hat,badge,wristwatch,yellow,red,tank,smg,front,1,yes,yes,no,,3,8.83,no,no,134170,3913,148,0.0816,6197,109,2219,518,520,2.0,0.8,1264,0.7583,350,100,100,0.35,1.0,200,0.0,0,20,4,shoes,badge,amulet,yellow,yellow,tank,sg,front,2,no,yes,yes,self,4,7.63,no,no,111386,4757,2792,0.6262,7077,615,246,505,520,2.0,1.0,1948,0.8608,350,100,100,0.0,1.0,200,0.0,0,8,1,shoes,bag,amulet,red,red,tank,sg,front,1,no,yes,no,,4,5.67,no,no,150581,3216,2700,0.6183,5596,593,237,497,520,2.0,0.8,2020,0.8689,350,100,100,0.0,1.0,200,0.0,0,8,1,shoes,bag,amulet,red,,support,1,,yes,yes,one,3,6.83,no,44099,7734,2061,11519,759,977,682,2.46,1132,0.731,100,100,0.0,1.0,hat,bag,wristwatch,blue,support,2,yes,no,,3,4.93,yes,43517,8150,2060,8069,660,786,734,2.46,1582,0.8127,100,100,0.0,1.0,hat,bag,wristwatch,yellow,red,support,1,no,yes,no,4,14.53,no,46530,7493,1804,8526,1160,191,1241,2.26,2194,0.8869,100,100,0.0,1.0,gloves,bag,wristwatch,blue,support,2,yes,no,3,4.93,yes,43517,8150,2060,8069,660,786,734,2.46,1582,0.8127,100,100,0.0,1.0,hat,bag,wristwatch,0.8,0.0,1.0,0.3,1.3,0.75,1.1,0.45,1.1,0.45,1.3,0.75,1.0,0.3,1.1,0.45,1.3,0.75,0.8,0.0,1.0,0.3,0.8,0.0,19,3.1666666666666665,0.4082482904638629,21,3.5,0.5477225575051661,2,0.3333333333333335,0.1394742670413031,34.02,5.669999999999999,2.5074289621044104,44.92,7.486666666666667,3.963542186815559,10.900000000000006,1.816666666666668,1.4561132247111486,449328,74888.0,38974.5735884307,555473,92578.83333333331,45864.497988822106,106145,17690.83333333333,6889.924400391406,41760,6960.0,2544.8516656182537,33805,5634.166666666667,1988.7682033526848,-7955,-1325.833333333333,-556.0834622655689,7277,1212.8333333333333,1225.2370246881485,9612,1602.0,1201.534352401129,2335,389.16666666666674,-23.702672287019595,44509,7418.166666666667,2188.9508369688588,41397,6899.5,1197.7824092880976,-3112,-518.666666666667,-991.1684276807612,3980,663.3333333333334,327.6538824226972,3846,641.0,334.7685767810354,-134,-22.33333333333337,7.11469435833817,5668,944.6666666666666,745.3795453771634,4918,819.6666666666666,799.8654053443408,-750,-125.0,54.48585996717748,4554,759.0,321.8558683634648,4228,704.6666666666666,285.36059059839823,-326,-54.33333333333337,-36.49527776506659,0.5,0.5,0.25,0.75,0.25,0.5,0.25,0.0,0.75,0.25,17.465483588272786,31.117812420138,25.596804708850115,26.46785603233831,8.973913540713632,36.49800294303133,44.37030411449017,21.59685707456979,25.1619891873998,27.859769418201232,2.697780230801431,16.250367009208595,13.449493865030677,14.849930437119635,12.682295707266617,16.630904907975463,14.656600307621035,-0.193330129498598
shun,hoshino,marina,tshiroko,nagisa,sshiroko,haruka,tshiroko,hoshino,marina,sayane,sshiroko,0,red,red,dealer,sr,back,1,no,yes,no,,3,2.47,yes,no,46867,10930,108,0.0609,5715,1128,201,1382,100,2.26,0.5,1980,0.8644,750,100,136,0.0,1.0,200,0.0,0,20,1,gloves,hairpin,wristwatch,yellow,yellow,tank,sg,front,2,no,yes,yes,self,4,7.63,no,no,111386,4757,2792,0.6262,7077,615,246,505,520,2.0,1.0,1948,0.8608,350,100,100,0.0,1.0,200,0.0,0,8,1,shoes,bag,amulet,yellow,red,tank,smg,front,1,yes,yes,no,,3,8.83,no,no,134170,3913,148,0.0816,6197,109,2219,518,520,2.0,0.8,1264,0.7583,350,100,100,0.35,1.0,200,0.0,0,20,4,shoes,badge,amulet,blue,blue,dealer,ar,middle,0,yes,yes,no,,3,3.33,no,no,69289,6276,108,0.0609,5932,709,1239,733,100,2.46,0.5,1380,0.7798,650,100,100,0.35,1.0,200,0.0,0,15,3,hat,badge,wristwatch,red,red,tank,sg,front,1,no,yes,no,,4,5.67,no,no,150581,3216,2700,0.6183,5596,593,237,497,520,2.0,0.8,2020,0.8689,350,100,100,0.0,1.0,200,0.0,0,8,1,shoes,bag,amulet,blue,blue,dealer,ar,middle,0,yes,yes,no,,3,3.33,no,no,69289,6276,108,0.0609,5932,709,1239,733,100,2.46,0.5,1380,0.7798,650,100,100,0.35,1.0,200,0.0,0,15,3,hat,badge,wristwatch,yellow,yellow,tank,sg,front,2,no,yes,yes,self,4,7.63,no,no,111386,4757,2792,0.6262,7077,615,246,505,520,2.0,1.0,1948,0.8608,350,100,100,0.0,1.0,200,0.0,0,8,1,shoes,bag,amulet,yellow,red,tank,smg,front,1,yes,yes,no,,3,8.83,no,no,134170,3913,148,0.0816,6197,109,2219,518,520,2.0,0.8,1264,0.7583,350,100,100,0.35,1.0,200,0.0,0,20,4,shoes,badge,amulet,red,,support,1,,yes,yes,one,3,6.83,no,44099,7734,2061,11519,759,977,682,2.46,1132,0.731,100,100,0.0,1.0,hat,bag,wristwatch,blue,support,2,yes,no,,3,4.93,yes,43517,8150,2060,8069,660,786,734,2.46,1582,0.8127,100,100,0.0,1.0,hat,bag,wristwatch,yellow,red,support,1,no,yes,no,4,14.53,no,46530,7493,1804,8526,1160,191,1241,2.26,2194,0.8869,100,100,0.0,1.0,gloves,bag,wristwatch,blue,support,2,yes,no,3,4.93,yes,43517,8150,2060,8069,660,786,734,2.46,1582,0.8127,100,100,0.0,1.0,hat,bag,wristwatch,0.8,0.0,1.0,0.3,1.3,0.75,1.1,0.45,1.1,0.45,1.1,0.45,1.0,0.3,1.3,0.75,1.3,0.75,0.8,0.0,1.0,0.3,0.8,0.0,19,3.1666666666666665,0.4082482904638629,21,3.5,0.5477225575051661,2,0.3333333333333335,0.1394742670413031,34.02,5.669999999999999,2.5074289621044104,44.92,7.486666666666667,3.963542186815559,10.900000000000006,1.816666666666668,1.4561132247111486,449328,74888.0,38974.5735884307,555473,92578.83333333331,45864.497988822106,106145,17690.83333333333,6889.924400391406,41760,6960.0,2544.8516656182537,33805,5634.166666666667,1988.7682033526848,-7955,-1325.833333333333,-556.0834622655689,7277,1212.8333333333333,1225.2370246881485,9612,1602.0,1201.534352401129,2335,389.16666666666674,-23.702672287019595,44509,7418.166666666667,2188.9508369688588,41397,6899.5,1197.7824092880976,-3112,-518.666666666667,-991.1684276807612,3980,663.3333333333334,327.6538824226972,3846,641.0,334.7685767810354,-134,-22.33333333333337,7.11469435833817,5668,944.6666666666666,745.3795453771634,4918,819.6666666666666,799.8654053443408,-750,-125.0,54.48585996717748,4554,759.0,321.8558683634648,4228,704.6666666666666,285.36059059839823,-326,-54.33333333333337,-36.49527776506659,0.5,0.5,0.25,0.75,0.25,0.5,0.25,0.0,0.75,0.25,26.46785603233831,17.465483588272786,25.596804708850115,31.117812420138,8.973913540713632,36.49800294303133,44.37030411449017,21.596857074569787,25.161989187399804,27.85976941820123,2.697780230801424,16.250367009208595,13.449493865030677,14.849930437119635,12.682295707266617,16.63090490797546,14.65660030762104,-0.1933301294985963
shun,hoshino,tshiroko,iori,minori,sshiroko,tshiroko,marina,hoshino,shun,sayane,sshiroko,0,red,red,dealer,sr,back,1,no,yes,no,,3,2.47,yes,no,46867,10930,108,0.0609,5715,1128,201,1382,100,2.26,0.5,1980,0.8644,750,100,136,0.0,1.0,200,0.0,0,20,1,gloves,hairpin,wristwatch,yellow,yellow,tank,sg,front,2,no,yes,yes,self,4,7.63,no,no,111386,4757,2792,0.6262,7077,615,246,505,520,2.0,1.0,1948,0.8608,350,100,100,0.0,1.0,200,0.0,0,8,1,shoes,bag,amulet,blue,blue,dealer,ar,middle,0,yes,yes,no,,3,3.33,no,no,69289,6276,108,0.0609,5932,709,1239,733,100,2.46,0.5,1380,0.7798,650,100,100,0.35,1.0,200,0.0,0,15,3,hat,badge,wristwatch,yellow,yellow,dealer,sr,back,1,no,yes,no,,3,7.33,no,no,52713,8067,113,0.0635,5497,1491,194,824,100,2.46,0.5,2056,0.8728,650,100,136,0.0,1.0,200,0.0,0,5,1,hat,hairpin,wristwatch,blue,blue,dealer,ar,middle,0,yes,yes,no,,3,3.33,no,no,69289,6276,108,0.0609,5932,709,1239,733,100,2.46,0.5,1380,0.7798,650,100,100,0.35,1.0,200,0.0,0,15,3,hat,badge,wristwatch,yellow,red,tank,smg,front,1,yes,yes,no,,3,8.83,no,no,134170,3913,148,0.0816,6197,109,2219,518,520,2.0,0.8,1264,0.7583,350,100,100,0.35,1.0,200,0.0,0,20,4,shoes,badge,amulet,yellow,yellow,tank,sg,front,2,no,yes,yes,self,4,7.63,no,no,111386,4757,2792,0.6262,7077,615,246,505,520,2.0,1.0,1948,0.8608,350,100,100,0.0,1.0,200,0.0,0,8,1,shoes,bag,amulet,red,red,dealer,sr,back,1,no,yes,no,,3,2.47,yes,no,46867,10930,108,0.0609,5715,1128,201,1382,100,2.26,0.5,1980,0.8644,750,100,136,0.0,1.0,200,0.0,0,20,1,gloves,hairpin,wristwatch,red,,support,0,,yes,no,,4,4.8,no,43678,8106,2062,8023,656,791,732,2.46,1592,0.8142,100,100,0.0,1.0,hat,bag,wristwatch,blue,support,2,yes,no,,3,4.93,yes,43517,8150,2060,8069,660,786,734,2.46,1582,0.8127,100,100,0.0,1.0,hat,bag,wristwatch,yellow,red,support,1,no,yes,no,4,14.53,no,46530,7493,1804,8526,1160,191,1241,2.26,2194,0.8869,100,100,0.0,1.0,gloves,bag,wristwatch,blue,support,2,yes,no,3,4.93,yes,43517,8150,2060,8069,660,786,734,2.46,1582,0.8127,100,100,0.0,1.0,hat,bag,wristwatch,0.8,0.0,1.0,0.3,1.1,0.45,1.3,0.75,1.1,0.45,1.3,0.75,1.0,0.3,0.8,0.0,1.3,0.75,0.8,0.0,1.0,0.3,0.8,0.0,20,3.333333333333333,0.5163977794943222,20,3.333333333333333,0.5163977794943222,0,0.0,0.0,30.49,5.081666666666666,2.07559549687955,41.72,6.953333333333333,4.44315953648602,11.23,1.871666666666667,2.36756403960647,367450,61241.66666666666,26386.47051552493,451759,75293.16666666667,38601.33576661132,84309,14051.500000000007,12214.86525108639,46286,7714.333333333333,2079.5536700615994,41519,6919.833333333333,2532.061722523104,-4767,-794.5,452.5080524615046,7243,1207.1666666666667,1231.5272496646862,7020,1170.0,1193.7430209220072,-223,-37.16666666666674,-37.78422874267903,40313,6718.833333333333,1163.7653400349516,41516,6919.333333333333,1172.6023480560946,1203,200.5,8.837008021142992,5259,876.5,355.75089599324974,4381,730.1666666666666,386.6551004017233,-878,-146.33333333333337,30.904204408473504,3457,576.1666666666666,430.19596309898895,4882,813.6666666666666,805.2273384993002,1425,237.5,375.0313754003113,4910,818.3333333333334,295.8977300802875,5113,852.1666666666666,372.0942980840565,203,33.83333333333326,76.19656800376896,0.75,0.25,0.5,0.5,0.5,0.25,0.25,0.25,0.5,0.25,16.320486775015933,15.657583695374392,12.879572209375656,7.459069075937785,7.787797346752058,25.596804708850115,17.465483588272786,15.094087021197472,13.07917793892594,16.486043166268104,3.4068652273421627,8.176714933938342,12.567776073619632,10.372245503778988,10.500940661238587,13.449493865030677,11.975217263134631,1.6029717593556434
reisa,shun,tshiroko,iori,nagisa,sshiroko,marina,tshiroko,hoshino,shun,sayane,sshiroko,1,yellow,yellow,tank,sg,front,1,no,yes,yes,self,3,4.93,no,yes,122892,5025,2597,0.6091,8080,655,217,518,520,2.0,0.8,1812,0.8444,350,100,100,0.0,1.0,200,0.0,0,8,2,shoes,bag,amulet,red,red,dealer,sr,back,1,no,yes,no,,3,2.47,yes,no,46867,10930,108,0.0609,5715,1128,201,1382,100,2.26,0.5,1980,0.8644,750,100,136,0.0,1.0,200,0.0,0,20,1,gloves,hairpin,wristwatch,blue,blue,dealer,ar,middle,0,yes,yes,no,,3,3.33,no,no,69289,6276,108,0.0609,5932,709,1239,733,100,2.46,0.5,1380,0.7798,650,100,100,0.35,1.0,200,0.0,0,15,3,hat,badge,wristwatch,yellow,yellow,dealer,sr,back,1,no,yes,no,,3,7.33,no,no,52713,8067,113,0.0635,5497,1491,194,824,100,2.46,0.5,2056,0.8728,650,100,136,0.0,1.0,200,0.0,0,5,1,hat,hairpin,wristwatch,yellow,red,tank,smg,front,1,yes,yes,no,,3,8.83,no,no,134170,3913,148,0.0816,6197,109,2219,518,520,2.0,0.8,1264,0.7583,350,100,100,0.35,1.0,200,0.0,0,20,4,shoes,badge,amulet,blue,blue,dealer,ar,middle,0,yes,yes,no,,3,3.33,no,no,69289,6276,108,0.0609,5932,709,1239,733,100,2.46,0.5,1380,0.7798,650,100,100,0.35,1.0,200,0.0,0,15,3,hat,badge,wristwatch,yellow,yellow,tank,sg,front,2,no,yes,yes,self,4,7.63,no,no,111386,4757,2792,0.6262,7077,615,246,505,520,2.0,1.0,1948,0.8608,350,100,100,0.0,1.0,200,0.0,0,8,1,shoes,bag,amulet,red,red,dealer,sr,back,1,no,yes,no,,3,2.47,yes,no,46867,10930,108,0.0609,5715,1128,201,1382,100,2.26,0.5,1980,0.8644,750,100,136,0.0,1.0,200,0.0,0,20,1,gloves,hairpin,wristwatch,red,,support,1,,yes,yes,one,3,6.83,no,44099,7734,2061,11519,759,977,682,2.46,1132,0.731,100,100,0.0,1.0,hat,bag,wristwatch,blue,support,2,yes,no,,3,4.93,yes,43517,8150,2060,8069,660,786,734,2.46,1582,0.8127,100,100,0.0,1.0,hat,bag,wristwatch,yellow,red,support,1,no,yes,no,4,14.53,no,46530,7493,1804,8526,1160,191,1241,2.26,2194,0.8869,100,100,0.0,1.0,gloves,bag,wristwatch,blue,support,2,yes,no,3,4.93,yes,43517,8150,2060,8069,660,786,734,2.46,1582,0.8127,100,100,0.0,1.0,hat,bag,wristwatch,1.3,0.75,0.8,0.0,1.1,0.45,1.3,0.75,1.3,0.75,1.1,0.45,1.0,0.3,0.8,0.0,1.3,0.75,0.8,0.0,1.0,0.3,0.8,0.0,18,3.0,0.0,20,3.333333333333333,0.5163977794943222,2,0.3333333333333335,0.5163977794943222,29.82,4.97,1.8958902921846503,41.72,6.953333333333333,4.44315953648602,11.9,1.9833333333333332,2.5472692443013694,379377,63229.5,30754.57140491475,451759,75293.16666666667,38601.33576661132,72382,12063.666666666672,7846.764361696572,46182,7697.0,1997.7283098559724,41519,6919.833333333333,2532.061722523104,-4663,-777.166666666667,534.3334126671316,7047,1174.5,1182.8039144338338,7020,1170.0,1193.7430209220072,-27,-4.5,10.939106488173366,44812,7468.666666666667,2300.586417995783,41516,6919.333333333333,1172.6023480560946,-3296,-549.3333333333339,-1127.9840699396884,5402,900.3333333333334,339.19060521580883,4381,730.1666666666666,386.6551004017233,-1021,-170.16666666666674,47.464495185914416,3614,602.3333333333334,459.5082879194527,4882,813.6666666666666,805.2273384993002,1268,211.3333333333333,345.71905057984753,4873,812.1666666666666,296.88544367595165,5113,852.1666666666666,372.0942980840565,240,40.0,75.2088544081048,0.75,0.25,0.5,0.5,0.5,0.25,0.25,0.25,0.5,0.25,16.0251405571173,17.2371534416826,13.181916123607316,7.722243824336687,24.23164179104478,7.787797346752058,17.465483588272786,15.094087021197472,13.541613486685977,16.144752436816773,2.6031389501307984,8.368660750033365,13.273665644171778,10.821163197102573,11.006028575122835,13.449493865030677,12.227761220076754,1.4065980229741832
marina,shun,tshiroko,hoshino,nagisa,sshiroko,tshiroko,hoshino,marina,shun,sayane,sshiroko,1,yellow,red,tank,smg,front,1,yes,yes,no,,3,8.83,no,no,134170,3913,148,0.0816,6197,109,2219,518,520,2.0,0.8,1264,0.7583,350,100,100,0.35,1.0,200,0.0,0,20,4,shoes,badge,amulet,red,red,dealer,sr,back,1,no,yes,no,,3,2.47,yes,no,46867,10930,108,0.0609,5715,1128,201,1382,100,2.26,0.5,1980,0.8644,750,100,136,0.0,1.0,200,0.0,0,20,1,gloves,hairpin,wristwatch,blue,blue,dealer,ar,middle,0,yes,yes,no,,3,3.33,no,no,69289,6276,108,0.0609,5932,709,1239,733,100,2.46,0.5,1380,0.7798,650,100,100,0.35,1.0,200,0.0,0,15,3,hat,badge,wristwatch,yellow,yellow,tank,sg,front,2,no,yes,yes,self,4,7.63,no,no,111386,4757,2792,0.6262,7077,615,246,505,520,2.0,1.0,1948,0.8608,350,100,100,0.0,1.0,200,0.0,0,8,1,shoes,bag,amulet,blue,blue,dealer,ar,middle,0,yes,yes,no,,3,3.33,no,no,69289,6276,108,0.0609,5932,709,1239,733,100,2.46,0.5,1380,0.7798,650,100,100,0.35,1.0,200,0.0,0,15,3,hat,badge,wristwatch,yellow,yellow,tank,sg,front,2,no,yes,yes,self,4,7.63,no,no,111386,4757,2792,0.6262,7077,615,246,505,520,2.0,1.0,1948,0.8608,350,100,100,0.0,1.0,200,0.0,0,8,1,shoes,bag,amulet,yellow,red,tank,smg,front,1,yes,yes,no,,3,8.83,no,no,134170,3913,148,0.0816,6197,109,2219,518,520,2.0,0.8,1264,0.7583,350,100,100,0.35,1.0,200,0.0,0,20,4,shoes,badge,amulet,red,red,dealer,sr,back,1,no,yes,no,,3,2.47,yes,no,46867,10930,108,0.0609,5715,1128,201,1382,100,2.26,0.5,1980,0.8644,750,100,136,0.0,1.0,200,0.0,0,20,1,gloves,hairpin,wristwatch,red,,support,1,,yes,yes,one,3,6.83,no,44099,7734,2061,11519,759,977,682,2.46,1132,0.731,100,100,0.0,1.0,hat,bag,wristwatch,blue,support,2,yes,no,,3,4.93,yes,43517,8150,2060,8069,660,786,734,2.46,1582,0.8127,100,100,0.0,1.0,hat,bag,wristwatch,yellow,red,support,1,no,yes,no,4,14.53,no,46530,7493,1804,8526,1160,191,1241,2.26,2194,0.8869,100,100,0.0,1.0,gloves,bag,wristwatch,blue,support,2,yes,no,3,4.93,yes,43517,8150,2060,8069,660,786,734,2.46,1582,0.8127,100,100,0.0,1.0,hat,bag,wristwatch,1.3,0.75,0.8,0.0,1.1,0.45,1.0,0.3,1.1,0.45,1.0,0.3,1.3,0.75,0.8,0.0,1.3,0.75,0.8,0.0,1.0,0.3,0.8,0.0,19,3.1666666666666665,0.4082482904638629,20,3.333333333333333,0.5163977794943222,1,0.1666666666666669,0.1081494890304592,34.02,5.670000000000001,2.5074289621044104,41.72,6.953333333333333,4.44315953648602,7.699999999999996,1.2833333333333323,1.9357305743816091,449328,74888.0,38974.5735884307,451759,75293.16666666667,38601.33576661132,2431,405.1666666666715,-373.23782181937713,41760,6960.0,2544.8516656182537,41519,6919.833333333333,2532.061722523104,-241,-40.16666666666697,-12.789943095149738,7277,1212.8333333333333,1225.2370246881485,7020,1170.0,1193.7430209220072,-257,-42.83333333333326,-31.494003766141304,44509,7418.166666666667,2188.9508369688588,41516,6919.333333333333,1172.6023480560946,-2993,-498.83333333333394,-1016.3484889127642,3980,663.3333333333334,327.6538824226972,4381,730.1666666666666,386.6551004017233,401,66.83333333333326,59.00121797902602,5668,944.6666666666666,745.3795453771634,4882,813.6666666666666,805.2273384993002,-786,-131.0,59.84779312213686,4554,759.0,321.8558683634648,5113,852.1666666666666,372.0942980840565,559,93.16666666666664,50.238429720591625,0.5,0.5,0.5,0.5,0.25,0.5,0.25,0.25,0.5,0.25,17.465483588272786,25.596804708850115,31.117812420138,7.787797346752058,31.117812420138,7.787797346752059,17.465483588272786,25.596804708850115,20.491974516003246,20.49197451600324,-7.105427357601002e-15,16.250367009208595,13.449493865030677,14.849930437119635,11.006028575122835,13.449493865030677,12.227761220076754,-2.622169217042881
hoshino,tshiroko,marina,shun,nagisa,sshiroko,marina,shun,tshiroko,hoshino,sayane,sshiroko,0,yellow,yellow,tank,sg,front,2,no,yes,yes,self,4,7.63,no,no,111386,4757,2792,0.6262,7077,615,246,505,520,2.0,1.0,1948,0.8608,350,100,100,0.0,1.0,200,0.0,0,8,1,shoes,bag,amulet,blue,blue,dealer,ar,middle,0,yes,yes,no,,3,3.33,no,no,69289,6276,108,0.0609,5932,709,1239,733,100,2.46,0.5,1380,0.7798,650,100,100,0.35,1.0,200,0.0,0,15,3,hat,badge,wristwatch,yellow,red,tank,smg,front,1,yes,yes,no,,3,8.83,no,no,134170,3913,148,0.0816,6197,109,2219,518,520,2.0,0.8,1264,0.7583,350,100,100,0.35,1.0,200,0.0,0,20,4,shoes,badge,amulet,red,red,dealer,sr,back,1,no,yes,no,,3,2.47,yes,no,46867,10930,108,0.0609,5715,1128,201,1382,100,2.26,0.5,1980,0.8644,750,100,136,0.0,1.0,200,0.0,0,20,1,gloves,hairpin,wristwatch,yellow,red,tank,smg,front,1,yes,yes,no,,3,8.83,no,no,134170,3913,148,0.0816,6197,109,2219,518,520,2.0,0.8,1264,0.7583,350,100,100,0.35,1.0,200,0.0,0,20,4,shoes,badge,amulet,red,red,dealer,sr,back,1,no,yes,no,,3,2.47,yes,no,46867,10930,108,0.0609,5715,1128,201,1382,100,2.26,0.5,1980,0.8644,750,100,136,0.0,1.0,200,0.0,0,20,1,gloves,hairpin,wristwatch,blue,blue,dealer,ar,middle,0,yes,yes,no,,3,3.33,no,no,69289,6276,108,0.0609,5932,709,1239,733,100,2.46,0.5,1380,0.7798,650,100,100,0.35,1.0,200,0.0,0,15,3,hat,badge,wristwatch,yellow,yellow,tank,sg,front,2,no,yes,yes,self,4,7.63,no,no,111386,4757,2792,0.6262,7077,615,246,505,520,2.0,1.0,1948,0.8608,350,100,100,0.0,1.0,200,0.0,0,8,1,shoes,bag,amulet,red,,support,1,,yes,yes,one,3,6.83,no,44099,7734,2061,11519,759,977,682,2.46,1132,0.731,100,100,0.0,1.0,hat,bag,wristwatch,blue,support,2,yes,no,,3,4.93,yes,43517,8150,2060,8069,660,786,734,2.46,1582,0.8127,100,100,0.0,1.0,hat,bag,wristwatch,yellow,red,support,1,no,yes,no,4,14.53,no,46530,7493,1804,8526,1160,191,1241,2.26,2194,0.8869,100,100,0.0,1.0,gloves,bag,wristwatch,blue,support,2,yes,no,3,4.93,yes,43517,8150,2060,8069,660,786,734,2.46,1582,0.8127,100,100,0.0,1.0,hat,bag,wristwatch,1.0,0.3,1.1,0.45,1.3,0.75,0.8,0.0,1.3,0.75,0.8,0.0,1.1,0.45,1.0,0.3,1.3,0.75,0.8,0.0,1.0,0.3,0.8,0.0,19,3.1666666666666665,0.4082482904638629,20,3.333333333333333,0.5163977794943222,1,0.1666666666666669,0.1081494890304592,34.02,5.669999999999999,2.5074289621044104,41.72,6.953333333333333,4.44315953648602,7.700000000000003,1.283333333333334,1.9357305743816091,449328,74888.0,38974.5735884307,451759,75293.16666666667,38601.33576661132,2431,405.1666666666715,-373.23782181937713,41760,6960.0,2544.8516656182537,41519,6919.833333333333,2532.061722523104,-241,-40.16666666666697,-12.789943095149738,7277,1212.8333333333333,1225.2370246881485,7020,1170.0,1193.7430209220072,-257,-42.83333333333326,-31.494003766141304,44509,7418.166666666667,2188.9508369688588,41516,6919.333333333333,1172.6023480560946,-2993,-498.83333333333394,-1016.3484889127642,3980,663.3333333333334,327.6538824226972,4381,730.1666666666666,386.6551004017233,401,66.83333333333326,59.00121797902602,5668,944.6666666666666,745.3795453771634,4882,813.6666666666666,805.2273384993002,-786,-131.0,59.84779312213686,4554,759.0,321.8558683634648,5113,852.1666666666666,372.0942980840565,559,93.16666666666664,50.238429720591625,0.5,0.5,0.5,0.5,0.25,0.5,0.25,0.25,0.5,0.25,31.117812420138,7.787797346752059,17.465483588272786,25.596804708850115,25.596804708850115,17.465483588272786,31.117812420138,7.787797346752058,20.49197451600324,20.491974516003246,7.105427357601002e-15,16.250367009208595,13.449493865030677,14.849930437119635,11.006028575122835,13.449493865030677,12.227761220076754,-2.622169217042881
marina,tshiroko,shun,hoshino,minori,sshiroko,marina,tshiroko,shun,hoshino,sayane,sshiroko,1,yellow,red,tank,smg,front,1,yes,yes,no,,3,8.83,no,no,134170,3913,148,0.0816,6197,109,2219,518,520,2.0,0.8,1264,0.7583,350,100,100,0.35,1.0,200,0.0,0,20,4,shoes,badge,amulet,blue,blue,dealer,ar,middle,0,yes,yes,no,,3,3.33,no,no,69289,6276,108,0.0609,5932,709,1239,733,100,2.46,0.5,1380,0.7798,650,100,100,0.35,1.0,200,0.0,0,15,3,hat,badge,wristwatch,red,red,dealer,sr,back,1,no,yes,no,,3,2.47,yes,no,46867,10930,108,0.0609,5715,1128,201,1382,100,2.26,0.5,1980,0.8644,750,100,136,0.0,1.0,200,0.0,0,20,1,gloves,hairpin,wristwatch,yellow,yellow,tank,sg,front,2,no,yes,yes,self,4,7.63,no,no,111386,4757,2792,0.6262,7077,615,246,505,520,2.0,1.0,1948,0.8608,350,100,100,0.0,1.0,200,0.0,0,8,1,shoes,bag,amulet,yellow,red,tank,smg,front,1,yes,yes,no,,3,8.83,no,no,134170,3913,148,0.0816,6197,109,2219,518,520,2.0,0.8,1264,0.7583,350,100,100,0.35,1.0,200,0.0,0,20,4,shoes,badge,amulet,blue,blue,dealer,ar,middle,0,yes,yes,no,,3,3.33,no,no,69289,6276,108,0.0609,5932,709,1239,733,100,2.46,0.5,1380,0.7798,650,100,100,0.35,1.0,200,0.0,0,15,3,hat,badge,wristwatch,red,red,dealer,sr,back,1,no,yes,no,,3,2.47,yes,no,46867,10930,108,0.0609,5715,1128,201,1382,100,2.26,0.5,1980,0.8644,750,100,136,0.0,1.0,200,0.0,0,20,1,gloves,hairpin,wristwatch,yellow,yellow,tank,sg,front,2,no,yes,yes,self,4,7.63,no,no,111386,4757,2792,0.6262,7077,615,246,505,520,2.0,1.0,1948,0.8608,350,100,100,0.0,1.0,200,0.0,0,8,1,shoes,bag,amulet,red,,support,0,,yes,no,,4,4.8,no,43678,8106,2062,8023,656,791,732,2.46,1592,0.8142,100,100,0.0,1.0,hat,bag,wristwatch,blue,support,2,yes,no,,3,4.93,yes,43517,8150,2060,8069,660,786,734,2.46,1582,0.8127,100,100,0.0,1.0,hat,bag,wristwatch,yellow,red,support,1,no,yes,no,4,14.53,no,46530,7493,1804,8526,1160,191,1241,2.26,2194,0.8869,100,100,0.0,1.0,gloves,bag,wristwatch,blue,support,2,yes,no,3,4.93,yes,43517,8150,2060,8069,660,786,734,2.46,1582,0.8127,100,100,0.0,1.0,hat,bag,wristwatch,1.3,0.75,1.1,0.45,0.8,0.0,1.0,0.3,1.3,0.75,1.1,0.45,0.8,0.0,1.0,0.3,1.3,0.75,0.8,0.0,1.0,0.3,0.8,0.0,20,3.333333333333333,0.5163977794943222,20,3.333333333333333,0.5163977794943222,0,0.0,0.0,31.99,5.331666666666667,2.456032708794137,41.72,6.953333333333333,4.44315953648602,9.729999999999997,1.621666666666666,1.9871268276918823,448907,74817.83333333333,39041.41127273278,451759,75293.16666666667,38601.33576661132,2852,475.33333333334303,-440.0755061214586,42132,7022.0,2571.868037050113,41519,6919.833333333333,2532.061722523104,-613,-102.16666666666696,-39.80631452700891,7278,1213.0,1225.375534275105,7020,1170.0,1193.7430209220072,-258,-43.0,-31.632513353098147,41013,6835.5,1045.8982264063743,41516,6919.333333333333,1172.6023480560946,503,83.83333333333303,126.70412164972004,3877,646.1666666666666,324.320469083693,4381,730.1666666666666,386.6551004017233,504,84.0,62.33463131803023,5482,913.6666666666666,747.630300794896,4882,813.6666666666666,805.2273384993002,-600,-100.0,57.597037704404215,4604,767.3333333333334,320.10602410243183,5113,852.1666666666666,372.0942980840565,509,84.83333333333326,51.988273981624616,0.5,0.5,0.5,0.5,0.25,0.5,0.25,0.25,0.5,0.25,31.117812420138,17.465483588272782,7.787797346752059,25.596804708850115,31.117812420138,17.465483588272782,7.787797346752059,25.596804708850115,20.49197451600324,20.49197451600324,0.0,16.250367009208595,13.449493865030677,14.849930437119635,10.50094066123859,13.449493865030677,11.975217263134631,-2.874713173985004
shun,hoshino,tshiroko,marina,nagisa,sshiroko,hoshino,tshiroko,shun,marina,sayane,sshiroko,1,red,red,dealer,sr,back,1,no,yes,no,,3,2.47,yes,no,46867,10930,108,0.0609,5715,1128,201,1382,100,2.26,0.5,1980,0.8644,750,100,136,0.0,1.0,200,0.0,0,20,1,gloves,hairpin,wristwatch,yellow,yellow,tank,sg,front,2,no,yes,yes,self,4,7.63,no,no,111386,4757,2792,0.6262,7077,615,246,505,520,2.0,1.0,1948,0.8608,350,100,100,0.0,1.0,200,0.0,0,8,1,shoes,bag,amulet,blue,blue,dealer,ar,middle,0,yes,yes,no,,3,3.33,no,no,69289,6276,108,0.0609,5932,709,1239,733,100,2.46,0.5,1380,0.7798,650,100,100,0.35,1.0,200,0.0,0,15,3,hat,badge,wristwatch,yellow,red,tank,smg,front,1,yes,yes,no,,3,8.83,no,no,134170,3913,148,0.0816,6197,109,2219,518,520,2.0,0.8,1264,0.7583,350,100,100,0.35,1.0,200,0.0,0,20,4,shoes,badge,amulet,yellow,yellow,tank,sg,front,2,no,yes,yes,self,4,7.63,no,no,111386,4757,2792,0.6262,7077,615,246,505,520,2.0,1.0,1948,0.8608,350,100,100,0.0,1.0,200,0.0,0,8,1,shoes,bag,amulet,blue,blue,dealer,ar,middle,0,yes,yes,no,,3,3.33,no,no,69289,6276,108,0.0609,5932,709,1239,733,100,2.46,0.5,1380,0.7798,650,100,100,0.35,1.0,200,0.0,0,15,3,hat,badge,wristwatch,red,red,dealer,sr,back,1,no,yes,no,,3,2.47,yes,no,46867,10930,108,0.0609,5715,1128,201,1382,100,2.26,0.5,1980,0.8644,750,100,136,0.0,1.0,200,0.0,0,20,1,gloves,hairpin,wristwatch,yellow,red,tank,smg,front,1,yes,yes,no,,3,8.83,no,no,134170,3913,148,0.0816,6197,109,2219,518,520,2.0,0.8,1264,0.7583,350,100,100,0.35,1.0,200,0.0,0,20,4,shoes,badge,amulet,red,,support,1,,yes,yes,one,3,6.83,no,44099,7734,2061,11519,759,977,682,2.46,1132,0.731,100,100,0.0,1.0,hat,bag,wristwatch,blue,support,2,yes,no,,3,4.93,yes,43517,8150,2060,8069,660,786,734,2.46,1582,0.8127,100,100,0.0,1.0,hat,bag,wristwatch,yellow,red,support,1,no,yes,no,4,14.53,no,46530,7493,1804,8526,1160,191,1241,2.26,2194,0.8869,100,100,0.0,1.0,gloves,bag,wristwatch,blue,support,2,yes,no,3,4.93,yes,43517,8150,2060,8069,660,786,734,2.46,1582,0.8127,100,100,0.0,1.0,hat,bag,wristwatch,0.8,0.0,1.0,0.3,1.1,0.45,1.3,0.75,1.0,0.3,1.1,0.45,0.8,0.0,1.3,0.75,1.3,0.75,0.8,0.0,1.0,0.3,0.8,0.0,19,3.1666666666666665,0.4082482904638629,20,3.333333333333333,0.5163977794943222,1,0.1666666666666669,0.1081494890304592,34.02,5.669999999999999,2.5074289621044104,41.72,6.953333333333333,4.44315953648602,7.700000000000003,1.283333333333334,1.9357305743816091,449328,74888.0,38974.5735884307,451759,75293.16666666667,38601.33576661132,2431,405.1666666666715,-373.23782181937713,41760,6960.0,2544.8516656182537,41519,6919.833333333333,2532.061722523104,-241,-40.16666666666697,-12.789943095149738,7277,1212.8333333333333,1225.2370246881485,7020,1170.0,1193.7430209220072,-257,-42.83333333333326,-31.494003766141304,44509,7418.166666666667,2188.9508369688588,41516,6919.333333333333,1172.6023480560946,-2993,-498.83333333333394,-1016.3484889127642,3980,663.3333333333334,327.6538824226972,4381,730.1666666666666,386.6551004017233,401,66.83333333333326,59.00121797902602,5668,944.6666666666666,745.3795453771634,4882,813.6666666666666,805.2273384993002,-786,-131.0,59.84779312213686,4554,759.0,321.8558683634648,5113,852.1666666666666,372.0942980840565,559,93.16666666666664,50.23842972059168,0.5,0.5,0.5,0.5,0.25,0.5,0.25,0.25,0.5,0.25,25.596804708850115,17.465483588272782,7.787797346752058,31.117812420138,7.787797346752059,25.596804708850115,17.465483588272786,31.117812420138,20.49197451600324,20.49197451600324,0.0,16.250367009208595,13.449493865030677,14.849930437119635,11.006028575122835,13.449493865030677,12.227761220076754,-2.622169217042881
marina,iori,shun,tshiroko,rio,sshiroko,tshiroko,hoshino,shun,marina,sayane,sshiroko,0,yellow,red,tank,smg,front,1,yes,yes,no,,3,8.83,no,no,134170,3913,148,0.0816,6197,109,2219,518,520,2.0,0.8,1264,0.7583,350,100,100,0.35,1.0,200,0.0,0,20,4,shoes,badge,amulet,yellow,yellow,dealer,sr,back,1,no,yes,no,,3,7.33,no,no,52713,8067,113,0.0635,5497,1491,194,824,100,2.46,0.5,2056,0.8728,650,100,136,0.0,1.0,200,0.0,0,5,1,hat,hairpin,wristwatch,red,red,dealer,sr,back,1,no,yes,no,,3,2.47,yes,no,46867,10930,108,0.0609,5715,1128,201,1382,100,2.26,0.5,1980,0.8644,750,100,136,0.0,1.0,200,0.0,0,20,1,gloves,hairpin,wristwatch,blue,blue,dealer,ar,middle,0,yes,yes,no,,3,3.33,no,no,69289,6276,108,0.0609,5932,709,1239,733,100,2.46,0.5,1380,0.7798,650,100,100,0.35,1.0,200,0.0,0,15,3,hat,badge,wristwatch,blue,blue,dealer,ar,middle,0,yes,yes,no,,3,3.33,no,no,69289,6276,108,0.0609,5932,709,1239,733,100,2.46,0.5,1380,0.7798,650,100,100,0.35,1.0,200,0.0,0,15,3,hat,badge,wristwatch,yellow,yellow,tank,sg,front,2,no,yes,yes,self,4,7.63,no,no,111386,4757,2792,0.6262,7077,615,246,505,520,2.0,1.0,1948,0.8608,350,100,100,0.0,1.0,200,0.0,0,8,1,shoes,bag,amulet,red,red,dealer,sr,back,1,no,yes,no,,3,2.47,yes,no,46867,10930,108,0.0609,5715,1128,201,1382,100,2.26,0.5,1980,0.8644,750,100,136,0.0,1.0,200,0.0,0,20,1,gloves,hairpin,wristwatch,yellow,red,tank,smg,front,1,yes,yes,no,,3,8.83,no,no,134170,3913,148,0.0816,6197,109,2219,518,520,2.0,0.8,1264,0.7583,350,100,100,0.35,1.0,200,0.0,0,20,4,shoes,badge,amulet,blue,,support,0,,no,no,,2,6.7,no,67546,5691,599,7564,714,1151,868,2.26,1201,0.7457,100,136,0.0,1.0,shoes,hairpin,wristwatch,blue,support,2,yes,no,,3,4.93,yes,43517,8150,2060,8069,660,786,734,2.46,1582,0.8127,100,100,0.0,1.0,hat,bag,wristwatch,yellow,red,support,1,no,yes,no,4,14.53,no,46530,7493,1804,8526,1160,191,1241,2.26,2194,0.8869,100,100,0.0,1.0,gloves,bag,wristwatch,blue,support,2,yes,no,3,4.93,yes,43517,8150,2060,8069,660,786,734,2.46,1582,0.8127,100,100,0.0,1.0,hat,bag,wristwatch,1.3,0.75,1.3,0.75,0.8,0.0,1.1,0.45,1.1,0.45,1.0,0.3,0.8,0.0,1.3,0.75,1.3,0.75,0.8,0.0,1.0,0.3,0.8,0.0,17,2.833333333333333,0.408248290463863,20,3.333333333333333,0.5163977794943222,3,0.5,0.1081494890304591,33.59,5.598333333333334,2.450897114663663,41.72,6.953333333333333,4.44315953648602,8.129999999999995,1.3549999999999995,1.9922624218223568,414102,69017.0,33626.9063400129,451759,75293.16666666667,38601.33576661132,37657,6276.166666666672,4974.429426598421,43027,7171.166666666667,2428.881505274941,41519,6919.833333333333,2532.061722523104,-1508,-251.33333333333397,103.18021724816252,3136,522.6666666666666,777.3441108458125,7020,1170.0,1193.7430209220072,3884,647.3333333333334,416.39891007619474,38974,6495.666666666667,1061.1702345366962,41516,6919.333333333333,1172.6023480560946,2542,423.66666666666606,111.4321135193984,4811,801.8333333333334,468.5729043240408,4381,730.1666666666666,386.6551004017233,-430,-71.66666666666674,-81.91780392231755,5790,965.0,760.5742567297423,4882,813.6666666666666,805.2273384993002,-908,-151.33333333333337,44.65308176955796,5059,843.1666666666666,290.21124490044605,5113,852.1666666666666,372.0942980840565,54,9.0,81.88305318361046,0.75,0.25,0.5,0.5,0.5,0.25,0.25,0.25,0.5,0.25,12.791089069471,24.05505045196552,6.445779963403477,29.243515205724503,31.117812420138,15.09408702119747,7.787797346752059,17.465483588272786,18.13385867264113,17.866295094090077,-0.2675635785510515,15.271570132123315,9.849923312883435,12.560746722503376,,13.449493865030677,13.449493865030677,0.8887471425272988
marina,iori,shun,tshiroko,rio,sshiroko,tshiroko,marina,shun,hoshino,sayane,sshiroko,0,yellow,red,tank,smg,front,1,yes,yes,no,,3,8.83,no,no,134170,3913,148,0.0816,6197,109,2219,518,520,2.0,0.8,1264,0.7583,350,100,100,0.35,1.0,200,0.0,0,20,4,shoes,badge,amulet,yellow,yellow,dealer,sr,back,1,no,yes,no,,3,7.33,no,no,52713,8067,113,0.0635,5497,1491,194,824,100,2.46,0.5,2056,0.8728,650,100,136,0.0,1.0,200,0.0,0,5,1,hat,hairpin,wristwatch,red,red,dealer,sr,back,1,no,yes,no,,3,2.47,yes,no,46867,10930,108,0.0609,5715,1128,201,1382,100,2.26,0.5,1980,0.8644,750,100,136,0.0,1.0,200,0.0,0,20,1,gloves,hairpin,wristwatch,blue,blue,dealer,ar,middle,0,yes,yes,no,,3,3.33,no,no,69289,6276,108,0.0609,5932,709,1239,733,100,2.46,0.5,1380,0.7798,650,100,100,0.35,1.0,200,0.0,0,15,3,hat,badge,wristwatch,blue,blue,dealer,ar,middle,0,yes,yes,no,,3,3.33,no,no,69289,6276,108,0.0609,5932,709,1239,733,100,2.46,0.5,1380,0.7798,650,100,100,0.35,1.0,200,0.0,0,15,3,hat,badge,wristwatch,yellow,red,tank,smg,front,1,yes,yes,no,,3,8.83,no,no,134170,3913,148,0.0816,6197,109,2219,518,520,2.0,0.8,1264,0.7583,350,100,100,0.35,1.0,200,0.0,0,20,4,shoes,badge,amulet,red,red,dealer,sr,back,1,no,yes,no,,3,2.47,yes,no,46867,10930,108,0.0609,5715,1128,201,1382,100,2.26,0.5,1980,0.8644,750,100,136,0.0,1.0,200,0.0,0,20,1,gloves,hairpin,wristwatch,yellow,yellow,tank,sg,front,2,no,yes,yes,self,4,7.63,no,no,111386,4757,2792,0.6262,7077,615,246,505,520,2.0,1.0,1948,0.8608,350,100,100,0.0,1.0,200,0.0,0,8,1,shoes,bag,amulet,blue,,support,0,,no,no,,2,6.7,no,67546,5691,599,7564,714,1151,868,2.26,1201,0.7457,100,136,0.0,1.0,shoes,hairpin,wristwatch,blue,support,2,yes,no,,3,4.93,yes,43517,8150,2060,8069,660,786,734,2.46,1582,0.8127,100,100,0.0,1.0,hat,bag,wristwatch,yellow,red,support,1,no,yes,no,4,14.53,no,46530,7493,1804,8526,1160,191,1241,2.26,2194,0.8869,100,100,0.0,1.0,gloves,bag,wristwatch,blue,support,2,yes,no,3,4.93,yes,43517,8150,2060,8069,660,786,734,2.46,1582,0.8127,100,100,0.0,1.0,hat,bag,wristwatch,1.3,0.75,1.3,0.75,0.8,0.0,1.1,0.45,1.1,0.45,1.3,0.75,0.8,0.0,1.0,0.3,1.3,0.75,0.8,0.0,1.0,0.3,0.8,0.0,17,2.833333333333333,0.408248290463863,20,3.333333333333333,0.5163977794943222,3,0.5,0.1081494890304591,33.59,5.598333333333334,2.450897114663663,41.72,6.953333333333333,4.44315953648602,8.129999999999995,1.3549999999999995,1.9922624218223568,414102,69017.0,33626.9063400129,451759,75293.16666666667,38601.33576661132,37657,6276.166666666672,4974.429426598421,43027,7171.166666666667,2428.881505274941,41519,6919.833333333333,2532.061722523104,-1508,-251.33333333333397,103.18021724816252,3136,522.6666666666666,777.3441108458125,7020,1170.0,1193.7430209220072,3884,647.3333333333334,416.39891007619474,38974,6495.666666666667,1061.1702345366962,41516,6919.333333333333,1172.6023480560946,2542,423.66666666666606,111.4321135193984,4811,801.8333333333334,468.5729043240408,4381,730.1666666666666,386.6551004017233,-430,-71.66666666666674,-81.91780392231755,5790,965.0,760.5742567297423,4882,813.6666666666666,805.2273384993002,-908,-151.33333333333337,44.65308176955796,5059,843.1666666666666,290.21124490044605,5113,852.1666666666666,372.0942980840565,54,9.0,81.8830531836104,0.75,0.25,0.5,0.5,0.5,0.25,0.25,0.25,0.5,0.25,12.791089069471,29.243515205724503,6.445779963403477,24.05505045196552,31.117812420138,15.094087021197472,7.787797346752059,17.465483588272782,18.13385867264113,17.866295094090077,-0.2675635785510515,15.271570132123315,9.849923312883435,12.560746722503376,,13.449493865030677,13.449493865030677,0.8887471425272988
marina,iori,shun,tshiroko,rio,sshiroko,marina,tshiroko,hoshino,shun,sayane,sshiroko,1,yellow,red,tank,smg,front,1,yes,yes,no,,3,8.83,no,no,134170,3913,148,0.0816,6197,109,2219,518,520,2.0,0.8,1264,0.7583,350,100,100,0.35,1.0,200,0.0,0,20,4,shoes,badge,amulet,yellow,yellow,dealer,sr,back,1,no,yes,no,,3,7.33,no,no,52713,8067,113,0.0635,5497,1491,194,824,100,2.46,0.5,2056,0.8728,650,100,136,0.0,1.0,200,0.0,0,5,1,hat,hairpin,wristwatch,red,red,dealer,sr,back,1,no,yes,no,,3,2.47,yes,no,46867,10930,108,0.0609,5715,1128,201,1382,100,2.26,0.5,1980,0.8644,750,100,136,0.0,1.0,200,0.0,0,20,1,gloves,hairpin,wristwatch,blue,blue,dealer,ar,middle,0,yes,yes,no,,3,3.33,no,no,69289,6276,108,0.0609,5932,709,1239,733,100,2.46,0.5,1380,0.7798,650,100,100,0.35,1.0,200,0.0,0,15,3,hat,badge,wristwatch,yellow,red,tank,smg,front,1,yes,yes,no,,3,8.83,no,no,134170,3913,148,0.0816,6197,109,2219,518,520,2.0,0.8,1264,0.7583,350,100,100,0.35,1.0,200,0.0,0,20,4,shoes,badge,amulet,blue,blue,dealer,ar,middle,0,yes,yes,no,,3,3.33,no,no,69289,6276,108,0.0609,5932,709,1239,733,100,2.46,0.5,1380,0.7798,650,100,100,0.35,1.0,200,0.0,0,15,3,hat,badge,wristwatch,yellow,yellow,tank,sg,front,2,no,yes,yes,self,4,7.63,no,no,111386,4757,2792,0.6262,7077,615,246,505,520,2.0,1.0,1948,0.8608,350,100,100,0.0,1.0,200,0.0,0,8,1,shoes,bag,amulet,red,red,dealer,sr,back,1,no,yes,no,,3,2.47,yes,no,46867,10930,108,0.0609,5715,1128,201,1382,100,2.26,0.5,1980,0.8644,750,100,136,0.0,1.0,200,0.0,0,20,1,gloves,hairpin,wristwatch,blue,,support,0,,no,no,,2,6.7,no,67546,5691,599,7564,714,1151,868,2.26,1201,0.7457,100,136,0.0,1.0,shoes,hairpin,wristwatch,blue,support,2,yes,no,,3,4.93,yes,43517,8150,2060,8069,660,786,734,2.46,1582,0.8127,100,100,0.0,1.0,hat,bag,wristwatch,yellow,red,support,1,no,yes,no,4,14.53,no,46530,7493,1804,8526,1160,191,1241,2.26,2194,0.8869,100,100,0.0,1.0,gloves,bag,wristwatch,blue,support,2,yes,no,3,4.93,yes,43517,8150,2060,8069,660,786,734,2.46,1582,0.8127,100,100,0.0,1.0,hat,bag,wristwatch,1.3,0.75,1.3,0.75,0.8,0.0,1.1,0.45,1.3,0.75,1.1,0.45,1.0,0.3,0.8,0.0,1.3,0.75,0.8,0.0,1.0,0.3,0.8,0.0,17,2.833333333333333,0.408248290463863,20,3.333333333333333,0.5163977794943222,3,0.5,0.1081494890304591,33.59,5.598333333333334,2.450897114663663,41.72,6.953333333333333,4.44315953648602,8.129999999999995,1.3549999999999995,1.9922624218223568,414102,69017.0,33626.9063400129,451759,75293.16666666667,38601.33576661132,37657,6276.166666666672,4974.429426598421,43027,7171.166666666667,2428.881505274941,41519,6919.833333333333,2532.061722523104,-1508,-251.33333333333397,103.18021724816252,3136,522.6666666666666,777.3441108458125,7020,1170.0,1193.7430209220072,3884,647.3333333333334,416.39891007619474,38974,6495.666666666667,1061.1702345366962,41516,6919.333333333333,1172.6023480560946,2542,423.66666666666606,111.4321135193984,4811,801.8333333333334,468.5729043240408,4381,730.1666666666666,386.6551004017233,-430,-71.66666666666674,-81.91780392231755,5790,965.0,760.5742567297423,4882,813.6666666666666,805.2273384993002,-908,-151.33333333333337,44.65308176955796,5059,843.1666666666666,290.21124490044605,5113,852.1666666666666,372.0942980840565,54,9.0,81.8830531836104,0.75,0.25,0.5,0.5,0.5,0.25,0.25,0.25,0.5,0.25,29.243515205724503,12.791089069471,24.05505045196552,6.445779963403477,31.117812420138,15.094087021197472,7.787797346752058,17.465483588272786,18.13385867264113,17.866295094090077,-0.267563578551055,15.271570132123315,9.849923312883435,12.560746722503376,,13.449493865030677,13.449493865030677,0.8887471425272988
tshiroko,iori,shun,marina,nagisa,sshiroko,hoshino,tshiroko,shun,marina,sayane,sshiroko,1,blue,blue,dealer,ar,middle,0,yes,yes,no,,3,3.33,no,no,69289,6276,108,0.0609,5932,709,1239,733,100,2.46,0.5,1380,0.7798,650,100,100,0.35,1.0,200,0.0,0,15,3,hat,badge,wristwatch,yellow,yellow,dealer,sr,back,1,no,yes,no,,3,7.33,no,no,52713,8067,113,0.0635,5497,1491,194,824,100,2.46,0.5,2056,0.8728,650,100,136,0.0,1.0,200,0.0,0,5,1,hat,hairpin,wristwatch,red,red,dealer,sr,back,1,no,yes,no,,3,2.47,yes,no,46867,10930,108,0.0609,5715,1128,201,1382,100,2.26,0.5,1980,0.8644,750,100,136,0.0,1.0,200,0.0,0,20,1,gloves,hairpin,wristwatch,yellow,red,tank,smg,front,1,yes,yes,no,,3,8.83,no,no,134170,3913,148,0.0816,6197,109,2219,518,520,2.0,0.8,1264,0.7583,350,100,100,0.35,1.0,200,0.0,0,20,4,shoes,badge,amulet,yellow,yellow,tank,sg,front,2,no,yes,yes,self,4,7.63,no,no,111386,4757,2792,0.6262,7077,615,246,505,520,2.0,1.0,1948,0.8608,350,100,100,0.0,1.0,200,0.0,0,8,1,shoes,bag,amulet,blue,blue,dealer,ar,middle,0,yes,yes,no,,3,3.33,no,no,69289,6276,108,0.0609,5932,709,1239,733,100,2.46,0.5,1380,0.7798,650,100,100,0.35,1.0,200,0.0,0,15,3,hat,badge,wristwatch,red,red,dealer,sr,back,1,no,yes,no,,3,2.47,yes,no,46867,10930,108,0.0609,5715,1128,201,1382,100,2.26,0.5,1980,0.8644,750,100,136,0.0,1.0,200,0.0,0,20,1,gloves,hairpin,wristwatch,yellow,red,tank,smg,front,1,yes,yes,no,,3,8.83,no,no,134170,3913,148,0.0816,6197,109,2219,518,520,2.0,0.8,1264,0.7583,350,100,100,0.35,1.0,200,0.0,0,20,4,shoes,badge,amulet,red,,support,1,,yes,yes,one,3,6.83,no,44099,7734,2061,11519,759,977,682,2.46,1132,0.731,100,100,0.0,1.0,hat,bag,wristwatch,blue,support,2,yes,no,,3,4.93,yes,43517,8150,2060,8069,660,786,734,2.46,1582,0.8127,100,100,0.0,1.0,hat,bag,wristwatch,yellow,red,support,1,no,yes,no,4,14.53,no,46530,7493,1804,8526,1160,191,1241,2.26,2194,0.8869,100,100,0.0,1.0,gloves,bag,wristwatch,blue,support,2,yes,no,3,4.93,yes,43517,8150,2060,8069,660,786,734,2.46,1582,0.8127,100,100,0.0,1.0,hat,bag,wristwatch,1.1,0.45,1.3,0.75,0.8,0.0,1.3,0.75,1.0,0.3,1.1,0.45,0.8,0.0,1.3,0.75,1.3,0.75,0.8,0.0,1.0,0.3,0.8,0.0,18,3.0,0.0,20,3.333333333333333,0.5163977794943222,2,0.3333333333333335,0.5163977794943222,33.72,5.62,2.4631280924872745,41.72,6.953333333333333,4.44315953648602,8.0,1.333333333333333,1.9800314439987448,390655,65109.16666666666,35159.52236545125,451759,75293.16666666667,38601.33576661132,61104,10184.000000000007,3441.8134011600705,45070,7511.666666666667,2320.6711672847287,41519,6919.833333333333,2532.061722523104,-3551,-591.8333333333339,211.39055523837533,4598,766.3333333333334,1002.5688338795828,7020,1170.0,1193.7430209220072,2422,403.6666666666666,191.17418704242448,42929,7154.833333333333,2328.774305652368,41516,6919.333333333333,1172.6023480560946,-1413,-235.5,-1156.1719575962732,4856,809.3333333333334,467.2441189214336,4381,730.1666666666666,386.6551004017233,-475,-79.16666666666674,-80.5890185197103,5616,936.0,755.3632238863631,4882,813.6666666666666,805.2273384993002,-734,-122.33333333333336,49.8641146129371,4873,812.1666666666666,296.88544367595165,5113,852.1666666666666,372.0942980840565,240,40.0,75.20885440810486,0.75,0.25,0.5,0.5,0.5,0.25,0.25,0.25,0.5,0.25,24.055050451965524,12.791089069471,6.445779963403477,29.24351520572451,17.465483588272786,15.09408702119747,7.787797346752059,31.117812420138,18.13385867264113,17.866295094090077,-0.2675635785510515,15.271570132123315,9.849923312883435,12.560746722503376,11.006028575122835,13.449493865030677,12.227761220076754,-0.3329855024266219
hoshino,shanako,shun,tshiroko,hibiki,sshiroko,iori,marina,hoshino,tshiroko,sayane,sshiroko,1,yellow,yellow,tank,sg,front,2,no,yes,yes,self,4,7.63,no,no,111386,4757,2792,0.6262,7077,615,246,505,520,2.0,1.0,1948,0.8608,350,100,100,0.0,1.0,200,0.0,0,8,1,shoes,bag,amulet,purple,yellow,dealer,ar,middle,2,no,yes,no,,2,3.83,no,no,53852,9363,109,0.0614,6158,701,797,830,100,3.1292,0.5,1396,0.7826,650,100,136,0.0,1.0,200,0.0,0,15,3,hat,hairpin,wristwatch,red,red,dealer,sr,back,1,no,yes,no,,3,2.47,yes,no,46867,10930,108,0.0609,5715,1128,201,1382,100,2.26,0.5,1980,0.8644,750,100,136,0.0,1.0,200,0.0,0,20,1,gloves,hairpin,wristwatch,blue,blue,dealer,ar,middle,0,yes,yes,no,,3,3.33,no,no,69289,6276,108,0.0609,5932,709,1239,733,100,2.46,0.5,1380,0.7798,650,100,100,0.35,1.0,200,0.0,0,15,3,hat,badge,wristwatch,yellow,yellow,dealer,sr,back,1,no,yes,no,,3,7.33,no,no,52713,8067,113,0.0635,5497,1491,194,824,100,2.46,0.5,2056,0.8728,650,100,136,0.0,1.0,200,0.0,0,5,1,hat,hairpin,wristwatch,yellow,red,tank,smg,front,1,yes,yes,no,,3,8.83,no,no,134170,3913,148,0.0816,6197,109,2219,518,520,2.0,0.8,1264,0.7583,350,100,100,0.35,1.0,200,0.0,0,20,4,shoes,badge,amulet,yellow,yellow,tank,sg,front,2,no,yes,yes,self,4,7.63,no,no,111386,4757,2792,0.6262,7077,615,246,505,520,2.0,1.0,1948,0.8608,350,100,100,0.0,1.0,200,0.0,0,8,1,shoes,bag,amulet,blue,blue,dealer,ar,middle,0,yes,yes,no,,3,3.33,no,no,69289,6276,108,0.0609,5932,709,1239,733,100,2.46,0.5,1380,0.7798,650,100,100,0.35,1.0,200,0.0,0,15,3,hat,badge,wristwatch,red,,support,1,,yes,no,,4,4.0,no,43506,7070,437,7437,500,201,831,2.46,1141,0.7329,100,136,0.0,1.0,hat,hairpin,wristwatch,blue,support,2,yes,no,,3,4.93,yes,43517,8150,2060,8069,660,786,734,2.46,1582,0.8127,100,100,0.0,1.0,hat,bag,wristwatch,yellow,red,support,1,no,yes,no,4,14.53,no,46530,7493,1804,8526,1160,191,1241,2.26,2194,0.8869,100,100,0.0,1.0,gloves,bag,wristwatch,blue,support,2,yes,no,3,4.93,yes,43517,8150,2060,8069,660,786,734,2.46,1582,0.8127,100,100,0.0,1.0,hat,bag,wristwatch,1.0,0.3,0.8,0.0,0.8,0.0,1.1,0.45,1.3,0.75,1.3,0.75,1.0,0.3,1.1,0.45,1.0,0.3,0.8,0.0,1.0,0.3,0.8,0.0,19,3.1666666666666665,0.752772652709081,20,3.333333333333333,0.5163977794943222,1,0.1666666666666669,-0.2363748732147588,26.19,4.365,1.7922695109832114,46.58,7.763333333333333,3.868160630928693,20.39,3.3983333333333325,2.075891119945481,368417,61402.833333333336,26340.13586462049,457605,76267.5,37805.916567384,89188,14864.666666666664,11465.780702763514,46546,7757.666666666667,2212.1004196615186,38656,6442.666666666667,1784.6629560414667,-7890,-1315.0,-427.4374636200519,5614,935.6666666666666,1184.24738406579,7025,1170.8333333333333,1192.854796975167,1411,235.16666666666663,8.60741290937699,40388,6731.333333333333,938.8696750170744,41298,6883.0,1219.8093293625852,910,151.66666666666697,280.9396543455109,4313,718.8333333333334,214.45877614746072,4744,790.6666666666666,478.778724116545,431,71.83333333333326,264.3199479690843,3470,578.3333333333334,429.56427536128587,4875,812.5,806.2969056123185,1405,234.16666666666663,376.7326302510326,5015,835.8333333333334,292.8312938650285,4555,759.1666666666666,268.494630610496,-460,-76.66666666666674,-24.33666325453254,0.75,0.25,0.5,0.5,0.25,0.25,0.5,0.25,0.5,0.25,7.612557332341639,15.693968821875798,12.909501786840444,16.411229286169533,22.055838763926843,13.578998896365126,8.457502287282708,19.798139738687063,13.156814306806853,15.972619921565435,2.815805614758583,8.195716001601495,12.637653374233128,10.41668468791731,13.075035360678925,15.245782208588956,14.16040878463394,3.7437240967166296
reisa,iori,tshiroko,hoshino,nyserika,sshiroko,iori,marina,hoshino,tshiroko,sayane,sshiroko,0,yellow,yellow,tank,sg,front,1,no,yes,yes,self,3,4.93,no,yes,122892,5025,2597,0.6091,8080,655,217,518,520,2.0,0.8,1812,0.8444,350,100,100,0.0,1.0,200,0.0,0,8,2,shoes,bag,amulet,yellow,yellow,dealer,sr,back,1,no,yes,no,,3,7.33,no,no,52713,8067,113,0.0635,5497,1491,194,824,100,2.46,0.5,2056,0.8728,650,100,136,0.0,1.0,200,0.0,0,5,1,hat,hairpin,wristwatch,blue,blue,dealer,ar,middle,0,yes,yes,no,,3,3.33,no,no,69289,6276,108,0.0609,5932,709,1239,733,100,2.46,0.5,1380,0.7798,650,100,100,0.35,1.0,200,0.0,0,15,3,hat,badge,wristwatch,yellow,yellow,tank,sg,front,2,no,yes,yes,self,4,7.63,no,no,111386,4757,2792,0.6262,7077,615,246,505,520,2.0,1.0,1948,0.8608,350,100,100,0.0,1.0,200,0.0,0,8,1,shoes,bag,amulet,yellow,yellow,dealer,sr,back,1,no,yes,no,,3,7.33,no,no,52713,8067,113,0.0635,5497,1491,194,824,100,2.46,0.5,2056,0.8728,650,100,136,0.0,1.0,200,0.0,0,5,1,hat,hairpin,wristwatch,yellow,red,tank,smg,front,1,yes,yes,no,,3,8.83,no,no,134170,3913,148,0.0816,6197,109,2219,518,520,2.0,0.8,1264,0.7583,350,100,100,0.35,1.0,200,0.0,0,20,4,shoes,badge,amulet,yellow,yellow,tank,sg,front,2,no,yes,yes,self,4,7.63,no,no,111386,4757,2792,0.6262,7077,615,246,505,520,2.0,1.0,1948,0.8608,350,100,100,0.0,1.0,200,0.0,0,8,1,shoes,bag,amulet,blue,blue,dealer,ar,middle,0,yes,yes,no,,3,3.33,no,no,69289,6276,108,0.0609,5932,709,1239,733,100,2.46,0.5,1380,0.7798,650,100,100,0.35,1.0,200,0.0,0,15,3,hat,badge,wristwatch,yellow,,support,2,,yes,no,,3,5.77,no,71981,5944,1800,8663,763,727,698,2.26,1463,0.794,100,100,0.0,1.0,shoes,bag,wristwatch,blue,support,2,yes,no,,3,4.93,yes,43517,8150,2060,8069,660,786,734,2.46,1582,0.8127,100,100,0.0,1.0,hat,bag,wristwatch,yellow,red,support,1,no,yes,no,4,14.53,no,46530,7493,1804,8526,1160,191,1241,2.26,2194,0.8869,100,100,0.0,1.0,gloves,bag,wristwatch,blue,support,2,yes,no,3,4.93,yes,43517,8150,2060,8069,660,786,734,2.46,1582,0.8127,100,100,0.0,1.0,hat,bag,wristwatch,1.3,0.75,1.3,0.75,1.1,0.45,1.0,0.3,1.3,0.75,1.3,0.75,1.0,0.3,1.1,0.45,1.3,0.75,0.8,0.0,1.0,0.3,0.8,0.0,19,3.1666666666666665,0.4082482904638629,20,3.333333333333333,0.5163977794943222,1,0.1666666666666669,0.1081494890304592,33.92,5.653333333333333,1.6233504448105671,46.58,7.763333333333333,3.868160630928693,12.659999999999997,2.1099999999999994,2.2448101861181256,471778,78629.66666666667,31837.579428509744,457605,76267.5,37805.916567384,-14173,-2362.1666666666715,5968.33713887426,38219,6369.833333333333,1459.4050043311029,38656,6442.666666666667,1784.6629560414667,437,72.83333333333394,325.25795171036384,9470,1578.3333333333333,1191.7121576398667,7025,1170.8333333333333,1192.854796975167,-2445,-407.5,1.1426393353001458,43318,7219.666666666667,1279.904006817178,41298,6883.0,1219.8093293625852,-2020,-336.66666666666697,-60.094677454592784,4893,815.5,334.8251782647177,4744,790.6666666666666,478.778724116545,-149,-24.83333333333337,143.9535458518273,3409,568.1666666666666,421.85467481902657,4875,812.5,806.2969056123185,1466,244.33333333333337,384.4422307932919,4012,668.6666666666666,128.75040453010882,4555,759.1666666666666,268.494630610496,543,90.5,139.74422608038714,0.5,0.5,0.5,0.5,0.25,0.5,0.25,0.25,0.5,0.25,6.594288459154581,13.594716330181448,11.182704435568636,24.24420411089866,20.87952736318408,13.006027643485806,19.798139738687063,22.055838763926843,13.90397833395083,18.934883377320947,5.030905043370117,7.099442813292406,18.6695245398773,12.884483676584852,17.65135010094213,15.245782208588956,16.448566154765544,3.5640824781806906
tshiroko,hoshino,shun,iori,hibiki,sshiroko,hoshino,tshiroko,iori,marina,sayane,sshiroko,1,blue,blue,dealer,ar,middle,0,yes,yes,no,,3,3.33,no,no,69289,6276,108,0.0609,5932,709,1239,733,100,2.46,0.5,1380,0.7798,650,100,100,0.35,1.0,200,0.0,0,15,3,hat,badge,wristwatch,yellow,yellow,tank,sg,front,2,no,yes,yes,self,4,7.63,no,no,111386,4757,2792,0.6262,7077,615,246,505,520,2.0,1.0,1948,0.8608,350,100,100,0.0,1.0,200,0.0,0,8,1,shoes,bag,amulet,red,red,dealer,sr,back,1,no,yes,no,,3,2.47,yes,no,46867,10930,108,0.0609,5715,1128,201,1382,100,2.26,0.5,1980,0.8644,750,100,136,0.0,1.0,200,0.0,0,20,1,gloves,hairpin,wristwatch,yellow,yellow,dealer,sr,back,1,no,yes,no,,3,7.33,no,no,52713,8067,113,0.0635,5497,1491,194,824,100,2.46,0.5,2056,0.8728,650,100,136,0.0,1.0,200,0.0,0,5,1,hat,hairpin,wristwatch,yellow,yellow,tank,sg,front,2,no,yes,yes,self,4,7.63,no,no,111386,4757,2792,0.6262,7077,615,246,505,520,2.0,1.0,1948,0.8608,350,100,100,0.0,1.0,200,0.0,0,8,1,shoes,bag,amulet,blue,blue,dealer,ar,middle,0,yes,yes,no,,3,3.33,no,no,69289,6276,108,0.0609,5932,709,1239,733,100,2.46,0.5,1380,0.7798,650,100,100,0.35,1.0,200,0.0,0,15,3,hat,badge,wristwatch,yellow,yellow,dealer,sr,back,1,no,yes,no,,3,7.33,no,no,52713,8067,113,0.0635,5497,1491,194,824,100,2.46,0.5,2056,0.8728,650,100,136,0.0,1.0,200,0.0,0,5,1,hat,hairpin,wristwatch,yellow,red,tank,smg,front,1,yes,yes,no,,3,8.83,no,no,134170,3913,148,0.0816,6197,109,2219,518,520,2.0,0.8,1264,0.7583,350,100,100,0.35,1.0,200,0.0,0,20,4,shoes,badge,amulet,red,,support,1,,yes,no,,4,4.0,no,43506,7070,437,7437,500,201,831,2.46,1141,0.7329,100,136,0.0,1.0,hat,hairpin,wristwatch,blue,support,2,yes,no,,3,4.93,yes,43517,8150,2060,8069,660,786,734,2.46,1582,0.8127,100,100,0.0,1.0,hat,bag,wristwatch,yellow,red,support,1,no,yes,no,4,14.53,no,46530,7493,1804,8526,1160,191,1241,2.26,2194,0.8869,100,100,0.0,1.0,gloves,bag,wristwatch,blue,support,2,yes,no,3,4.93,yes,43517,8150,2060,8069,660,786,734,2.46,1582,0.8127,100,100,0.0,1.0,hat,bag,wristwatch,1.1,0.45,1.0,0.3,0.8,0.0,1.3,0.75,1.0,0.3,1.1,0.45,1.3,0.75,1.3,0.75,1.0,0.3,0.8,0.0,1.0,0.3,0.8,0.0,20,3.333333333333333,0.5163977794943222,20,3.333333333333333,0.5163977794943222,0,0.0,0.0,29.69,4.948333333333333,2.122474185159072,46.58,7.763333333333333,3.868160630928693,16.889999999999997,2.8149999999999995,1.7456864457696208,367278,61213.0,26409.451664129643,457605,76267.5,37805.916567384,90327,15054.5,11396.46490325436,45250,7541.666666666667,2083.535328874139,38656,6442.666666666667,1784.6629560414667,-6594,-1099.0,-298.8723728326722,5618,936.3333333333334,1183.6899368781783,7025,1170.8333333333333,1192.854796975167,1407,234.4999999999999,9.164860096988376,39727,6621.166666666667,1051.6110339220802,41298,6883.0,1219.8093293625852,1571,261.83333333333303,168.19829544050504,5103,850.5,379.9656563427805,4744,790.6666666666666,478.77872411654494,-359,-59.83333333333337,98.81306777376444,2867,477.8333333333333,438.6166511507135,4875,812.5,806.2969056123185,2008,334.6666666666667,367.680254461605,5009,834.8333333333334,292.8654412296996,4555,759.1666666666666,268.494630610496,-454,-75.66666666666674,-24.370810619203667,0.75,0.25,0.5,0.5,0.5,0.25,0.25,0.25,0.5,0.25,12.879572209375656,16.320486775015933,7.594908268253377,15.657583695374392,19.798139738687063,22.055838763926843,8.457502287282708,13.006027643485806,13.11313773700484,15.829377108345604,2.7162393713407624,8.176714933938342,12.567776073619632,10.372245503778988,13.075035360678925,15.245782208588956,14.160408784633942,3.7881632808549535
reisa,tshiroko,marina,nymutsuki,sayane,sshiroko,iori,marina,hoshino,tshiroko,sayane,sshiroko,0,yellow,yellow,tank,sg,front,1,no,yes,yes,self,3,4.93,no,yes,122892,5025,2597,0.6091,8080,655,217,518,520,2.0,0.8,1812,0.8444,350,100,100,0.0,1.0,200,0.0,0,8,2,shoes,bag,amulet,blue,blue,dealer,ar,middle,0,yes,yes,no,,3,3.33,no,no,69289,6276,108,0.0609,5932,709,1239,733,100,2.46,0.5,1380,0.7798,650,100,100,0.35,1.0,200,0.0,0,15,3,hat,badge,wristwatch,yellow,red,tank,smg,front,1,yes,yes,no,,3,8.83,no,no,134170,3913,148,0.0816,6197,109,2219,518,520,2.0,0.8,1264,0.7583,350,100,100,0.35,1.0,200,0.0,0,20,4,shoes,badge,amulet,blue,yellow,dealer,mg,back,1,no,yes,no,,2,4.67,no,no,62027,11562,418,0.2005,5939,324,640,1189,100,2.26,0.5,1328,0.7704,750,100,100,0.35,1.0,200,0.0,684,25,5,gloves,badge,wristwatch,yellow,yellow,dealer,sr,back,1,no,yes,no,,3,7.33,no,no,52713,8067,113,0.0635,5497,1491,194,824,100,2.46,0.5,2056,0.8728,650,100,136,0.0,1.0,200,0.0,0,5,1,hat,hairpin,wristwatch,yellow,red,tank,smg,front,1,yes,yes,no,,3,8.83,no,no,134170,3913,148,0.0816,6197,109,2219,518,520,2.0,0.8,1264,0.7583,350,100,100,0.35,1.0,200,0.0,0,20,4,shoes,badge,amulet,yellow,yellow,tank,sg,front,2,no,yes,yes,self,4,7.63,no,no,111386,4757,2792,0.6262,7077,615,246,505,520,2.0,1.0,1948,0.8608,350,100,100,0.0,1.0,200,0.0,0,8,1,shoes,bag,amulet,blue,blue,dealer,ar,middle,0,yes,yes,no,,3,3.33,no,no,69289,6276,108,0.0609,5932,709,1239,733,100,2.46,0.5,1380,0.7798,650,100,100,0.35,1.0,200,0.0,0,15,3,hat,badge,wristwatch,yellow,red,support,1,no,yes,no,,4,14.53,no,46530,7493,1804,8526,1160,191,1241,2.26,2194,0.8869,100,100,0.0,1.0,gloves,bag,wristwatch,blue,support,2,yes,no,,3,4.93,yes,43517,8150,2060,8069,660,786,734,2.46,1582,0.8127,100,100,0.0,1.0,hat,bag,wristwatch,yellow,red,support,1,no,yes,no,4,14.53,no,46530,7493,1804,8526,1160,191,1241,2.26,2194,0.8869,100,100,0.0,1.0,gloves,bag,wristwatch,blue,support,2,yes,no,3,4.93,yes,43517,8150,2060,8069,660,786,734,2.46,1582,0.8127,100,100,0.0,1.0,hat,bag,wristwatch,1.3,0.75,1.1,0.45,1.3,0.75,1.0,0.3,1.3,0.75,1.3,0.75,1.0,0.3,1.1,0.45,1.0,0.3,0.8,0.0,1.0,0.3,0.8,0.0,18,3.0,0.6324555320336759,20,3.333333333333333,0.5163977794943222,2,0.3333333333333335,-0.1160577525393536,41.22,6.87,4.181291666459062,46.58,7.763333333333333,3.868160630928693,5.359999999999999,0.8933333333333326,-0.3131310355303691,478425,79737.5,39147.678259380846,457605,76267.5,37805.916567384,-20820,-3470.0,-1341.7616919968425,42419,7069.833333333333,2694.531604317653,38656,6442.666666666667,1784.6629560414667,-3763,-627.1666666666661,-909.8686482761864,7135,1189.1666666666667,1092.3381192042448,7025,1170.8333333333333,1192.854796975167,-110,-18.333333333333485,100.51667777092212,42743,7123.833333333333,1221.2274835863573,41298,6883.0,1219.8093293625852,-1445,-240.83333333333303,-1.418154223772035,3617,602.8333333333334,360.36504639971207,4744,790.6666666666666,478.778724116545,1127,187.8333333333333,118.41367771683292,5292,882.0,761.906030951324,4875,812.5,806.2969056123185,-417,-69.5,44.39087466099443,4933,822.1666666666666,319.6081454948648,4555,759.1666666666666,268.494630610496,-378,-63.0,-51.11351488436884,0.5,0.5,0.5,0.5,0.25,0.5,0.25,0.25,0.5,0.25,13.328638279409942,27.47818170201891,22.60292726508304,21.45683954748247,20.87952736318408,19.798139738687063,26.81309097878865,10.746680937554055,21.216646698498597,19.559359754553466,-1.657286943945131,14.349676364606967,16.52308282208589,15.43637959334643,14.002352195382358,15.245782208588956,14.624067201985657,-0.8123123913607735
marina,tshiroko,shun,haruka,sayane,sshiroko,tshiroko,hoshino,marina,iori,sayane,sshiroko,0,yellow,red,tank,smg,front,1,yes,yes,no,,3,8.83,no,no,134170,3913,148,0.0816,6197,109,2219,518,520,2.0,0.8,1264,0.7583,350,100,100,0.35,1.0,200,0.0,0,20,4,shoes,badge,amulet,blue,blue,dealer,ar,middle,0,yes,yes,no,,3,3.33,no,no,69289,6276,108,0.0609,5932,709,1239,733,100,2.46,0.5,1380,0.7798,650,100,100,0.35,1.0,200,0.0,0,15,3,hat,badge,wristwatch,red,red,dealer,sr,back,1,no,yes,no,,3,2.47,yes,no,46867,10930,108,0.0609,5715,1128,201,1382,100,2.26,0.5,1980,0.8644,750,100,136,0.0,1.0,200,0.0,0,20,1,gloves,hairpin,wristwatch,red,red,tank,sg,front,1,no,yes,no,,4,5.67,no,no,150581,3216,2700,0.6183,5596,593,237,497,520,2.0,0.8,2020,0.8689,350,100,100,0.0,1.0,200,0.0,0,8,1,shoes,bag,amulet,blue,blue,dealer,ar,middle,0,yes,yes,no,,3,3.33,no,no,69289,6276,108,0.0609,5932,709,1239,733,100,2.46,0.5,1380,0.7798,650,100,100,0.35,1.0,200,0.0,0,15,3,hat,badge,wristwatch,yellow,yellow,tank,sg,front,2,no,yes,yes,self,4,7.63,no,no,111386,4757,2792,0.6262,7077,615,246,505,520,2.0,1.0,1948,0.8608,350,100,100,0.0,1.0,200,0.0,0,8,1,shoes,bag,amulet,yellow,red,tank,smg,front,1,yes,yes,no,,3,8.83,no,no,134170,3913,148,0.0816,6197,109,2219,518,520,2.0,0.8,1264,0.7583,350,100,100,0.35,1.0,200,0.0,0,20,4,shoes,badge,amulet,yellow,yellow,dealer,sr,back,1,no,yes,no,,3,7.33,no,no,52713,8067,113,0.0635,5497,1491,194,824,100,2.46,0.5,2056,0.8728,650,100,136,0.0,1.0,200,0.0,0,5,1,hat,hairpin,wristwatch,yellow,red,support,1,no,yes,no,,4,14.53,no,46530,7493,1804,8526,1160,191,1241,2.26,2194,0.8869,100,100,0.0,1.0,gloves,bag,wristwatch,blue,support,2,yes,no,,3,4.93,yes,43517,8150,2060,8069,660,786,734,2.46,1582,0.8127,100,100,0.0,1.0,hat,bag,wristwatch,yellow,red,support,1,no,yes,no,4,14.53,no,46530,7493,1804,8526,1160,191,1241,2.26,2194,0.8869,100,100,0.0,1.0,gloves,bag,wristwatch,blue,support,2,yes,no,3,4.93,yes,43517,8150,2060,8069,660,786,734,2.46,1582,0.8127,100,100,0.0,1.0,hat,bag,wristwatch,1.3,0.75,1.1,0.45,0.8,0.0,1.1,0.45,1.1,0.45,1.0,0.3,1.3,0.75,1.3,0.75,1.0,0.3,0.8,0.0,1.0,0.3,0.8,0.0,20,3.333333333333333,0.5163977794943222,20,3.333333333333333,0.5163977794943222,0,0.0,0.0,39.76,6.626666666666666,4.455493986828696,46.58,7.763333333333333,3.868160630928693,6.82,1.1366666666666667,-0.5873333559000029,490954,81825.66666666667,48082.9273387828,457605,76267.5,37805.916567384,-33349,-5558.166666666672,-10277.010771398796,39978,6663.0,2853.118854867424,38656,6442.666666666667,1784.6629560414667,-1322,-220.33333333333303,-1068.455898825957,6928,1154.6666666666667,1169.0780413071946,7025,1170.8333333333333,1192.854796975167,97,16.166666666666515,23.77675566797234,40035,6672.5,1283.4152484679305,41298,6883.0,1219.8093293625852,1263,210.5,-63.60591910534527,4359,726.5,388.0673910546981,4744,790.6666666666666,478.77872411654494,385,64.16666666666663,90.7113330618468,4873,812.1666666666666,806.503668104905,4875,812.5,806.2969056123185,2,0.3333333333333712,-0.2067624925865629,5105,850.8333333333334,373.59840292306745,4555,759.1666666666666,268.494630610496,-550,-91.66666666666674,-105.1037723125715,0.5,0.5,0.5,0.5,0.25,0.5,0.25,0.25,0.5,0.25,14.589806405353729,38.49721463107,46.80072834142602,22.70128300483451,26.81309097878865,19.798139738687063,8.45750228728271,28.74393656716418,30.64725809567107,20.953167392980653,-9.694090702690415,24.4403109568931,11.23504601226994,17.83767848458152,14.002352195382356,15.245782208588958,14.624067201985657,-3.213611282595864
shun,hoshino,tshiroko,iori,hibiki,sshiroko,tshiroko,hoshino,marina,iori,sayane,sshiroko,0,red,red,dealer,sr,back,1,no,yes,no,,3,2.47,yes,no,46867,10930,108,0.0609,5715,1128,201,1382,100,2.26,0.5,1980,0.8644,750,100,136,0.0,1.0,200,0.0,0,20,1,gloves,hairpin,wristwatch,yellow,yellow,tank,sg,front,2,no,yes,yes,self,4,7.63,no,no,111386,4757,2792,0.6262,7077,615,246,505,520,2.0,1.0,1948,0.8608,350,100,100,0.0,1.0,200,0.0,0,8,1,shoes,bag,amulet,blue,blue,dealer,ar,middle,0,yes,yes,no,,3,3.33,no,no,69289,6276,108,0.0609,5932,709,1239,733,100,2.46,0.5,1380,0.7798,650,100,100,0.35,1.0,200,0.0,0,15,3,hat,badge,wristwatch,yellow,yellow,dealer,sr,back,1,no,yes,no,,3,7.33,no,no,52713,8067,113,0.0635,5497,1491,194,824,100,2.46,0.5,2056,0.8728,650,100,136,0.0,1.0,200,0.0,0,5,1,hat,hairpin,wristwatch,blue,blue,dealer,ar,middle,0,yes,yes,no,,3,3.33,no,no,69289,6276,108,0.0609,5932,709,1239,733,100,2.46,0.5,1380,0.7798,650,100,100,0.35,1.0,200,0.0,0,15,3,hat,badge,wristwatch,yellow,yellow,tank,sg,front,2,no,yes,yes,self,4,7.63,no,no,111386,4757,2792,0.6262,7077,615,246,505,520,2.0,1.0,1948,0.8608,350,100,100,0.0,1.0,200,0.0,0,8,1,shoes,bag,amulet,yellow,red,tank,smg,front,1,yes,yes,no,,3,8.83,no,no,134170,3913,148,0.0816,6197,109,2219,518,520,2.0,0.8,1264,0.7583,350,100,100,0.35,1.0,200,0.0,0,20,4,shoes,badge,amulet,yellow,yellow,dealer,sr,back,1,no,yes,no,,3,7.33,no,no,52713,8067,113,0.0635,5497,1491,194,824,100,2.46,0.5,2056,0.8728,650,100,136,0.0,1.0,200,0.0,0,5,1,hat,hairpin,wristwatch,red,,support,1,,yes,no,,4,4.0,no,43506,7070,437,7437,500,201,831,2.46,1141,0.7329,100,136,0.0,1.0,hat,hairpin,wristwatch,blue,support,2,yes,no,,3,4.93,yes,43517,8150,2060,8069,660,786,734,2.46,1582,0.8127,100,100,0.0,1.0,hat,bag,wristwatch,yellow,red,support,1,no,yes,no,4,14.53,no,46530,7493,1804,8526,1160,191,1241,2.26,2194,0.8869,100,100,0.0,1.0,gloves,bag,wristwatch,blue,support,2,yes,no,3,4.93,yes,43517,8150,2060,8069,660,786,734,2.46,1582,0.8127,100,100,0.0,1.0,hat,bag,wristwatch,0.8,0.0,1.0,0.3,1.1,0.45,1.3,0.75,1.1,0.45,1.0,0.3,1.3,0.75,1.3,0.75,1.0,0.3,0.8,0.0,1.0,0.3,0.8,0.0,20,3.333333333333333,0.5163977794943222,20,3.333333333333333,0.5163977794943222,0,0.0,0.0,29.69,4.948333333333333,2.122474185159072,46.58,7.763333333333333,3.868160630928693,16.89,2.8149999999999995,1.7456864457696213,367278,61213.0,26409.451664129643,457605,76267.5,37805.916567384,90327,15054.5,11396.46490325436,45250,7541.666666666667,2083.535328874139,38656,6442.666666666667,1784.6629560414667,-6594,-1099.0,-298.8723728326722,5618,936.3333333333334,1183.6899368781783,7025,1170.8333333333333,1192.854796975167,1407,234.4999999999999,9.164860096988376,39727,6621.166666666667,1051.6110339220802,41298,6883.0,1219.8093293625852,1571,261.83333333333303,168.19829544050504,5103,850.5,379.9656563427805,4744,790.6666666666666,478.77872411654494,-359,-59.83333333333337,98.81306777376444,2867,477.8333333333333,438.6166511507135,4875,812.5,806.2969056123185,2008,334.6666666666667,367.680254461605,5009,834.8333333333334,292.8654412296997,4555,759.1666666666666,268.494630610496,-454,-75.66666666666674,-24.370810619203723,0.75,0.25,0.5,0.5,0.5,0.25,0.25,0.25,0.5,0.25,16.320486775015933,12.879572209375656,15.657583695374392,7.594908268253377,8.45750228728271,22.055838763926847,19.798139738687063,13.006027643485806,13.11313773700484,15.829377108345604,2.716239371340764,8.176714933938342,12.567776073619632,10.372245503778988,13.075035360678925,15.245782208588958,14.16040878463394,3.788163280854953
shun,marina,hoshino,iori,sayane,sshiroko,tshiroko,hoshino,marina,iori,sayane,sshiroko,0,red,red,dealer,sr,back,1,no,yes,no,,3,2.47,yes,no,46867,10930,108,0.0609,5715,1128,201,1382,100,2.26,0.5,1980,0.8644,750,100,136,0.0,1.0,200,0.0,0,20,1,gloves,hairpin,wristwatch,yellow,red,tank,smg,front,1,yes,yes,no,,3,8.83,no,no,134170,3913,148,0.0816,6197,109,2219,518,520,2.0,0.8,1264,0.7583,350,100,100,0.35,1.0,200,0.0,0,20,4,shoes,badge,amulet,yellow,yellow,tank,sg,front,2,no,yes,yes,self,4,7.63,no,no,111386,4757,2792,0.6262,7077,615,246,505,520,2.0,1.0,1948,0.8608,350,100,100,0.0,1.0,200,0.0,0,8,1,shoes,bag,amulet,yellow,yellow,dealer,sr,back,1,no,yes,no,,3,7.33,no,no,52713,8067,113,0.0635,5497,1491,194,824,100,2.46,0.5,2056,0.8728,650,100,136,0.0,1.0,200,0.0,0,5,1,hat,hairpin,wristwatch,blue,blue,dealer,ar,middle,0,yes,yes,no,,3,3.33,no,no,69289,6276,108,0.0609,5932,709,1239,733,100,2.46,0.5,1380,0.7798,650,100,100,0.35,1.0,200,0.0,0,15,3,hat,badge,wristwatch,yellow,yellow,tank,sg,front,2,no,yes,yes,self,4,7.63,no,no,111386,4757,2792,0.6262,7077,615,246,505,520,2.0,1.0,1948,0.8608,350,100,100,0.0,1.0,200,0.0,0,8,1,shoes,bag,amulet,yellow,red,tank,smg,front,1,yes,yes,no,,3,8.83,no,no,134170,3913,148,0.0816,6197,109,2219,518,520,2.0,0.8,1264,0.7583,350,100,100,0.35,1.0,200,0.0,0,20,4,shoes,badge,amulet,yellow,yellow,dealer,sr,back,1,no,yes,no,,3,7.33,no,no,52713,8067,113,0.0635,5497,1491,194,824,100,2.46,0.5,2056,0.8728,650,100,136,0.0,1.0,200,0.0,0,5,1,hat,hairpin,wristwatch,yellow,red,support,1,no,yes,no,,4,14.53,no,46530,7493,1804,8526,1160,191,1241,2.26,2194,0.8869,100,100,0.0,1.0,gloves,bag,wristwatch,blue,support,2,yes,no,,3,4.93,yes,43517,8150,2060,8069,660,786,734,2.46,1582,0.8127,100,100,0.0,1.0,hat,bag,wristwatch,yellow,red,support,1,no,yes,no,4,14.53,no,46530,7493,1804,8526,1160,191,1241,2.26,2194,0.8869,100,100,0.0,1.0,gloves,bag,wristwatch,blue,support,2,yes,no,3,4.93,yes,43517,8150,2060,8069,660,786,734,2.46,1582,0.8127,100,100,0.0,1.0,hat,bag,wristwatch,0.8,0.0,1.3,0.75,1.0,0.3,1.3,0.75,1.1,0.45,1.0,0.3,1.3,0.75,1.3,0.75,1.0,0.3,0.8,0.0,1.0,0.3,0.8,0.0,20,3.333333333333333,0.5163977794943222,20,3.333333333333333,0.5163977794943222,0,0.0,0.0,45.72,7.62,4.075659455842698,46.58,7.763333333333333,3.868160630928693,0.8599999999999994,0.1433333333333326,-0.2074988249140048,435183,72530.5,39694.67360112689,457605,76267.5,37805.916567384,22422,3737.0,-1888.757033742884,43310,7218.333333333333,2546.508956722255,38656,6442.666666666667,1784.6629560414667,-4654,-775.6666666666661,-761.8460006807882,7025,1170.8333333333333,1192.854796975167,7025,1170.8333333333333,1192.854796975167,0,0.0,0.0,41081,6846.833333333333,1256.3159501760165,41298,6883.0,1219.8093293625852,217,36.16666666666697,-36.50662081343103,5163,860.5,494.7745951440919,4744,790.6666666666666,478.77872411654494,-419,-69.83333333333337,-15.995871027546912,3837,639.5,807.8402688650771,4875,812.5,806.2969056123185,1038,173.0,-1.5433632527585814,5204,867.3333333333334,368.0987186430655,4555,759.1666666666666,268.494630610496,-649,-108.16666666666674,-99.6040880325695,0.5,0.5,0.5,0.5,0.5,0.5,0.0,0.25,0.5,0.25,20.28501434034417,23.340524490224933,28.37487222080245,13.763589314491137,8.45750228728271,26.81309097878865,22.055838763926847,13.006027643485806,21.441000091465675,17.583114918371,-3.857885173094676,14.81794675030028,15.620705521472392,15.219326135886336,14.002352195382356,15.245782208588958,14.624067201985657,-0.5952589339006806
iori,marina,tshiroko,hoshino,nagisa,sshiroko,marina,tshiroko,hoshino,iori,sayane,sshiroko,0,yellow,yellow,dealer,sr,back,1,no,yes,no,,3,7.33,no,no,52713,8067,113,0.0635,5497,1491,194,824,100,2.46,0.5,2056,0.8728,650,100,136,0.0,1.0,200,0.0,0,5,1,hat,hairpin,wristwatch,yellow,red,tank,smg,front,1,yes,yes,no,,3,8.83,no,no,134170,3913,148,0.0816,6197,109,2219,518,520,2.0,0.8,1264,0.7583,350,100,100,0.35,1.0,200,0.0,0,20,4,shoes,badge,amulet,blue,blue,dealer,ar,middle,0,yes,yes,no,,3,3.33,no,no,69289,6276,108,0.0609,5932,709,1239,733,100,2.46,0.5,1380,0.7798,650,100,100,0.35,1.0,200,0.0,0,15,3,hat,badge,wristwatch,yellow,yellow,tank,sg,front,2,no,yes,yes,self,4,7.63,no,no,111386,4757,2792,0.6262,7077,615,246,505,520,2.0,1.0,1948,0.8608,350,100,100,0.0,1.0,200,0.0,0,8,1,shoes,bag,amulet,yellow,red,tank,smg,front,1,yes,yes,no,,3,8.83,no,no,134170,3913,148,0.0816,6197,109,2219,518,520,2.0,0.8,1264,0.7583,350,100,100,0.35,1.0,200,0.0,0,20,4,shoes,badge,amulet,blue,blue,dealer,ar,middle,0,yes,yes,no,,3,3.33,no,no,69289,6276,108,0.0609,5932,709,1239,733,100,2.46,0.5,1380,0.7798,650,100,100,0.35,1.0,200,0.0,0,15,3,hat,badge,wristwatch,yellow,yellow,tank,sg,front,2,no,yes,yes,self,4,7.63,no,no,111386,4757,2792,0.6262,7077,615,246,505,520,2.0,1.0,1948,0.8608,350,100,100,0.0,1.0,200,0.0,0,8,1,shoes,bag,amulet,yellow,yellow,dealer,sr,back,1,no,yes,no,,3,7.33,no,no,52713,8067,113,0.0635,5497,1491,194,824,100,2.46,0.5,2056,0.8728,650,100,136,0.0,1.0,200,0.0,0,5,1,hat,hairpin,wristwatch,red,,support,1,,yes,yes,one,3,6.83,no,44099,7734,2061,11519,759,977,682,2.46,1132,0.731,100,100,0.0,1.0,hat,bag,wristwatch,blue,support,2,yes,no,,3,4.93,yes,43517,8150,2060,8069,660,786,734,2.46,1582,0.8127,100,100,0.0,1.0,hat,bag,wristwatch,yellow,red,support,1,no,yes,no,4,14.53,no,46530,7493,1804,8526,1160,191,1241,2.26,2194,0.8869,100,100,0.0,1.0,gloves,bag,wristwatch,blue,support,2,yes,no,3,4.93,yes,43517,8150,2060,8069,660,786,734,2.46,1582,0.8127,100,100,0.0,1.0,hat,bag,wristwatch,1.3,0.75,1.3,0.75,1.1,0.45,1.0,0.3,1.3,0.75,1.1,0.45,1.0,0.3,1.3,0.75,1.3,0.75,0.8,0.0,1.0,0.3,0.8,0.0,19,3.1666666666666665,0.4082482904638629,20,3.333333333333333,0.5163977794943222,1,0.1666666666666669,0.1081494890304592,38.88,6.48,2.0007498594277098,46.58,7.763333333333333,3.868160630928693,7.699999999999996,1.2833333333333323,1.8674107715009831,455174,75862.33333333333,38199.33288248195,457605,76267.5,37805.916567384,2431,405.1666666666715,-393.4163150979439,38897,6482.833333333333,1815.476291959404,38656,6442.666666666667,1784.6629560414667,-241,-40.16666666666606,-30.813335917937135,7282,1213.6666666666667,1224.3366639395665,7025,1170.8333333333333,1192.854796975167,-257,-42.833333333333485,-31.48186696439961,44291,7381.833333333333,2224.3971243163096,41298,6883.0,1219.8093293625852,-2993,-498.833333333333,-1004.5877949537244,4343,723.8333333333334,443.60812285920406,4744,790.6666666666666,478.77872411654494,401,66.83333333333326,35.17060125734088,5661,943.5,746.7804898362035,4875,812.5,806.2969056123185,-786,-131.0,59.51641577611497,3996,666.0,128.18580264600288,4555,759.1666666666666,268.494630610496,559,93.16666666666664,140.30882796449308,0.5,0.5,0.5,0.5,0.25,0.5,0.25,0.25,0.5,0.25,26.81309097878865,19.798139738687063,22.055838763926843,13.006027643485806,13.006027643485806,26.81309097878865,19.798139738687063,22.055838763926847,20.41827428122209,20.41827428122209,0.0,14.002352195382356,15.245782208588956,14.624067201985657,11.952482544608223,15.245782208588958,13.59913237659859,-1.0249348253870671
iori,marina,tshiroko,hoshino,nagisa,sshiroko,tshiroko,marina,hoshino,iori,sayane,sshiroko,0,yellow,yellow,dealer,sr,back,1,no,yes,no,,3,7.33,no,no,52713,8067,113,0.0635,5497,1491,194,824,100,2.46,0.5,2056,0.8728,650,100,136,0.0,1.0,200,0.0,0,5,1,hat,hairpin,wristwatch,yellow,red,tank,smg,front,1,yes,yes,no,,3,8.83,no,no,134170,3913,148,0.0816,6197,109,2219,518,520,2.0,0.8,1264,0.7583,350,100,100,0.35,1.0,200,0.0,0,20,4,shoes,badge,amulet,blue,blue,dealer,ar,middle,0,yes,yes,no,,3,3.33,no,no,69289,6276,108,0.0609,5932,709,1239,733,100,2.46,0.5,1380,0.7798,650,100,100,0.35,1.0,200,0.0,0,15,3,hat,badge,wristwatch,yellow,yellow,tank,sg,front,2,no,yes,yes,self,4,7.63,no,no,111386,4757,2792,0.6262,7077,615,246,505,520,2.0,1.0,1948,0.8608,350,100,100,0.0,1.0,200,0.0,0,8,1,shoes,bag,amulet,blue,blue,dealer,ar,middle,0,yes,yes,no,,3,3.33,no,no,69289,6276,108,0.0609,5932,709,1239,733,100,2.46,0.5,1380,0.7798,650,100,100,0.35,1.0,200,0.0,0,15,3,hat,badge,wristwatch,yellow,red,tank,smg,front,1,yes,yes,no,,3,8.83,no,no,134170,3913,148,0.0816,6197,109,2219,518,520,2.0,0.8,1264,0.7583,350,100,100,0.35,1.0,200,0.0,0,20,4,shoes,badge,amulet,yellow,yellow,tank,sg,front,2,no,yes,yes,self,4,7.63,no,no,111386,4757,2792,0.6262,7077,615,246,505,520,2.0,1.0,1948,0.8608,350,100,100,0.0,1.0,200,0.0,0,8,1,shoes,bag,amulet,yellow,yellow,dealer,sr,back,1,no,yes,no,,3,7.33,no,no,52713,8067,113,0.0635,5497,1491,194,824,100,2.46,0.5,2056,0.8728,650,100,136,0.0,1.0,200,0.0,0,5,1,hat,hairpin,wristwatch,red,,support,1,,yes,yes,one,3,6.83,no,44099,7734,2061,11519,759,977,682,2.46,1132,0.731,100,100,0.0,1.0,hat,bag,wristwatch,blue,support,2,yes,no,,3,4.93,yes,43517,8150,2060,8069,660,786,734,2.46,1582,0.8127,100,100,0.0,1.0,hat,bag,wristwatch,yellow,red,support,1,no,yes,no,4,14.53,no,46530,7493,1804,8526,1160,191,1241,2.26,2194,0.8869,100,100,0.0,1.0,gloves,bag,wristwatch,blue,support,2,yes,no,3,4.93,yes,43517,8150,2060,8069,660,786,734,2.46,1582,0.8127,100,100,0.0,1.0,hat,bag,wristwatch,1.3,0.75,1.3,0.75,1.1,0.45,1.0,0.3,1.1,0.45,1.3,0.75,1.0,0.3,1.3,0.75,1.3,0.75,0.8,0.0,1.0,0.3,0.8,0.0,19,3.1666666666666665,0.4082482904638629,20,3.333333333333333,0.5163977794943222,1,0.1666666666666669,0.1081494890304592,38.88,6.48,2.0007498594277098,46.58,7.763333333333333,3.868160630928693,7.699999999999996,1.2833333333333323,1.8674107715009831,455174,75862.33333333333,38199.33288248195,457605,76267.5,37805.916567384,2431,405.1666666666715,-393.4163150979439,38897,6482.833333333333,1815.476291959404,38656,6442.666666666667,1784.6629560414667,-241,-40.16666666666606,-30.813335917937135,7282,1213.6666666666667,1224.3366639395665,7025,1170.8333333333333,1192.854796975167,-257,-42.833333333333485,-31.48186696439961,44291,7381.833333333333,2224.3971243163096,41298,6883.0,1219.8093293625852,-2993,-498.833333333333,-1004.5877949537244,4343,723.8333333333334,443.60812285920406,4744,790.6666666666666,478.77872411654494,401,66.83333333333326,35.17060125734088,5661,943.5,746.7804898362035,4875,812.5,806.2969056123185,-786,-131.0,59.51641577611497,3996,666.0,128.18580264600288,4555,759.1666666666666,268.494630610496,559,93.16666666666664,140.30882796449308,0.5,0.5,0.5,0.5,0.25,0.5,0.25,0.25,0.5,0.25,19.798139738687063,26.81309097878865,22.055838763926843,13.006027643485806,13.006027643485806,26.81309097878865,19.798139738687063,22.055838763926847,20.41827428122209,20.41827428122209,0.0,14.002352195382356,15.245782208588956,14.624067201985657,11.952482544608223,15.245782208588958,13.59913237659859,-1.0249348253870671
reisa,tshiroko,shun,marina,sayane,sshiroko,iori,marina,hoshino,tshiroko,sayane,sshiroko,1,yellow,yellow,tank,sg,front,1,no,yes,yes,self,3,4.93,no,yes,122892,5025,2597,0.6091,8080,655,217,518,520,2.0,0.8,1812,0.8444,350,100,100,0.0,1.0,200,0.0,0,8,2,shoes,bag,amulet,blue,blue,dealer,ar,middle,0,yes,yes,no,,3,3.33,no,no,69289,6276,108,0.0609,5932,709,1239,733,100,2.46,0.5,1380,0.7798,650,100,100,0.35,1.0,200,0.0,0,15,3,hat,badge,wristwatch,red,red,dealer,sr,back,1,no,yes,no,,3,2.47,yes,no,46867,10930,108,0.0609,5715,1128,201,1382,100,2.26,0.5,1980,0.8644,750,100,136,0.0,1.0,200,0.0,0,20,1,gloves,hairpin,wristwatch,yellow,red,tank,smg,front,1,yes,yes,no,,3,8.83,no,no,134170,3913,148,0.0816,6197,109,2219,518,520,2.0,0.8,1264,0.7583,350,100,100,0.35,1.0,200,0.0,0,20,4,shoes,badge,amulet,yellow,yellow,dealer,sr,back,1,no,yes,no,,3,7.33,no,no,52713,8067,113,0.0635,5497,1491,194,824,100,2.46,0.5,2056,0.8728,650,100,136,0.0,1.0,200,0.0,0,5,1,hat,hairpin,wristwatch,yellow,red,tank,smg,front,1,yes,yes,no,,3,8.83,no,no,134170,3913,148,0.0816,6197,109,2219,518,520,2.0,0.8,1264,0.7583,350,100,100,0.35,1.0,200,0.0,0,20,4,shoes,badge,amulet,yellow,yellow,tank,sg,front,2,no,yes,yes,self,4,7.63,no,no,111386,4757,2792,0.6262,7077,615,246,505,520,2.0,1.0,1948,0.8608,350,100,100,0.0,1.0,200,0.0,0,8,1,shoes,bag,amulet,blue,blue,dealer,ar,middle,0,yes,yes,no,,3,3.33,no,no,69289,6276,108,0.0609,5932,709,1239,733,100,2.46,0.5,1380,0.7798,650,100,100,0.35,1.0,200,0.0,0,15,3,hat,badge,wristwatch,yellow,red,support,1,no,yes,no,,4,14.53,no,46530,7493,1804,8526,1160,191,1241,2.26,2194,0.8869,100,100,0.0,1.0,gloves,bag,wristwatch,blue,support,2,yes,no,,3,4.93,yes,43517,8150,2060,8069,660,786,734,2.46,1582,0.8127,100,100,0.0,1.0,hat,bag,wristwatch,yellow,red,support,1,no,yes,no,4,14.53,no,46530,7493,1804,8526,1160,191,1241,2.26,2194,0.8869,100,100,0.0,1.0,gloves,bag,wristwatch,blue,support,2,yes,no,3,4.93,yes,43517,8150,2060,8069,660,786,734,2.46,1582,0.8127,100,100,0.0,1.0,hat,bag,wristwatch,1.3,0.75,1.1,0.45,0.8,0.0,1.3,0.75,1.3,0.75,1.3,0.75,1.0,0.3,1.1,0.45,1.0,0.3,0.8,0.0,1.0,0.3,0.8,0.0,19,3.1666666666666665,0.408248290463863,20,3.333333333333333,0.5163977794943222,1,0.1666666666666669,0.1081494890304591,39.02,6.503333333333334,4.497317719115102,46.58,7.763333333333333,3.868160630928693,7.559999999999995,1.259999999999999,-0.6291570881864095,463265,77210.83333333333,40966.34535526286,457605,76267.5,37805.916567384,-5660,-943.3333333333284,-3160.42878787886,41787,6964.5,2488.262747380188,38656,6442.666666666667,1784.6629560414667,-3131,-521.833333333333,-703.5997913387209,6825,1137.5,1142.2976407224169,7025,1170.8333333333333,1192.854796975167,200,33.33333333333326,50.55715625275002,42519,7086.5,1267.2491073186834,41298,6883.0,1219.8093293625852,-1221,-203.5,-47.43977795609817,4421,736.8333333333334,384.6117089567954,4744,790.6666666666666,478.778724116545,323,53.83333333333326,94.1670151597496,4853,808.8333333333334,809.3924676364777,4875,812.5,806.2969056123185,22,3.6666666666666288,-3.095562024159221,5126,854.3333333333334,369.6986159923603,4555,759.1666666666666,268.494630610496,-571,-95.16666666666674,-101.20398538186436,0.5,0.5,0.5,0.5,0.25,0.5,0.25,0.25,0.5,0.25,15.272375108466592,31.48536928188091,25.89914862308177,18.38215025493945,20.87952736318408,19.798139738687063,8.457502287282708,26.81309097878865,22.75976081709218,18.987065091985624,-3.772695725106555,16.442312825303617,14.15538343558282,15.298848130443218,14.002352195382358,15.245782208588956,14.624067201985657,-0.6747809284575617
shun,marina,hoshino,iori,sayane,sshiroko,marina,tshiroko,iori,hoshino,sayane,sshiroko,0,red,red,dealer,sr,back,1,no,yes,no,,3,2.47,yes,no,46867,10930,108,0.0609,5715,1128,201,1382,100,2.26,0.5,1980,0.8644,750,100,136,0.0,1.0,200,0.0,0,20,1,gloves,hairpin,wristwatch,yellow,red,tank,smg,front,1,yes,yes,no,,3,8.83,no,no,134170,3913,148,0.0816,6197,109,2219,518,520,2.0,0.8,1264,0.7583,350,100,100,0.35,1.0,200,0.0,0,20,4,shoes,badge,amulet,yellow,yellow,tank,sg,front,2,no,yes,yes,self,4,7.63,no,no,111386,4757,2792,0.6262,7077,615,246,505,520,2.0,1.0,1948,0.8608,350,100,100,0.0,1.0,200,0.0,0,8,1,shoes,bag,amulet,yellow,yellow,dealer,sr,back,1,no,yes,no,,3,7.33,no,no,52713,8067,113,0.0635,5497,1491,194,824,100,2.46,0.5,2056,0.8728,650,100,136,0.0,1.0,200,0.0,0,5,1,hat,hairpin,wristwatch,yellow,red,tank,smg,front,1,yes,yes,no,,3,8.83,no,no,134170,3913,148,0.0816,6197,109,2219,518,520,2.0,0.8,1264,0.7583,350,100,100,0.35,1.0,200,0.0,0,20,4,shoes,badge,amulet,blue,blue,dealer,ar,middle,0,yes,yes,no,,3,3.33,no,no,69289,6276,108,0.0609,5932,709,1239,733,100,2.46,0.5,1380,0.7798,650,100,100,0.35,1.0,200,0.0,0,15,3,hat,badge,wristwatch,yellow,yellow,dealer,sr,back,1,no,yes,no,,3,7.33,no,no,52713,8067,113,0.0635,5497,1491,194,824,100,2.46,0.5,2056,0.8728,650,100,136,0.0,1.0,200,0.0,0,5,1,hat,hairpin,wristwatch,yellow,yellow,tank,sg,front,2,no,yes,yes,self,4,7.63,no,no,111386,4757,2792,0.6262,7077,615,246,505,520,2.0,1.0,1948,0.8608,350,100,100,0.0,1.0,200,0.0,0,8,1,shoes,bag,amulet,yellow,red,support,1,no,yes,no,,4,14.53,no,46530,7493,1804,8526,1160,191,1241,2.26,2194,0.8869,100,100,0.0,1.0,gloves,bag,wristwatch,blue,support,2,yes,no,,3,4.93,yes,43517,8150,2060,8069,660,786,734,2.46,1582,0.8127,100,100,0.0,1.0,hat,bag,wristwatch,yellow,red,support,1,no,yes,no,4,14.53,no,46530,7493,1804,8526,1160,191,1241,2.26,2194,0.8869,100,100,0.0,1.0,gloves,bag,wristwatch,blue,support,2,yes,no,3,4.93,yes,43517,8150,2060,8069,660,786,734,2.46,1582,0.8127,100,100,0.0,1.0,hat,bag,wristwatch,0.8,0.0,1.3,0.75,1.0,0.3,1.3,0.75,1.3,0.75,1.1,0.45,1.3,0.75,1.0,0.3,1.0,0.3,0.8,0.0,1.0,0.3,0.8,0.0,20,3.333333333333333,0.5163977794943222,20,3.333333333333333,0.5163977794943222,0,0.0,0.0,45.72,7.62,4.075659455842698,46.58,7.763333333333333,3.868160630928693,0.8599999999999994,0.1433333333333326,-0.2074988249140048,435183,72530.5,39694.67360112689,457605,76267.5,37805.916567384,22422,3737.0,-1888.757033742884,43310,7218.333333333333,2546.508956722255,38656,6442.666666666667,1784.6629560414667,-4654,-775.6666666666661,-761.8460006807882,7025,1170.8333333333333,1192.854796975167,7025,1170.8333333333333,1192.854796975167,0,0.0,0.0,41081,6846.833333333333,1256.3159501760165,41298,6883.0,1219.8093293625852,217,36.16666666666697,-36.50662081343103,5163,860.5,494.7745951440919,4744,790.6666666666666,478.77872411654494,-419,-69.83333333333337,-15.995871027546912,3837,639.5,807.8402688650771,4875,812.5,806.2969056123185,1038,173.0,-1.5433632527585814,5204,867.3333333333334,368.0987186430655,4555,759.1666666666666,268.494630610496,-649,-108.16666666666674,-99.6040880325695,0.5,0.5,0.5,0.5,0.5,0.5,0.0,0.25,0.5,0.25,28.37487222080245,20.28501434034417,13.763589314491137,23.340524490224933,8.457502287282708,26.813090978788654,22.055838763926847,13.006027643485806,21.44100009146567,17.583114918371002,-3.857885173094669,14.81794675030028,15.620705521472392,15.219326135886336,14.002352195382358,15.245782208588956,14.624067201985657,-0.5952589339006806
marina,shun,tshiroko,hoshino,nagisa,sshiroko,tshiroko,hoshino,iori,marina,sayane,sshiroko,1,yellow,red,tank,smg,front,1,yes,yes,no,,3,8.83,no,no,134170,3913,148,0.0816,6197,109,2219,518,520,2.0,0.8,1264,0.7583,350,100,100,0.35,1.0,200,0.0,0,20,4,shoes,badge,amulet,red,red,dealer,sr,back,1,no,yes,no,,3,2.47,yes,no,46867,10930,108,0.0609,5715,1128,201,1382,100,2.26,0.5,1980,0.8644,750,100,136,0.0,1.0,200,0.0,0,20,1,gloves,hairpin,wristwatch,blue,blue,dealer,ar,middle,0,yes,yes,no,,3,3.33,no,no,69289,6276,108,0.0609,5932,709,1239,733,100,2.46,0.5,1380,0.7798,650,100,100,0.35,1.0,200,0.0,0,15,3,hat,badge,wristwatch,yellow,yellow,tank,sg,front,2,no,yes,yes,self,4,7.63,no,no,111386,4757,2792,0.6262,7077,615,246,505,520,2.0,1.0,1948,0.8608,350,100,100,0.0,1.0,200,0.0,0,8,1,shoes,bag,amulet,blue,blue,dealer,ar,middle,0,yes,yes,no,,3,3.33,no,no,69289,6276,108,0.0609,5932,709,1239,733,100,2.46,0.5,1380,0.7798,650,100,100,0.35,1.0,200,0.0,0,15,3,hat,badge,wristwatch,yellow,yellow,tank,sg,front,2,no,yes,yes,self,4,7.63,no,no,111386,4757,2792,0.6262,7077,615,246,505,520,2.0,1.0,1948,0.8608,350,100,100,0.0,1.0,200,0.0,0,8,1,shoes,bag,amulet,yellow,yellow,dealer,sr,back,1,no,yes,no,,3,7.33,no,no,52713,8067,113,0.0635,5497,1491,194,824,100,2.46,0.5,2056,0.8728,650,100,136,0.0,1.0,200,0.0,0,5,1,hat,hairpin,wristwatch,yellow,red,tank,smg,front,1,yes,yes,no,,3,8.83,no,no,134170,3913,148,0.0816,6197,109,2219,518,520,2.0,0.8,1264,0.7583,350,100,100,0.35,1.0,200,0.0,0,20,4,shoes,badge,amulet,red,,support,1,,yes,yes,one,3,6.83,no,44099,7734,2061,11519,759,977,682,2.46,1132,0.731,100,100,0.0,1.0,hat,bag,wristwatch,blue,support,2,yes,no,,3,4.93,yes,43517,8150,2060,8069,660,786,734,2.46,1582,0.8127,100,100,0.0,1.0,hat,bag,wristwatch,yellow,red,support,1,no,yes,no,4,14.53,no,46530,7493,1804,8526,1160,191,1241,2.26,2194,0.8869,100,100,0.0,1.0,gloves,bag,wristwatch,blue,support,2,yes,no,3,4.93,yes,43517,8150,2060,8069,660,786,734,2.46,1582,0.8127,100,100,0.0,1.0,hat,bag,wristwatch,1.3,0.75,0.8,0.0,1.1,0.45,1.0,0.3,1.1,0.45,1.0,0.3,1.3,0.75,1.3,0.75,1.3,0.75,0.8,0.0,1.0,0.3,0.8,0.0,19,3.1666666666666665,0.4082482904638629,20,3.333333333333333,0.5163977794943222,1,0.1666666666666669,0.1081494890304592,34.02,5.670000000000001,2.5074289621044104,46.58,7.763333333333333,3.868160630928693,12.559999999999995,2.093333333333332,1.3607316688242823,449328,74888.0,38974.5735884307,457605,76267.5,37805.916567384,8277,1379.5,-1168.6570210466962,41760,6960.0,2544.8516656182537,38656,6442.666666666667,1784.6629560414667,-3104,-517.333333333333,-760.188709576787,7277,1212.8333333333333,1225.2370246881485,7025,1170.8333333333333,1192.854796975167,-252,-42.0,-32.3822277129816,44509,7418.166666666667,2188.9508369688588,41298,6883.0,1219.8093293625852,-3211,-535.166666666667,-969.1415076062736,3980,663.3333333333334,327.6538824226972,4744,790.6666666666666,478.77872411654494,764,127.33333333333326,151.1248416938477,5668,944.6666666666666,745.3795453771634,4875,812.5,806.2969056123185,-793,-132.16666666666663,60.91736023515512,4554,759.0,321.8558683634648,4555,759.1666666666666,268.494630610496,1,0.1666666666666287,-53.36123775296886,0.5,0.5,0.5,0.5,0.25,0.5,0.25,0.25,0.5,0.25,17.465483588272786,25.596804708850115,15.094087021197472,31.117812420138,26.81309097878865,8.457502287282708,19.798139738687063,22.055838763926843,22.318546934614595,19.28114294217132,-3.037403992443277,16.250367009208595,13.449493865030677,14.849930437119635,11.952482544608223,15.245782208588956,13.599132376598591,-1.2507980605210438
tshiroko,hoshino,marina,iori,nagisa,sshiroko,tshiroko,hoshino,iori,marina,sayane,sshiroko,0,blue,blue,dealer,ar,middle,0,yes,yes,no,,3,3.33,no,no,69289,6276,108,0.0609,5932,709,1239,733,100,2.46,0.5,1380,0.7798,650,100,100,0.35,1.0,200,0.0,0,15,3,hat,badge,wristwatch,yellow,yellow,tank,sg,front,2,no,yes,yes,self,4,7.63,no,no,111386,4757,2792,0.6262,7077,615,246,505,520,2.0,1.0,1948,0.8608,350,100,100,0.0,1.0,200,0.0,0,8,1,shoes,bag,amulet,yellow,red,tank,smg,front,1,yes,yes,no,,3,8.83,no,no,134170,3913,148,0.0816,6197,109,2219,518,520,2.0,0.8,1264,0.7583,350,100,100,0.35,1.0,200,0.0,0,20,4,shoes,badge,amulet,yellow,yellow,dealer,sr,back,1,no,yes,no,,3,7.33,no,no,52713,8067,113,0.0635,5497,1491,194,824,100,2.46,0.5,2056,0.8728,650,100,136,0.0,1.0,200,0.0,0,5,1,hat,hairpin,wristwatch,blue,blue,dealer,ar,middle,0,yes,yes,no,,3,3.33,no,no,69289,6276,108,0.0609,5932,709,1239,733,100,2.46,0.5,1380,0.7798,650,100,100,0.35,1.0,200,0.0,0,15,3,hat,badge,wristwatch,yellow,yellow,tank,sg,front,2,no,yes,yes,self,4,7.63,no,no,111386,4757,2792,0.6262,7077,615,246,505,520,2.0,1.0,1948,0.8608,350,100,100,0.0,1.0,200,0.0,0,8,1,shoes,bag,amulet,yellow,yellow,dealer,sr,back,1,no,yes,no,,3,7.33,no,no,52713,8067,113,0.0635,5497,1491,194,824,100,2.46,0.5,2056,0.8728,650,100,136,0.0,1.0,200,0.0,0,5,1,hat,hairpin,wristwatch,yellow,red,tank,smg,front,1,yes,yes,no,,3,8.83,no,no,134170,3913,148,0.0816,6197,109,2219,518,520,2.0,0.8,1264,0.7583,350,100,100,0.35,1.0,200,0.0,0,20,4,shoes,badge,amulet,red,,support,1,,yes,yes,one,3,6.83,no,44099,7734,2061,11519,759,977,682,2.46,1132,0.731,100,100,0.0,1.0,hat,bag,wristwatch,blue,support,2,yes,no,,3,4.93,yes,43517,8150,2060,8069,660,786,734,2.46,1582,0.8127,100,100,0.0,1.0,hat,bag,wristwatch,yellow,red,support,1,no,yes,no,4,14.53,no,46530,7493,1804,8526,1160,191,1241,2.26,2194,0.8869,100,100,0.0,1.0,gloves,bag,wristwatch,blue,support,2,yes,no,3,4.93,yes,43517,8150,2060,8069,660,786,734,2.46,1582,0.8127,100,100,0.0,1.0,hat,bag,wristwatch,1.1,0.45,1.0,0.3,1.3,0.75,1.3,0.75,1.1,0.45,1.0,0.3,1.3,0.75,1.3,0.75,1.3,0.75,0.8,0.0,1.0,0.3,0.8,0.0,19,3.1666666666666665,0.4082482904638629,20,3.333333333333333,0.5163977794943222,1,0.1666666666666669,0.1081494890304592,38.88,6.48,2.0007498594277093,46.58,7.763333333333333,3.868160630928693,7.700000000000003,1.2833333333333332,1.867410771500984,455174,75862.33333333333,38199.33288248195,457605,76267.5,37805.916567384,2431,405.1666666666715,-393.4163150979439,38897,6482.833333333333,1815.476291959404,38656,6442.666666666667,1784.6629560414667,-241,-40.16666666666606,-30.813335917937135,7282,1213.6666666666667,1224.3366639395665,7025,1170.8333333333333,1192.854796975167,-257,-42.833333333333485,-31.48186696439961,44291,7381.833333333333,2224.397124316309,41298,6883.0,1219.8093293625852,-2993,-498.833333333333,-1004.587794953724,4343,723.8333333333334,443.60812285920406,4744,790.6666666666666,478.77872411654494,401,66.83333333333326,35.17060125734088,5661,943.5,746.7804898362035,4875,812.5,806.2969056123185,-786,-131.0,59.51641577611497,3996,666.0,128.18580264600288,4555,759.1666666666666,268.494630610496,559,93.16666666666664,140.30882796449308,0.5,0.5,0.5,0.5,0.25,0.5,0.25,0.25,0.5,0.25,19.798139738687063,22.055838763926847,13.006027643485806,26.81309097878865,19.798139738687063,22.055838763926843,26.81309097878865,13.006027643485806,20.41827428122209,20.41827428122209,0.0,14.002352195382356,15.245782208588958,14.624067201985657,11.952482544608223,15.245782208588956,13.599132376598591,-1.0249348253870654
tshiroko,hoshino,marina,iori,nagisa,sshiroko,tshiroko,hoshino,iori,marina,sayane,sshiroko,0,blue,blue,dealer,ar,middle,0,yes,yes,no,,3,3.33,no,no,69289,6276,108,0.0609,5932,709,1239,733,100,2.46,0.5,1380,0.7798,650,100,100,0.35,1.0,200,0.0,0,15,3,hat,badge,wristwatch,yellow,yellow,tank,sg,front,2,no,yes,yes,self,4,7.63,no,no,111386,4757,2792,0.6262,7077,615,246,505,520,2.0,1.0,1948,0.8608,350,100,100,0.0,1.0,200,0.0,0,8,1,shoes,bag,amulet,yellow,red,tank,smg,front,1,yes,yes,no,,3,8.83,no,no,134170,3913,148,0.0816,6197,109,2219,518,520,2.0,0.8,1264,0.7583,350,100,100,0.35,1.0,200,0.0,0,20,4,shoes,badge,amulet,yellow,yellow,dealer,sr,back,1,no,yes,no,,3,7.33,no,no,52713,8067,113,0.0635,5497,1491,194,824,100,2.46,0.5,2056,0.8728,650,100,136,0.0,1.0,200,0.0,0,5,1,hat,hairpin,wristwatch,blue,blue,dealer,ar,middle,0,yes,yes,no,,3,3.33,no,no,69289,6276,108,0.0609,5932,709,1239,733,100,2.46,0.5,1380,0.7798,650,100,100,0.35,1.0,200,0.0,0,15,3,hat,badge,wristwatch,yellow,yellow,tank,sg,front,2,no,yes,yes,self,4,7.63,no,no,111386,4757,2792,0.6262,7077,615,246,505,520,2.0,1.0,1948,0.8608,350,100,100,0.0,1.0,200,0.0,0,8,1,shoes,bag,amulet,yellow,yellow,dealer,sr,back,1,no,yes,no,,3,7.33,no,no,52713,8067,113,0.0635,5497,1491,194,824,100,2.46,0.5,2056,0.8728,650,100,136,0.0,1.0,200,0.0,0,5,1,hat,hairpin,wristwatch,yellow,red,tank,smg,front,1,yes,yes,no,,3,8.83,no,no,134170,3913,148,0.0816,6197,109,2219,518,520,2.0,0.8,1264,0.7583,350,100,100,0.35,1.0,200,0.0,0,20,4,shoes,badge,amulet,red,,support,1,,yes,yes,one,3,6.83,no,44099,7734,2061,11519,759,977,682,2.46,1132,0.731,100,100,0.0,1.0,hat,bag,wristwatch,blue,support,2,yes,no,,3,4.93,yes,43517,8150,2060,8069,660,786,734,2.46,1582,0.8127,100,100,0.0,1.0,hat,bag,wristwatch,yellow,red,support,1,no,yes,no,4,14.53,no,46530,7493,1804,8526,1160,191,1241,2.26,2194,0.8869,100,100,0.0,1.0,gloves,bag,wristwatch,blue,support,2,yes,no,3,4.93,yes,43517,8150,2060,8069,660,786,734,2.46,1582,0.8127,100,100,0.0,1.0,hat,bag,wristwatch,1.1,0.45,1.0,0.3,1.3,0.75,1.3,0.75,1.1,0.45,1.0,0.3,1.3,0.75,1.3,0.75,1.3,0.75,0.8,0.0,1.0,0.3,0.8,0.0,19,3.1666666666666665,0.4082482904638629,20,3.333333333333333,0.5163977794943222,1,0.1666666666666669,0.1081494890304592,38.88,6.48,2.0007498594277093,46.58,7.763333333333333,3.868160630928693,7.700000000000003,1.2833333333333332,1.867410771500984,455174,75862.33333333333,38199.33288248195,457605,76267.5,37805.916567384,2431,405.1666666666715,-393.4163150979439,38897,6482.833333333333,1815.476291959404,38656,6442.666666666667,1784.6629560414667,-241,-40.16666666666606,-30.813335917937135,7282,1213.6666666666667,1224.3366639395665,7025,1170.8333333333333,1192.854796975167,-257,-42.833333333333485,-31.48186696439961,44291,7381.833333333333,2224.397124316309,41298,6883.0,1219.8093293625852,-2993,-498.833333333333,-1004.587794953724,4343,723.8333333333334,443.60812285920406,4744,790.6666666666666,478.77872411654494,401,66.83333333333326,35.17060125734088,5661,943.5,746.7804898362035,4875,812.5,806.2969056123185,-786,-131.0,59.51641577611497,3996,666.0,128.18580264600288,4555,759.1666666666666,268.494630610496,559,93.16666666666664,140.30882796449308,0.5,0.5,0.5,0.5,0.25,0.5,0.25,0.25,0.5,0.25,19.798139738687063,22.055838763926847,13.006027643485806,26.81309097878865,19.798139738687063,22.055838763926843,26.81309097878865,13.006027643485806,20.41827428122209,20.41827428122209,0.0,14.002352195382356,15.245782208588958,14.624067201985657,11.952482544608223,15.245782208588956,13.599132376598591,-1.0249348253870654
tshiroko,marina,shun,hoshino,nagisa,sshiroko,tshiroko,hoshino,iori,marina,sayane,sshiroko,1,blue,blue,dealer,ar,middle,0,yes,yes,no,,3,3.33,no,no,69289,6276,108,0.0609,5932,709,1239,733,100,2.46,0.5,1380,0.7798,650,100,100,0.35,1.0,200,0.0,0,15,3,hat,badge,wristwatch,yellow,red,tank,smg,front,1,yes,yes,no,,3,8.83,no,no,134170,3913,148,0.0816,6197,109,2219,518,520,2.0,0.8,1264,0.7583,350,100,100,0.35,1.0,200,0.0,0,20,4,shoes,badge,amulet,red,red,dealer,sr,back,1,no,yes,no,,3,2.47,yes,no,46867,10930,108,0.0609,5715,1128,201,1382,100,2.26,0.5,1980,0.8644,750,100,136,0.0,1.0,200,0.0,0,20,1,gloves,hairpin,wristwatch,yellow,yellow,tank,sg,front,2,no,yes,yes,self,4,7.63,no,no,111386,4757,2792,0.6262,7077,615,246,505,520,2.0,1.0,1948,0.8608,350,100,100,0.0,1.0,200,0.0,0,8,1,shoes,bag,amulet,blue,blue,dealer,ar,middle,0,yes,yes,no,,3,3.33,no,no,69289,6276,108,0.0609,5932,709,1239,733,100,2.46,0.5,1380,0.7798,650,100,100,0.35,1.0,200,0.0,0,15,3,hat,badge,wristwatch,yellow,yellow,tank,sg,front,2,no,yes,yes,self,4,7.63,no,no,111386,4757,2792,0.6262,7077,615,246,505,520,2.0,1.0,1948,0.8608,350,100,100,0.0,1.0,200,0.0,0,8,1,shoes,bag,amulet,yellow,yellow,dealer,sr,back,1,no,yes,no,,3,7.33,no,no,52713,8067,113,0.0635,5497,1491,194,824,100,2.46,0.5,2056,0.8728,650,100,136,0.0,1.0,200,0.0,0,5,1,hat,hairpin,wristwatch,yellow,red,tank,smg,front,1,yes,yes,no,,3,8.83,no,no,134170,3913,148,0.0816,6197,109,2219,518,520,2.0,0.8,1264,0.7583,350,100,100,0.35,1.0,200,0.0,0,20,4,shoes,badge,amulet,red,,support,1,,yes,yes,one,3,6.83,no,44099,7734,2061,11519,759,977,682,2.46,1132,0.731,100,100,0.0,1.0,hat,bag,wristwatch,blue,support,2,yes,no,,3,4.93,yes,43517,8150,2060,8069,660,786,734,2.46,1582,0.8127,100,100,0.0,1.0,hat,bag,wristwatch,yellow,red,support,1,no,yes,no,4,14.53,no,46530,7493,1804,8526,1160,191,1241,2.26,2194,0.8869,100,100,0.0,1.0,gloves,bag,wristwatch,blue,support,2,yes,no,3,4.93,yes,43517,8150,2060,8069,660,786,734,2.46,1582,0.8127,100,100,0.0,1.0,hat,bag,wristwatch,1.1,0.45,1.3,0.75,0.8,0.0,1.0,0.3,1.1,0.45,1.0,0.3,1.3,0.75,1.3,0.75,1.3,0.75,0.8,0.0,1.0,0.3,0.8,0.0,19,3.1666666666666665,0.4082482904638629,20,3.333333333333333,0.5163977794943222,1,0.1666666666666669,0.1081494890304592,34.02,5.670000000000001,2.5074289621044104,46.58,7.763333333333333,3.868160630928693,12.559999999999995,2.093333333333332,1.3607316688242823,449328,74888.0,38974.5735884307,457605,76267.5,37805.916567384,8277,1379.5,-1168.6570210466962,41760,6960.0,2544.8516656182537,38656,6442.666666666667,1784.6629560414667,-3104,-517.333333333333,-760.188709576787,7277,1212.8333333333333,1225.2370246881485,7025,1170.8333333333333,1192.854796975167,-252,-42.0,-32.3822277129816,44509,7418.166666666667,2188.9508369688588,41298,6883.0,1219.8093293625852,-3211,-535.166666666667,-969.1415076062736,3980,663.3333333333334,327.6538824226972,4744,790.6666666666666,478.77872411654494,764,127.33333333333326,151.1248416938477,5668,944.6666666666666,745.3795453771634,4875,812.5,806.2969056123185,-793,-132.16666666666663,60.91736023515512,4554,759.0,321.8558683634648,4555,759.1666666666666,268.494630610496,1,0.1666666666666287,-53.36123775296886,0.5,0.5,0.5,0.5,0.25,0.5,0.25,0.25,0.5,0.25,17.465483588272782,25.596804708850115,15.094087021197472,31.117812420138,19.798139738687063,26.81309097878865,8.457502287282708,22.055838763926843,22.318546934614595,19.281142942171314,-3.0374039924432807,16.250367009208595,13.449493865030677,14.849930437119635,11.952482544608223,15.245782208588956,13.599132376598591,-1.2507980605210438
hoshino,iori,shun,tshiroko,nagisa,sshiroko,iori,marina,tshiroko,hoshino,sayane,sshiroko,0,yellow,yellow,tank,sg,front,2,no,yes,yes,self,4,7.63,no,no,111386,4757,2792,0.6262,7077,615,246,505,520,2.0,1.0,1948,0.8608,350,100,100,0.0,1.0,200,0.0,0,8,1,shoes,bag,amulet,yellow,yellow,dealer,sr,back,1,no,yes,no,,3,7.33,no,no,52713,8067,113,0.0635,5497,1491,194,824,100,2.46,0.5,2056,0.8728,650,100,136,0.0,1.0,200,0.0,0,5,1,hat,hairpin,wristwatch,red,red,dealer,sr,back,1,no,yes,no,,3,2.47,yes,no,46867,10930,108,0.0609,5715,1128,201,1382,100,2.26,0.5,1980,0.8644,750,100,136,0.0,1.0,200,0.0,0,20,1,gloves,hairpin,wristwatch,blue,blue,dealer,ar,middle,0,yes,yes,no,,3,3.33,no,no,69289,6276,108,0.0609,5932,709,1239,733,100,2.46,0.5,1380,0.7798,650,100,100,0.35,1.0,200,0.0,0,15,3,hat,badge,wristwatch,yellow,yellow,dealer,sr,back,1,no,yes,no,,3,7.33,no,no,52713,8067,113,0.0635,5497,1491,194,824,100,2.46,0.5,2056,0.8728,650,100,136,0.0,1.0,200,0.0,0,5,1,hat,hairpin,wristwatch,yellow,red,tank,smg,front,1,yes,yes,no,,3,8.83,no,no,134170,3913,148,0.0816,6197,109,2219,518,520,2.0,0.8,1264,0.7583,350,100,100,0.35,1.0,200,0.0,0,20,4,shoes,badge,amulet,blue,blue,dealer,ar,middle,0,yes,yes,no,,3,3.33,no,no,69289,6276,108,0.0609,5932,709,1239,733,100,2.46,0.5,1380,0.7798,650,100,100,0.35,1.0,200,0.0,0,15,3,hat,badge,wristwatch,yellow,yellow,tank,sg,front,2,no,yes,yes,self,4,7.63,no,no,111386,4757,2792,0.6262,7077,615,246,505,520,2.0,1.0,1948,0.8608,350,100,100,0.0,1.0,200,0.0,0,8,1,shoes,bag,amulet,red,,support,1,,yes,yes,one,3,6.83,no,44099,7734,2061,11519,759,977,682,2.46,1132,0.731,100,100,0.0,1.0,hat,bag,wristwatch,blue,support,2,yes,no,,3,4.93,yes,43517,8150,2060,8069,660,786,734,2.46,1582,0.8127,100,100,0.0,1.0,hat,bag,wristwatch,yellow,red,support,1,no,yes,no,4,14.53,no,46530,7493,1804,8526,1160,191,1241,2.26,2194,0.8869,100,100,0.0,1.0,gloves,bag,wristwatch,blue,support,2,yes,no,3,4.93,yes,43517,8150,2060,8069,660,786,734,2.46,1582,0.8127,100,100,0.0,1.0,hat,bag,wristwatch,1.0,0.3,1.3,0.75,0.8,0.0,1.1,0.45,1.3,0.75,1.3,0.75,1.1,0.45,1.0,0.3,1.3,0.75,0.8,0.0,1.0,0.3,0.8,0.0,19,3.1666666666666665,0.4082482904638629,20,3.333333333333333,0.5163977794943222,1,0.1666666666666669,0.1081494890304592,32.52,5.419999999999999,2.183162843216236,46.58,7.763333333333333,3.868160630928693,14.060000000000002,2.3433333333333337,1.684997787712457,367871,61311.833333333336,26330.925638242697,457605,76267.5,37805.916567384,89734,14955.666666666664,11474.990929141306,45914,7652.333333333333,2071.0691602809084,38656,6442.666666666667,1784.6629560414667,-7258,-1209.666666666666,-286.40620423944165,7242,1207.0,1231.3884845977732,7025,1170.8333333333333,1192.854796975167,-217,-36.16666666666674,-38.53368762260629,43809,7301.5,2283.659147070771,41298,6883.0,1219.8093293625852,-2511,-418.5,-1063.8498177081856,5362,893.6666666666666,345.3147356639544,4744,790.6666666666666,478.778724116545,-618,-103.0,133.46398845259063,3643,607.1666666666666,454.77265382459694,4875,812.5,806.2969056123185,1232,205.33333333333337,351.52425178772154,4860,810.0,299.4975792890487,4555,759.1666666666666,268.494630610496,-305,-50.83333333333337,-31.00294867855274,0.75,0.25,0.5,0.5,0.5,0.25,0.25,0.25,0.5,0.25,7.594908268253379,15.657583695374392,16.320486775015933,12.879572209375656,22.055838763926843,13.006027643485806,8.457502287282708,19.798139738687063,13.113137737004838,15.829377108345604,2.716239371340766,8.176714933938342,12.56777607361963,10.372245503778986,11.952482544608223,15.245782208588956,13.599132376598591,3.2268868728196054
hoshino,iori,shun,tshiroko,nagisa,sshiroko,iori,hoshino,tshiroko,marina,sayane,sshiroko,1,yellow,yellow,tank,sg,front,2,no,yes,yes,self,4,7.63,no,no,111386,4757,2792,0.6262,7077,615,246,505,520,2.0,1.0,1948,0.8608,350,100,100,0.0,1.0,200,0.0,0,8,1,shoes,bag,amulet,yellow,yellow,dealer,sr,back,1,no,yes,no,,3,7.33,no,no,52713,8067,113,0.0635,5497,1491,194,824,100,2.46,0.5,2056,0.8728,650,100,136,0.0,1.0,200,0.0,0,5,1,hat,hairpin,wristwatch,red,red,dealer,sr,back,1,no,yes,no,,3,2.47,yes,no,46867,10930,108,0.0609,5715,1128,201,1382,100,2.26,0.5,1980,0.8644,750,100,136,0.0,1.0,200,0.0,0,20,1,gloves,hairpin,wristwatch,blue,blue,dealer,ar,middle,0,yes,yes,no,,3,3.33,no,no,69289,6276,108,0.0609,5932,709,1239,733,100,2.46,0.5,1380,0.7798,650,100,100,0.35,1.0,200,0.0,0,15,3,hat,badge,wristwatch,yellow,yellow,dealer,sr,back,1,no,yes,no,,3,7.33,no,no,52713,8067,113,0.0635,5497,1491,194,824,100,2.46,0.5,2056,0.8728,650,100,136,0.0,1.0,200,0.0,0,5,1,hat,hairpin,wristwatch,yellow,yellow,tank,sg,front,2,no,yes,yes,self,4,7.63,no,no,111386,4757,2792,0.6262,7077,615,246,505,520,2.0,1.0,1948,0.8608,350,100,100,0.0,1.0,200,0.0,0,8,1,shoes,bag,amulet,blue,blue,dealer,ar,middle,0,yes,yes,no,,3,3.33,no,no,69289,6276,108,0.0609,5932,709,1239,733,100,2.46,0.5,1380,0.7798,650,100,100,0.35,1.0,200,0.0,0,15,3,hat,badge,wristwatch,yellow,red,tank,smg,front,1,yes,yes,no,,3,8.83,no,no,134170,3913,148,0.0816,6197,109,2219,518,520,2.0,0.8,1264,0.7583,350,100,100,0.35,1.0,200,0.0,0,20,4,shoes,badge,amulet,red,,support,1,,yes,yes,one,3,6.83,no,44099,7734,2061,11519,759,977,682,2.46,1132,0.731,100,100,0.0,1.0,hat,bag,wristwatch,blue,support,2,yes,no,,3,4.93,yes,43517,8150,2060,8069,660,786,734,2.46,1582,0.8127,100,100,0.0,1.0,hat,bag,wristwatch,yellow,red,support,1,no,yes,no,4,14.53,no,46530,7493,1804,8526,1160,191,1241,2.26,2194,0.8869,100,100,0.0,1.0,gloves,bag,wristwatch,blue,support,2,yes,no,3,4.93,yes,43517,8150,2060,8069,660,786,734,2.46,1582,0.8127,100,100,0.0,1.0,hat,bag,wristwatch,1.0,0.3,1.3,0.75,0.8,0.0,1.1,0.45,1.3,0.75,1.0,0.3,1.1,0.45,1.3,0.75,1.3,0.75,0.8,0.0,1.0,0.3,0.8,0.0,19,3.1666666666666665,0.4082482904638629,20,3.333333333333333,0.5163977794943222,1,0.1666666666666669,0.1081494890304592,32.52,5.419999999999999,2.183162843216236,46.58,7.763333333333333,3.868160630928693,14.060000000000002,2.3433333333333337,1.684997787712457,367871,61311.833333333336,26330.925638242697,457605,76267.5,37805.916567384,89734,14955.666666666664,11474.990929141306,45914,7652.333333333333,2071.0691602809084,38656,6442.666666666667,1784.6629560414667,-7258,-1209.666666666666,-286.40620423944165,7242,1207.0,1231.3884845977732,7025,1170.8333333333333,1192.854796975167,-217,-36.16666666666674,-38.53368762260629,43809,7301.5,2283.659147070771,41298,6883.0,1219.8093293625852,-2511,-418.5,-1063.8498177081856,5362,893.6666666666666,345.3147356639544,4744,790.6666666666666,478.77872411654494,-618,-103.0,133.46398845259057,3643,607.1666666666666,454.77265382459694,4875,812.5,806.2969056123185,1232,205.33333333333337,351.52425178772154,4860,810.0,299.4975792890487,4555,759.1666666666666,268.494630610496,-305,-50.83333333333337,-31.00294867855274,0.75,0.25,0.5,0.5,0.5,0.25,0.25,0.25,0.5,0.25,7.594908268253379,12.879572209375656,16.320486775015933,15.657583695374392,22.055838763926843,13.006027643485806,8.457502287282708,19.798139738687063,13.11313773700484,15.829377108345604,2.716239371340766,8.176714933938342,12.56777607361963,10.372245503778986,11.952482544608223,15.245782208588956,13.599132376598591,3.2268868728196054
tshiroko,iori,shun,hoshino,nagisa,sshiroko,iori,hoshino,tshiroko,marina,sayane,sshiroko,0,blue,blue,dealer,ar,middle,0,yes,yes,no,,3,3.33,no,no,69289,6276,108,0.0609,5932,709,1239,733,100,2.46,0.5,1380,0.7798,650,100,100,0.35,1.0,200,0.0,0,15,3,hat,badge,wristwatch,yellow,yellow,dealer,sr,back,1,no,yes,no,,3,7.33,no,no,52713,8067,113,0.0635,5497,1491,194,824,100,2.46,0.5,2056,0.8728,650,100,136,0.0,1.0,200,0.0,0,5,1,hat,hairpin,wristwatch,red,red,dealer,sr,back,1,no,yes,no,,3,2.47,yes,no,46867,10930,108,0.0609,5715,1128,201,1382,100,2.26,0.5,1980,0.8644,750,100,136,0.0,1.0,200,0.0,0,20,1,gloves,hairpin,wristwatch,yellow,yellow,tank,sg,front,2,no,yes,yes,self,4,7.63,no,no,111386,4757,2792,0.6262,7077,615,246,505,520,2.0,1.0,1948,0.8608,350,100,100,0.0,1.0,200,0.0,0,8,1,shoes,bag,amulet,yellow,yellow,dealer,sr,back,1,no,yes,no,,3,7.33,no,no,52713,8067,113,0.0635,5497,1491,194,824,100,2.46,0.5,2056,0.8728,650,100,136,0.0,1.0,200,0.0,0,5,1,hat,hairpin,wristwatch,yellow,yellow,tank,sg,front,2,no,yes,yes,self,4,7.63,no,no,111386,4757,2792,0.6262,7077,615,246,505,520,2.0,1.0,1948,0.8608,350,100,100,0.0,1.0,200,0.0,0,8,1,shoes,bag,amulet,blue,blue,dealer,ar,middle,0,yes,yes,no,,3,3.33,no,no,69289,6276,108,0.0609,5932,709,1239,733,100,2.46,0.5,1380,0.7798,650,100,100,0.35,1.0,200,0.0,0,15,3,hat,badge,wristwatch,yellow,red,tank,smg,front,1,yes,yes,no,,3,8.83,no,no,134170,3913,148,0.0816,6197,109,2219,518,520,2.0,0.8,1264,0.7583,350,100,100,0.35,1.0,200,0.0,0,20,4,shoes,badge,amulet,red,,support,1,,yes,yes,one,3,6.83,no,44099,7734,2061,11519,759,977,682,2.46,1132,0.731,100,100,0.0,1.0,hat,bag,wristwatch,blue,support,2,yes,no,,3,4.93,yes,43517,8150,2060,8069,660,786,734,2.46,1582,0.8127,100,100,0.0,1.0,hat,bag,wristwatch,yellow,red,support,1,no,yes,no,4,14.53,no,46530,7493,1804,8526,1160,191,1241,2.26,2194,0.8869,100,100,0.0,1.0,gloves,bag,wristwatch,blue,support,2,yes,no,3,4.93,yes,43517,8150,2060,8069,660,786,734,2.46,1582,0.8127,100,100,0.0,1.0,hat,bag,wristwatch,1.1,0.45,1.3,0.75,0.8,0.0,1.0,0.3,1.3,0.75,1.0,0.3,1.1,0.45,1.3,0.75,1.3,0.75,0.8,0.0,1.0,0.3,0.8,0.0,19,3.1666666666666665,0.4082482904638629,20,3.333333333333333,0.5163977794943222,1,0.1666666666666669,0.1081494890304592,32.52,5.420000000000001,2.183162843216236,46.58,7.763333333333333,3.868160630928693,14.059999999999995,2.343333333333332,1.684997787712457,367871,61311.833333333336,26330.925638242697,457605,76267.5,37805.916567384,89734,14955.666666666664,11474.990929141306,45914,7652.333333333333,2071.0691602809084,38656,6442.666666666667,1784.6629560414667,-7258,-1209.666666666666,-286.40620423944165,7242,1207.0,1231.3884845977732,7025,1170.8333333333333,1192.854796975167,-217,-36.16666666666674,-38.53368762260629,43809,7301.5,2283.659147070771,41298,6883.0,1219.8093293625852,-2511,-418.5,-1063.8498177081856,5362,893.6666666666666,345.3147356639544,4744,790.6666666666666,478.77872411654494,-618,-103.0,133.46398845259057,3643,607.1666666666666,454.77265382459694,4875,812.5,806.2969056123185,1232,205.33333333333337,351.52425178772154,4860,810.0,299.4975792890487,4555,759.1666666666666,268.494630610496,-305,-50.83333333333337,-31.00294867855274,0.75,0.25,0.5,0.5,0.5,0.25,0.25,0.25,0.5,0.25,7.594908268253379,12.879572209375656,16.320486775015933,15.657583695374392,19.798139738687063,13.006027643485806,8.457502287282708,22.055838763926843,13.11313773700484,15.829377108345604,2.716239371340764,8.176714933938342,12.567776073619632,10.372245503778986,11.952482544608223,15.245782208588956,13.599132376598591,3.2268868728196054
reisa,tshiroko,hoshino,shun,minori,sshiroko,iori,hoshino,tshiroko,marina,sayane,sshiroko,0,yellow,yellow,tank,sg,front,1,no,yes,yes,self,3,4.93,no,yes,122892,5025,2597,0.6091,8080,655,217,518,520,2.0,0.8,1812,0.8444,350,100,100,0.0,1.0,200,0.0,0,8,2,shoes,bag,amulet,blue,blue,dealer,ar,middle,0,yes,yes,no,,3,3.33,no,no,69289,6276,108,0.0609,5932,709,1239,733,100,2.46,0.5,1380,0.7798,650,100,100,0.35,1.0,200,0.0,0,15,3,hat,badge,wristwatch,yellow,yellow,tank,sg,front,2,no,yes,yes,self,4,7.63,no,no,111386,4757,2792,0.6262,7077,615,246,505,520,2.0,1.0,1948,0.8608,350,100,100,0.0,1.0,200,0.0,0,8,1,shoes,bag,amulet,red,red,dealer,sr,back,1,no,yes,no,,3,2.47,yes,no,46867,10930,108,0.0609,5715,1128,201,1382,100,2.26,0.5,1980,0.8644,750,100,136,0.0,1.0,200,0.0,0,20,1,gloves,hairpin,wristwatch,yellow,yellow,dealer,sr,back,1,no,yes,no,,3,7.33,no,no,52713,8067,113,0.0635,5497,1491,194,824,100,2.46,0.5,2056,0.8728,650,100,136,0.0,1.0,200,0.0,0,5,1,hat,hairpin,wristwatch,yellow,yellow,tank,sg,front,2,no,yes,yes,self,4,7.63,no,no,111386,4757,2792,0.6262,7077,615,246,505,520,2.0,1.0,1948,0.8608,350,100,100,0.0,1.0,200,0.0,0,8,1,shoes,bag,amulet,blue,blue,dealer,ar,middle,0,yes,yes,no,,3,3.33,no,no,69289,6276,108,0.0609,5932,709,1239,733,100,2.46,0.5,1380,0.7798,650,100,100,0.35,1.0,200,0.0,0,15,3,hat,badge,wristwatch,yellow,red,tank,smg,front,1,yes,yes,no,,3,8.83,no,no,134170,3913,148,0.0816,6197,109,2219,518,520,2.0,0.8,1264,0.7583,350,100,100,0.35,1.0,200,0.0,0,20,4,shoes,badge,amulet,red,,support,0,,yes,no,,4,4.8,no,43678,8106,2062,8023,656,791,732,2.46,1592,0.8142,100,100,0.0,1.0,hat,bag,wristwatch,blue,support,2,yes,no,,3,4.93,yes,43517,8150,2060,8069,660,786,734,2.46,1582,0.8127,100,100,0.0,1.0,hat,bag,wristwatch,yellow,red,support,1,no,yes,no,4,14.53,no,46530,7493,1804,8526,1160,191,1241,2.26,2194,0.8869,100,100,0.0,1.0,gloves,bag,wristwatch,blue,support,2,yes,no,3,4.93,yes,43517,8150,2060,8069,660,786,734,2.46,1582,0.8127,100,100,0.0,1.0,hat,bag,wristwatch,1.3,0.75,1.1,0.45,1.0,0.3,0.8,0.0,1.3,0.75,1.0,0.3,1.1,0.45,1.3,0.75,1.3,0.75,0.8,0.0,1.0,0.3,0.8,0.0,20,3.333333333333333,0.5163977794943222,20,3.333333333333333,0.5163977794943222,0,0.0,0.0,28.09,4.681666666666667,1.7634332044811525,46.58,7.763333333333333,3.868160630928693,18.49,3.081666666666666,2.1047274264475404,437629,72938.16666666667,35744.66646321752,457605,76267.5,37805.916567384,19976,3329.3333333333285,2061.2501041664877,43244,7207.333333333333,2331.890363346156,38656,6442.666666666667,1784.6629560414667,-4588,-764.6666666666661,-547.2274073046892,9727,1621.1666666666667,1207.4234413273027,7025,1170.8333333333333,1192.854796975167,-2702,-450.3333333333335,-14.568644352135834,42896,7149.333333333333,1097.2388375675855,41298,6883.0,1219.8093293625852,-1598,-266.33333333333303,122.5704917949995,4423,737.1666666666666,193.78484632877428,4744,790.6666666666666,478.77872411654494,321,53.5,284.99387778777066,3480,580.0,426.19338333671953,4875,812.5,806.2969056123185,1395,232.5,380.10352227559895,4604,767.3333333333334,320.10602410243183,4555,759.1666666666666,268.494630610496,-49,-8.166666666666742,-51.61139349193587,0.5,0.5,0.5,0.5,0.25,0.5,0.25,0.25,0.5,0.25,8.682347836866246,14.723670380491908,21.911547960484384,17.899437771530796,20.87952736318408,19.798139738687063,22.055838763926843,8.457502287282708,15.80425098734333,17.797752038270172,1.9935010509268416,9.347457627118644,16.873236196319016,13.11034691171883,11.403960029607696,15.245782208588956,13.324871119098328,0.2145242073794975
reisa,tshiroko,hoshino,shun,minori,sshiroko,iori,marina,tshiroko,hoshino,sayane,sshiroko,0,yellow,yellow,tank,sg,front,1,no,yes,yes,self,3,4.93,no,yes,122892,5025,2597,0.6091,8080,655,217,518,520,2.0,0.8,1812,0.8444,350,100,100,0.0,1.0,200,0.0,0,8,2,shoes,bag,amulet,blue,blue,dealer,ar,middle,0,yes,yes,no,,3,3.33,no,no,69289,6276,108,0.0609,5932,709,1239,733,100,2.46,0.5,1380,0.7798,650,100,100,0.35,1.0,200,0.0,0,15,3,hat,badge,wristwatch,yellow,yellow,tank,sg,front,2,no,yes,yes,self,4,7.63,no,no,111386,4757,2792,0.6262,7077,615,246,505,520,2.0,1.0,1948,0.8608,350,100,100,0.0,1.0,200,0.0,0,8,1,shoes,bag,amulet,red,red,dealer,sr,back,1,no,yes,no,,3,2.47,yes,no,46867,10930,108,0.0609,5715,1128,201,1382,100,2.26,0.5,1980,0.8644,750,100,136,0.0,1.0,200,0.0,0,20,1,gloves,hairpin,wristwatch,yellow,yellow,dealer,sr,back,1,no,yes,no,,3,7.33,no,no,52713,8067,113,0.0635,5497,1491,194,824,100,2.46,0.5,2056,0.8728,650,100,136,0.0,1.0,200,0.0,0,5,1,hat,hairpin,wristwatch,yellow,red,tank,smg,front,1,yes,yes,no,,3,8.83,no,no,134170,3913,148,0.0816,6197,109,2219,518,520,2.0,0.8,1264,0.7583,350,100,100,0.35,1.0,200,0.0,0,20,4,shoes,badge,amulet,blue,blue,dealer,ar,middle,0,yes,yes,no,,3,3.33,no,no,69289,6276,108,0.0609,5932,709,1239,733,100,2.46,0.5,1380,0.7798,650,100,100,0.35,1.0,200,0.0,0,15,3,hat,badge,wristwatch,yellow,yellow,tank,sg,front,2,no,yes,yes,self,4,7.63,no,no,111386,4757,2792,0.6262,7077,615,246,505,520,2.0,1.0,1948,0.8608,350,100,100,0.0,1.0,200,0.0,0,8,1,shoes,bag,amulet,red,,support,0,,yes,no,,4,4.8,no,43678,8106,2062,8023,656,791,732,2.46,1592,0.8142,100,100,0.0,1.0,hat,bag,wristwatch,blue,support,2,yes,no,,3,4.93,yes,43517,8150,2060,8069,660,786,734,2.46,1582,0.8127,100,100,0.0,1.0,hat,bag,wristwatch,yellow,red,support,1,no,yes,no,4,14.53,no,46530,7493,1804,8526,1160,191,1241,2.26,2194,0.8869,100,100,0.0,1.0,gloves,bag,wristwatch,blue,support,2,yes,no,3,4.93,yes,43517,8150,2060,8069,660,786,734,2.46,1582,0.8127,100,100,0.0,1.0,hat,bag,wristwatch,1.3,0.75,1.1,0.45,1.0,0.3,0.8,0.0,1.3,0.75,1.3,0.75,1.1,0.45,1.0,0.3,1.3,0.75,0.8,0.0,1.0,0.3,0.8,0.0,20,3.333333333333333,0.5163977794943222,20,3.333333333333333,0.5163977794943222,0,0.0,0.0,28.09,4.681666666666667,1.7634332044811525,46.58,7.763333333333333,3.868160630928693,18.49,3.081666666666666,2.1047274264475404,437629,72938.16666666667,35744.66646321752,457605,76267.5,37805.916567384,19976,3329.3333333333285,2061.2501041664877,43244,7207.333333333333,2331.890363346156,38656,6442.666666666667,1784.6629560414667,-4588,-764.6666666666661,-547.2274073046892,9727,1621.1666666666667,1207.4234413273027,7025,1170.8333333333333,1192.854796975167,-2702,-450.3333333333335,-14.568644352135834,42896,7149.333333333333,1097.2388375675855,41298,6883.0,1219.8093293625852,-1598,-266.33333333333303,122.5704917949995,4423,737.1666666666666,193.78484632877428,4744,790.6666666666666,478.778724116545,321,53.5,284.9938777877707,3480,580.0,426.19338333671953,4875,812.5,806.2969056123185,1395,232.5,380.10352227559895,4604,767.3333333333334,320.10602410243183,4555,759.1666666666666,268.494630610496,-49,-8.166666666666742,-51.61139349193587,0.5,0.5,0.5,0.5,0.25,0.5,0.25,0.25,0.5,0.25,8.682347836866246,17.899437771530796,21.911547960484384,14.723670380491908,20.87952736318408,19.798139738687063,22.055838763926843,8.457502287282708,15.80425098734333,17.797752038270172,1.9935010509268416,9.347457627118644,16.873236196319016,13.11034691171883,11.4039600296077,15.245782208588956,13.324871119098328,0.2145242073794975
reisa,iori,tshiroko,hoshino,nyserika,sshiroko,iori,marina,tshiroko,hoshino,sayane,sshiroko,1,yellow,yellow,tank,sg,front,1,no,yes,yes,self,3,4.93,no,yes,122892,5025,2597,0.6091,8080,655,217,518,520,2.0,0.8,1812,0.8444,350,100,100,0.0,1.0,200,0.0,0,8,2,shoes,bag,amulet,yellow,yellow,dealer,sr,back,1,no,yes,no,,3,7.33,no,no,52713,8067,113,0.0635,5497,1491,194,824,100,2.46,0.5,2056,0.8728,650,100,136,0.0,1.0,200,0.0,0,5,1,hat,hairpin,wristwatch,blue,blue,dealer,ar,middle,0,yes,yes,no,,3,3.33,no,no,69289,6276,108,0.0609,5932,709,1239,733,100,2.46,0.5,1380,0.7798,650,100,100,0.35,1.0,200,0.0,0,15,3,hat,badge,wristwatch,yellow,yellow,tank,sg,front,2,no,yes,yes,self,4,7.63,no,no,111386,4757,2792,0.6262,7077,615,246,505,520,2.0,1.0,1948,0.8608,350,100,100,0.0,1.0,200,0.0,0,8,1,shoes,bag,amulet,yellow,yellow,dealer,sr,back,1,no,yes,no,,3,7.33,no,no,52713,8067,113,0.0635,5497,1491,194,824,100,2.46,0.5,2056,0.8728,650,100,136,0.0,1.0,200,0.0,0,5,1,hat,hairpin,wristwatch,yellow,red,tank,smg,front,1,yes,yes,no,,3,8.83,no,no,134170,3913,148,0.0816,6197,109,2219,518,520,2.0,0.8,1264,0.7583,350,100,100,0.35,1.0,200,0.0,0,20,4,shoes,badge,amulet,blue,blue,dealer,ar,middle,0,yes,yes,no,,3,3.33,no,no,69289,6276,108,0.0609,5932,709,1239,733,100,2.46,0.5,1380,0.7798,650,100,100,0.35,1.0,200,0.0,0,15,3,hat,badge,wristwatch,yellow,yellow,tank,sg,front,2,no,yes,yes,self,4,7.63,no,no,111386,4757,2792,0.6262,7077,615,246,505,520,2.0,1.0,1948,0.8608,350,100,100,0.0,1.0,200,0.0,0,8,1,shoes,bag,amulet,yellow,,support,2,,yes,no,,3,5.77,no,71981,5944,1800,8663,763,727,698,2.26,1463,0.794,100,100,0.0,1.0,shoes,bag,wristwatch,blue,support,2,yes,no,,3,4.93,yes,43517,8150,2060,8069,660,786,734,2.46,1582,0.8127,100,100,0.0,1.0,hat,bag,wristwatch,yellow,red,support,1,no,yes,no,4,14.53,no,46530,7493,1804,8526,1160,191,1241,2.26,2194,0.8869,100,100,0.0,1.0,gloves,bag,wristwatch,blue,support,2,yes,no,3,4.93,yes,43517,8150,2060,8069,660,786,734,2.46,1582,0.8127,100,100,0.0,1.0,hat,bag,wristwatch,1.3,0.75,1.3,0.75,1.1,0.45,1.0,0.3,1.3,0.75,1.3,0.75,1.1,0.45,1.0,0.3,1.3,0.75,0.8,0.0,1.0,0.3,0.8,0.0,19,3.1666666666666665,0.4082482904638629,20,3.333333333333333,0.5163977794943222,1,0.1666666666666669,0.1081494890304592,33.92,5.653333333333333,1.6233504448105671,46.58,7.763333333333333,3.868160630928693,12.659999999999997,2.1099999999999994,2.2448101861181256,471778,78629.66666666667,31837.579428509744,457605,76267.5,37805.916567384,-14173,-2362.1666666666715,5968.33713887426,38219,6369.833333333333,1459.4050043311029,38656,6442.666666666667,1784.6629560414667,437,72.83333333333394,325.25795171036384,9470,1578.3333333333333,1191.7121576398667,7025,1170.8333333333333,1192.854796975167,-2445,-407.5,1.1426393353001458,43318,7219.666666666667,1279.904006817178,41298,6883.0,1219.8093293625852,-2020,-336.66666666666697,-60.094677454592784,4893,815.5,334.8251782647177,4744,790.6666666666666,478.778724116545,-149,-24.83333333333337,143.9535458518273,3409,568.1666666666666,421.85467481902657,4875,812.5,806.2969056123185,1466,244.33333333333337,384.4422307932919,4012,668.6666666666666,128.75040453010882,4555,759.1666666666666,268.494630610496,543,90.5,139.74422608038714,0.5,0.5,0.5,0.5,0.25,0.5,0.25,0.25,0.5,0.25,6.594288459154581,13.594716330181448,24.24420411089866,11.182704435568636,20.87952736318408,13.006027643485806,19.798139738687063,22.055838763926843,13.903978333950828,18.934883377320947,5.030905043370119,7.099442813292406,18.6695245398773,12.884483676584852,17.651350100942125,15.245782208588956,16.44856615476554,3.564082478180687
haruka,tshiroko,tsurugi,hoshino,nagisa,sshiroko,tshiroko,marina,iori,hoshino,sayane,sshiroko,1,red,red,tank,sg,front,1,no,yes,no,,4,5.67,no,no,150581,3216,2700,0.6183,5596,593,237,497,520,2.0,0.8,2020,0.8689,350,100,100,0.0,1.0,200,0.0,0,8,1,shoes,bag,amulet,blue,blue,dealer,ar,middle,0,yes,yes,no,,3,3.33,no,no,69289,6276,108,0.0609,5932,709,1239,733,100,2.46,0.5,1380,0.7798,650,100,100,0.35,1.0,200,0.0,0,15,3,hat,badge,wristwatch,yellow,yellow,dealer,sg,front,1,no,no,yes,self,3,3.0,no,no,71187,10424,2462,0.5963,6524,862,175,1043,520,2.0,0.8,2052,0.8723,450,100,100,0.0,1.15,253,0.0,0,8,2,gloves,bag,amulet,yellow,yellow,tank,sg,front,2,no,yes,yes,self,4,7.63,no,no,111386,4757,2792,0.6262,7077,615,246,505,520,2.0,1.0,1948,0.8608,350,100,100,0.0,1.0,200,0.0,0,8,1,shoes,bag,amulet,blue,blue,dealer,ar,middle,0,yes,yes,no,,3,3.33,no,no,69289,6276,108,0.0609,5932,709,1239,733,100,2.46,0.5,1380,0.7798,650,100,100,0.35,1.0,200,0.0,0,15,3,hat,badge,wristwatch,yellow,red,tank,smg,front,1,yes,yes,no,,3,8.83,no,no,134170,3913,148,0.0816,6197,109,2219,518,520,2.0,0.8,1264,0.7583,350,100,100,0.35,1.0,200,0.0,0,20,4,shoes,badge,amulet,yellow,yellow,dealer,sr,back,1,no,yes,no,,3,7.33,no,no,52713,8067,113,0.0635,5497,1491,194,824,100,2.46,0.5,2056,0.8728,650,100,136,0.0,1.0,200,0.0,0,5,1,hat,hairpin,wristwatch,yellow,yellow,tank,sg,front,2,no,yes,yes,self,4,7.63,no,no,111386,4757,2792,0.6262,7077,615,246,505,520,2.0,1.0,1948,0.8608,350,100,100,0.0,1.0,200,0.0,0,8,1,shoes,bag,amulet,red,,support,1,,yes,yes,one,3,6.83,no,44099,7734,2061,11519,759,977,682,2.46,1132,0.731,100,100,0.0,1.0,hat,bag,wristwatch,blue,support,2,yes,no,,3,4.93,yes,43517,8150,2060,8069,660,786,734,2.46,1582,0.8127,100,100,0.0,1.0,hat,bag,wristwatch,yellow,red,support,1,no,yes,no,4,14.53,no,46530,7493,1804,8526,1160,191,1241,2.26,2194,0.8869,100,100,0.0,1.0,gloves,bag,wristwatch,blue,support,2,yes,no,3,4.93,yes,43517,8150,2060,8069,660,786,734,2.46,1582,0.8127,100,100,0.0,1.0,hat,bag,wristwatch,1.1,0.45,1.1,0.45,1.3,0.75,1.0,0.3,1.1,0.45,1.3,0.75,1.3,0.75,1.0,0.3,1.3,0.75,0.8,0.0,1.0,0.3,0.8,0.0,20,3.333333333333333,0.5163977794943222,20,3.333333333333333,0.5163977794943222,0,0.0,0.0,31.39,5.2316666666666665,1.8539947860408528,46.58,7.763333333333333,3.868160630928693,15.189999999999998,2.5316666666666663,2.01416584488784,490059,81676.5,41862.107504281244,457605,76267.5,37805.916567384,-32454,-5409.0,-4056.190936897241,40557,6759.5,2573.3974236405847,38656,6442.666666666667,1784.6629560414667,-1901,-316.83333333333303,-788.734467599118,12183,2030.5,991.1721848397482,7025,1170.8333333333333,1192.854796975167,-5158,-859.6666666666667,201.6826121354187,44717,7452.833333333333,2176.1488383533574,41298,6883.0,1219.8093293625852,-3419,-569.833333333333,-956.3395089907722,4198,699.6666666666666,100.07930188938502,4744,790.6666666666666,478.77872411654494,546,91.0,378.6994222271599,3660,610.0,452.1406860701656,4875,812.5,806.2969056123185,1215,202.5,354.15621954215294,4194,699.0,199.72280791136495,4555,759.1666666666666,268.494630610496,361,60.16666666666663,68.77182269913098,0.5,0.5,0.5,0.5,0.0,0.75,0.25,0.25,0.5,0.25,21.92365758444869,29.500223613595708,14.309455187802158,24.266212949337817,28.743936567164177,19.798139738687063,10.065198100537224,22.055838763926847,22.49988733379609,20.165778292578825,-2.334109041217268,15.4056285866809,16.88256134969325,16.144094968187076,11.952482544608223,15.245782208588956,13.59913237659859,-2.5449625915884866
marina,yuuka,iori,shun,iroha,sshiroko,tshiroko,marina,iori,hoshino,sayane,sshiroko,1,yellow,red,tank,smg,front,1,yes,yes,no,,3,8.83,no,no,134170,3913,148,0.0816,6197,109,2219,518,520,2.0,0.8,1264,0.7583,350,100,100,0.35,1.0,200,0.0,0,20,4,shoes,badge,amulet,red,yellow,tank,smg,front,2,no,no,yes,self,3,2.33,no,no,135192,2812,841,0.3354,6901,100,1890,500,520,2.0,0.8,1396,0.7826,350,100,100,0.35,1.0,200,0.19,0,27,3,shoes,badge,amulet,yellow,yellow,dealer,sr,back,1,no,yes,no,,3,7.33,no,no,52713,8067,113,0.0635,5497,1491,194,824,100,2.46,0.5,2056,0.8728,650,100,136,0.0,1.0,200,0.0,0,5,1,hat,hairpin,wristwatch,red,red,dealer,sr,back,1,no,yes,no,,3,2.47,yes,no,46867,10930,108,0.0609,5715,1128,201,1382,100,2.26,0.5,1980,0.8644,750,100,136,0.0,1.0,200,0.0,0,20,1,gloves,hairpin,wristwatch,blue,blue,dealer,ar,middle,0,yes,yes,no,,3,3.33,no,no,69289,6276,108,0.0609,5932,709,1239,733,100,2.46,0.5,1380,0.7798,650,100,100,0.35,1.0,200,0.0,0,15,3,hat,badge,wristwatch,yellow,red,tank,smg,front,1,yes,yes,no,,3,8.83,no,no,134170,3913,148,0.0816,6197,109,2219,518,520,2.0,0.8,1264,0.7583,350,100,100,0.35,1.0,200,0.0,0,20,4,shoes,badge,amulet,yellow,yellow,dealer,sr,back,1,no,yes,no,,3,7.33,no,no,52713,8067,113,0.0635,5497,1491,194,824,100,2.46,0.5,2056,0.8728,650,100,136,0.0,1.0,200,0.0,0,5,1,hat,hairpin,wristwatch,yellow,yellow,tank,sg,front,2,no,yes,yes,self,4,7.63,no,no,111386,4757,2792,0.6262,7077,615,246,505,520,2.0,1.0,1948,0.8608,350,100,100,0.0,1.0,200,0.0,0,8,1,shoes,bag,amulet,blue,yellow,support,0,no,yes,no,,6,19.17,no,58232,7278,110,7903,896,650,728,2.46,2309,0.8978,100,100,0.35,1.0,hat,badge,wristwatch,blue,support,2,yes,no,,3,4.93,yes,43517,8150,2060,8069,660,786,734,2.46,1582,0.8127,100,100,0.0,1.0,hat,bag,wristwatch,yellow,red,support,1,no,yes,no,4,14.53,no,46530,7493,1804,8526,1160,191,1241,2.26,2194,0.8869,100,100,0.0,1.0,gloves,bag,wristwatch,blue,support,2,yes,no,3,4.93,yes,43517,8150,2060,8069,660,786,734,2.46,1582,0.8127,100,100,0.0,1.0,hat,bag,wristwatch,1.3,0.75,1.1,0.45,1.3,0.75,0.8,0.0,1.1,0.45,1.3,0.75,1.3,0.75,1.0,0.3,1.3,0.75,0.8,0.0,1.0,0.3,0.8,0.0,21,3.5,1.224744871391589,20,3.333333333333333,0.5163977794943222,-1,-0.1666666666666665,-0.7083470918972667,45.06,7.510000000000001,6.270897862347943,46.58,7.763333333333333,3.868160630928693,1.519999999999996,0.2533333333333321,-2.40273723141925,470691,78448.5,43848.22464250976,457605,76267.5,37805.916567384,-13086,-2181.0,-6042.308075125751,41150,6858.333333333333,2997.721445809578,38656,6442.666666666667,1784.6629560414667,-2494,-415.66666666666606,-1213.0584897681117,3380,563.3333333333334,788.0674252033683,7025,1170.8333333333333,1192.854796975167,3645,607.4999999999999,404.7873717717986,40282,6713.666666666667,1098.279867186259,41298,6883.0,1219.8093293625852,1016,169.33333333333303,121.5294621763262,4384,730.6666666666666,557.2287381916574,4744,790.6666666666666,478.77872411654494,360,60.0,-78.45001407511245,5940,990.0,864.152069950654,4875,812.5,806.2969056123185,-1065,-177.5,-57.8551643383355,4686,781.0,321.3091968805126,4555,759.1666666666666,268.494630610496,-131,-21.83333333333337,-52.814566270016655,0.5,0.5,0.5,0.5,0.5,0.5,0.0,0.25,0.5,0.25,22.181604525175278,29.13535011500128,14.13246869964051,23.966076308597856,26.813090978788654,32.873577524893314,13.006027643485806,8.457502287282708,22.353874912103727,20.287549608612625,-2.0663253034911016,15.21508407847324,17.081196319018407,16.14814019874582,17.0724271777961,15.245782208588956,16.15910469319253,0.0109644944467071
marina,iori,shun,tshiroko,nagisa,sshiroko,tshiroko,marina,iori,hoshino,sayane,sshiroko,0,yellow,red,tank,smg,front,1,yes,yes,no,,3,8.83,no,no,134170,3913,148,0.0816,6197,109,2219,518,520,2.0,0.8,1264,0.7583,350,100,100,0.35,1.0,200,0.0,0,20,4,shoes,badge,amulet,yellow,yellow,dealer,sr,back,1,no,yes,no,,3,7.33,no,no,52713,8067,113,0.0635,5497,1491,194,824,100,2.46,0.5,2056,0.8728,650,100,136,0.0,1.0,200,0.0,0,5,1,hat,hairpin,wristwatch,red,red,dealer,sr,back,1,no,yes,no,,3,2.47,yes,no,46867,10930,108,0.0609,5715,1128,201,1382,100,2.26,0.5,1980,0.8644,750,100,136,0.0,1.0,200,0.0,0,20,1,gloves,hairpin,wristwatch,blue,blue,dealer,ar,middle,0,yes,yes,no,,3,3.33,no,no,69289,6276,108,0.0609,5932,709,1239,733,100,2.46,0.5,1380,0.7798,650,100,100,0.35,1.0,200,0.0,0,15,3,hat,badge,wristwatch,blue,blue,dealer,ar,middle,0,yes,yes,no,,3,3.33,no,no,69289,6276,108,0.0609,5932,709,1239,733,100,2.46,0.5,1380,0.7798,650,100,100,0.35,1.0,200,0.0,0,15,3,hat,badge,wristwatch,yellow,red,tank,smg,front,1,yes,yes,no,,3,8.83,no,no,134170,3913,148,0.0816,6197,109,2219,518,520,2.0,0.8,1264,0.7583,350,100,100,0.35,1.0,200,0.0,0,20,4,shoes,badge,amulet,yellow,yellow,dealer,sr,back,1,no,yes,no,,3,7.33,no,no,52713,8067,113,0.0635,5497,1491,194,824,100,2.46,0.5,2056,0.8728,650,100,136,0.0,1.0,200,0.0,0,5,1,hat,hairpin,wristwatch,yellow,yellow,tank,sg,front,2,no,yes,yes,self,4,7.63,no,no,111386,4757,2792,0.6262,7077,615,246,505,520,2.0,1.0,1948,0.8608,350,100,100,0.0,1.0,200,0.0,0,8,1,shoes,bag,amulet,red,,support,1,,yes,yes,one,3,6.83,no,44099,7734,2061,11519,759,977,682,2.46,1132,0.731,100,100,0.0,1.0,hat,bag,wristwatch,blue,support,2,yes,no,,3,4.93,yes,43517,8150,2060,8069,660,786,734,2.46,1582,0.8127,100,100,0.0,1.0,hat,bag,wristwatch,yellow,red,support,1,no,yes,no,4,14.53,no,46530,7493,1804,8526,1160,191,1241,2.26,2194,0.8869,100,100,0.0,1.0,gloves,bag,wristwatch,blue,support,2,yes,no,3,4.93,yes,43517,8150,2060,8069,660,786,734,2.46,1582,0.8127,100,100,0.0,1.0,hat,bag,wristwatch,1.3,0.75,1.3,0.75,0.8,0.0,1.1,0.45,1.1,0.45,1.3,0.75,1.3,0.75,1.0,0.3,1.3,0.75,0.8,0.0,1.0,0.3,0.8,0.0,18,3.0,0.0,20,3.333333333333333,0.5163977794943222,2,0.3333333333333335,0.5163977794943222,33.72,5.62,2.4631280924872745,46.58,7.763333333333333,3.868160630928693,12.86,2.1433333333333326,1.4050325384414184,390655,65109.16666666666,35159.52236545125,457605,76267.5,37805.916567384,66950,11158.333333333336,2646.3942019327515,45070,7511.666666666667,2320.6711672847287,38656,6442.666666666667,1784.6629560414667,-6414,-1069.0,-536.0082112432619,4598,766.3333333333334,1002.5688338795828,7025,1170.8333333333333,1192.854796975167,2427,404.4999999999999,190.28596309558415,42929,7154.833333333333,2328.774305652368,41298,6883.0,1219.8093293625852,-1631,-271.83333333333303,-1108.9649762897825,4856,809.3333333333334,467.2441189214336,4744,790.6666666666666,478.77872411654494,-112,-18.666666666666742,11.534605195111396,5616,936.0,755.3632238863631,4875,812.5,806.2969056123185,-741,-123.5,50.93368172595535,4873,812.1666666666666,296.88544367595165,4555,759.1666666666666,268.494630610496,-318,-53.0,-28.39081306545569,0.75,0.25,0.5,0.5,0.5,0.25,0.25,0.25,0.5,0.25,12.791089069471,29.243515205724503,14.184935539853726,24.05505045196552,26.813090978788654,13.006027643485806,8.457502287282708,19.798139738687063,20.06864756675369,17.018690162061056,-3.049957404692634,15.271570132123315,9.849923312883435,12.560746722503376,11.952482544608223,15.245782208588956,13.59913237659859,1.0383856540952134
marina,iori,shun,tshiroko,nagisa,sshiroko,tshiroko,marina,iori,hoshino,sayane,sshiroko,1,yellow,red,tank,smg,front,1,yes,yes,no,,3,8.83,no,no,134170,3913,148,0.0816,6197,109,2219,518,520,2.0,0.8,1264,0.7583,350,100,100,0.35,1.0,200,0.0,0,20,4,shoes,badge,amulet,yellow,yellow,dealer,sr,back,1,no,yes,no,,3,7.33,no,no,52713,8067,113,0.0635,5497,1491,194,824,100,2.46,0.5,2056,0.8728,650,100,136,0.0,1.0,200,0.0,0,5,1,hat,hairpin,wristwatch,red,red,dealer,sr,back,1,no,yes,no,,3,2.47,yes,no,46867,10930,108,0.0609,5715,1128,201,1382,100,2.26,0.5,1980,0.8644,750,100,136,0.0,1.0,200,0.0,0,20,1,gloves,hairpin,wristwatch,blue,blue,dealer,ar,middle,0,yes,yes,no,,3,3.33,no,no,69289,6276,108,0.0609,5932,709,1239,733,100,2.46,0.5,1380,0.7798,650,100,100,0.35,1.0,200,0.0,0,15,3,hat,badge,wristwatch,blue,blue,dealer,ar,middle,0,yes,yes,no,,3,3.33,no,no,69289,6276,108,0.0609,5932,709,1239,733,100,2.46,0.5,1380,0.7798,650,100,100,0.35,1.0,200,0.0,0,15,3,hat,badge,wristwatch,yellow,red,tank,smg,front,1,yes,yes,no,,3,8.83,no,no,134170,3913,148,0.0816,6197,109,2219,518,520,2.0,0.8,1264,0.7583,350,100,100,0.35,1.0,200,0.0,0,20,4,shoes,badge,amulet,yellow,yellow,dealer,sr,back,1,no,yes,no,,3,7.33,no,no,52713,8067,113,0.0635,5497,1491,194,824,100,2.46,0.5,2056,0.8728,650,100,136,0.0,1.0,200,0.0,0,5,1,hat,hairpin,wristwatch,yellow,yellow,tank,sg,front,2,no,yes,yes,self,4,7.63,no,no,111386,4757,2792,0.6262,7077,615,246,505,520,2.0,1.0,1948,0.8608,350,100,100,0.0,1.0,200,0.0,0,8,1,shoes,bag,amulet,red,,support,1,,yes,yes,one,3,6.83,no,44099,7734,2061,11519,759,977,682,2.46,1132,0.731,100,100,0.0,1.0,hat,bag,wristwatch,blue,support,2,yes,no,,3,4.93,yes,43517,8150,2060,8069,660,786,734,2.46,1582,0.8127,100,100,0.0,1.0,hat,bag,wristwatch,yellow,red,support,1,no,yes,no,4,14.53,no,46530,7493,1804,8526,1160,191,1241,2.26,2194,0.8869,100,100,0.0,1.0,gloves,bag,wristwatch,blue,support,2,yes,no,3,4.93,yes,43517,8150,2060,8069,660,786,734,2.46,1582,0.8127,100,100,0.0,1.0,hat,bag,wristwatch,1.3,0.75,1.3,0.75,0.8,0.0,1.1,0.45,1.1,0.45,1.3,0.75,1.3,0.75,1.0,0.3,1.3,0.75,0.8,0.0,1.0,0.3,0.8,0.0,18,3.0,0.0,20,3.333333333333333,0.5163977794943222,2,0.3333333333333335,0.5163977794943222,33.72,5.62,2.4631280924872745,46.58,7.763333333333333,3.868160630928693,12.86,2.1433333333333326,1.4050325384414184,390655,65109.16666666666,35159.52236545125,457605,76267.5,37805.916567384,66950,11158.333333333336,2646.3942019327515,45070,7511.666666666667,2320.6711672847287,38656,6442.666666666667,1784.6629560414667,-6414,-1069.0,-536.0082112432619,4598,766.3333333333334,1002.5688338795828,7025,1170.8333333333333,1192.854796975167,2427,404.4999999999999,190.28596309558415,42929,7154.833333333333,2328.774305652368,41298,6883.0,1219.8093293625852,-1631,-271.83333333333303,-1108.9649762897825,4856,809.3333333333334,467.2441189214336,4744,790.6666666666666,478.77872411654494,-112,-18.666666666666742,11.534605195111396,5616,936.0,755.3632238863631,4875,812.5,806.2969056123185,-741,-123.5,50.93368172595535,4873,812.1666666666666,296.88544367595165,4555,759.1666666666666,268.494630610496,-318,-53.0,-28.39081306545569,0.75,0.25,0.5,0.5,0.5,0.25,0.25,0.25,0.5,0.25,12.791089069471,29.243515205724503,14.184935539853726,24.05505045196552,26.813090978788654,13.006027643485806,8.457502287282708,19.798139738687063,20.06864756675369,17.018690162061056,-3.049957404692634,15.271570132123315,9.849923312883435,12.560746722503376,11.952482544608223,15.245782208588956,13.59913237659859,1.0383856540952134
reisa,tshiroko,marina,hoshino,nagisa,sshiroko,iori,marina,tshiroko,hoshino,sayane,sshiroko,1,yellow,yellow,tank,sg,front,1,no,yes,yes,self,3,4.93,no,yes,122892,5025,2597,0.6091,8080,655,217,518,520,2.0,0.8,1812,0.8444,350,100,100,0.0,1.0,200,0.0,0,8,2,shoes,bag,amulet,blue,blue,dealer,ar,middle,0,yes,yes,no,,3,3.33,no,no,69289,6276,108,0.0609,5932,709,1239,733,100,2.46,0.5,1380,0.7798,650,100,100,0.35,1.0,200,0.0,0,15,3,hat,badge,wristwatch,yellow,red,tank,smg,front,1,yes,yes,no,,3,8.83,no,no,134170,3913,148,0.0816,6197,109,2219,518,520,2.0,0.8,1264,0.7583,350,100,100,0.35,1.0,200,0.0,0,20,4,shoes,badge,amulet,yellow,yellow,tank,sg,front,2,no,yes,yes,self,4,7.63,no,no,111386,4757,2792,0.6262,7077,615,246,505,520,2.0,1.0,1948,0.8608,350,100,100,0.0,1.0,200,0.0,0,8,1,shoes,bag,amulet,yellow,yellow,dealer,sr,back,1,no,yes,no,,3,7.33,no,no,52713,8067,113,0.0635,5497,1491,194,824,100,2.46,0.5,2056,0.8728,650,100,136,0.0,1.0,200,0.0,0,5,1,hat,hairpin,wristwatch,yellow,red,tank,smg,front,1,yes,yes,no,,3,8.83,no,no,134170,3913,148,0.0816,6197,109,2219,518,520,2.0,0.8,1264,0.7583,350,100,100,0.35,1.0,200,0.0,0,20,4,shoes,badge,amulet,blue,blue,dealer,ar,middle,0,yes,yes,no,,3,3.33,no,no,69289,6276,108,0.0609,5932,709,1239,733,100,2.46,0.5,1380,0.7798,650,100,100,0.35,1.0,200,0.0,0,15,3,hat,badge,wristwatch,yellow,yellow,tank,sg,front,2,no,yes,yes,self,4,7.63,no,no,111386,4757,2792,0.6262,7077,615,246,505,520,2.0,1.0,1948,0.8608,350,100,100,0.0,1.0,200,0.0,0,8,1,shoes,bag,amulet,red,,support,1,,yes,yes,one,3,6.83,no,44099,7734,2061,11519,759,977,682,2.46,1132,0.731,100,100,0.0,1.0,hat,bag,wristwatch,blue,support,2,yes,no,,3,4.93,yes,43517,8150,2060,8069,660,786,734,2.46,1582,0.8127,100,100,0.0,1.0,hat,bag,wristwatch,yellow,red,support,1,no,yes,no,4,14.53,no,46530,7493,1804,8526,1160,191,1241,2.26,2194,0.8869,100,100,0.0,1.0,gloves,bag,wristwatch,blue,support,2,yes,no,3,4.93,yes,43517,8150,2060,8069,660,786,734,2.46,1582,0.8127,100,100,0.0,1.0,hat,bag,wristwatch,1.3,0.75,1.1,0.45,1.3,0.75,1.0,0.3,1.3,0.75,1.3,0.75,1.1,0.45,1.0,0.3,1.3,0.75,0.8,0.0,1.0,0.3,0.8,0.0,19,3.1666666666666665,0.4082482904638629,20,3.333333333333333,0.5163977794943222,1,0.1666666666666669,0.1081494890304592,36.48,6.079999999999999,2.0364184245876387,46.58,7.763333333333333,3.868160630928693,10.1,1.6833333333333336,1.8317422063410544,525353,87558.83333333333,40375.721424720905,457605,76267.5,37805.916567384,-67748,-11291.333333333328,-2569.804857336901,35855,5975.833333333333,1706.0580783392654,38656,6442.666666666667,1784.6629560414667,2801,466.83333333333394,78.60487770220129,9766,1627.6666666666667,1197.3946161005847,7025,1170.8333333333333,1192.854796975167,-2741,-456.8333333333335,-4.539819125417807,46874,7812.333333333333,2027.9334966084728,41298,6883.0,1219.8093293625852,-5576,-929.333333333333,-808.1241672458875,3507,584.5,238.18123351767244,4744,790.6666666666666,478.778724116545,1237,206.16666666666663,240.59749059887253,5684,947.3333333333334,742.2087756599666,4875,812.5,806.2969056123185,-809,-134.83333333333337,64.08812995235189,3690,615.0,112.68717762017114,4555,759.1666666666666,268.494630610496,865,144.16666666666663,155.8074529903248,0.25,0.75,0.5,0.5,0.0,0.75,0.25,0.25,0.5,0.25,14.093467212098671,29.05494505494506,25.38920092415551,23.89993693504309,20.87952736318408,19.798139738687063,26.81309097878865,22.055838763926843,23.109387531560586,22.386649211146658,-0.7227383204139279,15.17309488856266,19.551242331288343,17.3621686099255,11.952482544608223,15.245782208588956,13.599132376598591,-3.763036233326909
marina,tshiroko,hoshino,nymutsuki,sayane,sshiroko,iori,marina,tshiroko,hoshino,sayane,sshiroko,0,yellow,red,tank,smg,front,1,yes,yes,no,,3,8.83,no,no,134170,3913,148,0.0816,6197,109,2219,518,520,2.0,0.8,1264,0.7583,350,100,100,0.35,1.0,200,0.0,0,20,4,shoes,badge,amulet,blue,blue,dealer,ar,middle,0,yes,yes,no,,3,3.33,no,no,69289,6276,108,0.0609,5932,709,1239,733,100,2.46,0.5,1380,0.7798,650,100,100,0.35,1.0,200,0.0,0,15,3,hat,badge,wristwatch,yellow,yellow,tank,sg,front,2,no,yes,yes,self,4,7.63,no,no,111386,4757,2792,0.6262,7077,615,246,505,520,2.0,1.0,1948,0.8608,350,100,100,0.0,1.0,200,0.0,0,8,1,shoes,bag,amulet,blue,yellow,dealer,mg,back,1,no,yes,no,,2,4.67,no,no,62027,11562,418,0.2005,5939,324,640,1189,100,2.26,0.5,1328,0.7704,750,100,100,0.35,1.0,200,0.0,684,25,5,gloves,badge,wristwatch,yellow,yellow,dealer,sr,back,1,no,yes,no,,3,7.33,no,no,52713,8067,113,0.0635,5497,1491,194,824,100,2.46,0.5,2056,0.8728,650,100,136,0.0,1.0,200,0.0,0,5,1,hat,hairpin,wristwatch,yellow,red,tank,smg,front,1,yes,yes,no,,3,8.83,no,no,134170,3913,148,0.0816,6197,109,2219,518,520,2.0,0.8,1264,0.7583,350,100,100,0.35,1.0,200,0.0,0,20,4,shoes,badge,amulet,blue,blue,dealer,ar,middle,0,yes,yes,no,,3,3.33,no,no,69289,6276,108,0.0609,5932,709,1239,733,100,2.46,0.5,1380,0.7798,650,100,100,0.35,1.0,200,0.0,0,15,3,hat,badge,wristwatch,yellow,yellow,tank,sg,front,2,no,yes,yes,self,4,7.63,no,no,111386,4757,2792,0.6262,7077,615,246,505,520,2.0,1.0,1948,0.8608,350,100,100,0.0,1.0,200,0.0,0,8,1,shoes,bag,amulet,yellow,red,support,1,no,yes,no,,4,14.53,no,46530,7493,1804,8526,1160,191,1241,2.26,2194,0.8869,100,100,0.0,1.0,gloves,bag,wristwatch,blue,support,2,yes,no,,3,4.93,yes,43517,8150,2060,8069,660,786,734,2.46,1582,0.8127,100,100,0.0,1.0,hat,bag,wristwatch,yellow,red,support,1,no,yes,no,4,14.53,no,46530,7493,1804,8526,1160,191,1241,2.26,2194,0.8869,100,100,0.0,1.0,gloves,bag,wristwatch,blue,support,2,yes,no,3,4.93,yes,43517,8150,2060,8069,660,786,734,2.46,1582,0.8127,100,100,0.0,1.0,hat,bag,wristwatch,1.3,0.75,1.1,0.45,1.0,0.3,1.0,0.3,1.3,0.75,1.3,0.75,1.1,0.45,1.0,0.3,1.0,0.3,0.8,0.0,1.0,0.3,0.8,0.0,19,3.1666666666666665,0.752772652709081,20,3.333333333333333,0.5163977794943222,1,0.1666666666666669,-0.2363748732147588,43.92,7.32,4.074677901380673,46.58,7.763333333333333,3.868160630928693,2.6599999999999966,0.4433333333333324,-0.2065172704519797,466919,77819.83333333333,36823.78463665389,457605,76267.5,37805.916567384,-9314,-1552.3333333333285,982.1319307301164,42151,7025.166666666667,2737.092867746117,38656,6442.666666666667,1784.6629560414667,-3495,-582.5,-952.4299117046507,7330,1221.6666666666667,1144.2687912665742,7025,1170.8333333333333,1192.854796975167,-305,-50.833333333333485,48.586005708592666,41740,6956.666666666667,1129.3585199867518,41298,6883.0,1219.8093293625852,-442,-73.66666666666697,90.4508093758334,3577,596.1666666666666,359.5760930132406,4744,790.6666666666666,478.778724116545,1167,194.5,119.20263110330438,5321,886.8333333333334,756.9193924498609,4875,812.5,806.2969056123185,-446,-74.33333333333337,49.3775131624576,4920,820.0,322.1167490212206,4555,759.1666666666666,268.494630610496,-365,-60.83333333333337,-53.622118410724624,0.5,0.5,0.5,0.5,0.25,0.5,0.25,0.25,0.5,0.25,13.150350192140822,27.110624840276003,20.54017288081581,22.30058335085138,26.81309097878865,19.798139738687063,22.055838763926843,10.746680937554055,20.775432816021,19.853437604739156,-0.9219952112818496,14.157730548511946,15.817193251533745,14.987461900022844,14.002352195382356,15.245782208588956,14.624067201985657,-0.3633946980371885
tshiroko,iori,shun,hoshino,nagisa,sshiroko,iori,marina,tshiroko,hoshino,sayane,sshiroko,0,blue,blue,dealer,ar,middle,0,yes,yes,no,,3,3.33,no,no,69289,6276,108,0.0609,5932,709,1239,733,100,2.46,0.5,1380,0.7798,650,100,100,0.35,1.0,200,0.0,0,15,3,hat,badge,wristwatch,yellow,yellow,dealer,sr,back,1,no,yes,no,,3,7.33,no,no,52713,8067,113,0.0635,5497,1491,194,824,100,2.46,0.5,2056,0.8728,650,100,136,0.0,1.0,200,0.0,0,5,1,hat,hairpin,wristwatch,red,red,dealer,sr,back,1,no,yes,no,,3,2.47,yes,no,46867,10930,108,0.0609,5715,1128,201,1382,100,2.26,0.5,1980,0.8644,750,100,136,0.0,1.0,200,0.0,0,20,1,gloves,hairpin,wristwatch,yellow,yellow,tank,sg,front,2,no,yes,yes,self,4,7.63,no,no,111386,4757,2792,0.6262,7077,615,246,505,520,2.0,1.0,1948,0.8608,350,100,100,0.0,1.0,200,0.0,0,8,1,shoes,bag,amulet,yellow,yellow,dealer,sr,back,1,no,yes,no,,3,7.33,no,no,52713,8067,113,0.0635,5497,1491,194,824,100,2.46,0.5,2056,0.8728,650,100,136,0.0,1.0,200,0.0,0,5,1,hat,hairpin,wristwatch,yellow,red,tank,smg,front,1,yes,yes,no,,3,8.83,no,no,134170,3913,148,0.0816,6197,109,2219,518,520,2.0,0.8,1264,0.7583,350,100,100,0.35,1.0,200,0.0,0,20,4,shoes,badge,amulet,blue,blue,dealer,ar,middle,0,yes,yes,no,,3,3.33,no,no,69289,6276,108,0.0609,5932,709,1239,733,100,2.46,0.5,1380,0.7798,650,100,100,0.35,1.0,200,0.0,0,15,3,hat,badge,wristwatch,yellow,yellow,tank,sg,front,2,no,yes,yes,self,4,7.63,no,no,111386,4757,2792,0.6262,7077,615,246,505,520,2.0,1.0,1948,0.8608,350,100,100,0.0,1.0,200,0.0,0,8,1,shoes,bag,amulet,red,,support,1,,yes,yes,one,3,6.83,no,44099,7734,2061,11519,759,977,682,2.46,1132,0.731,100,100,0.0,1.0,hat,bag,wristwatch,blue,support,2,yes,no,,3,4.93,yes,43517,8150,2060,8069,660,786,734,2.46,1582,0.8127,100,100,0.0,1.0,hat,bag,wristwatch,yellow,red,support,1,no,yes,no,4,14.53,no,46530,7493,1804,8526,1160,191,1241,2.26,2194,0.8869,100,100,0.0,1.0,gloves,bag,wristwatch,blue,support,2,yes,no,3,4.93,yes,43517,8150,2060,8069,660,786,734,2.46,1582,0.8127,100,100,0.0,1.0,hat,bag,wristwatch,1.1,0.45,1.3,0.75,0.8,0.0,1.0,0.3,1.3,0.75,1.3,0.75,1.1,0.45,1.0,0.3,1.3,0.75,0.8,0.0,1.0,0.3,0.8,0.0,19,3.1666666666666665,0.4082482904638629,20,3.333333333333333,0.5163977794943222,1,0.1666666666666669,0.1081494890304592,32.52,5.420000000000001,2.183162843216236,46.58,7.763333333333333,3.868160630928693,14.059999999999995,2.343333333333332,1.684997787712457,367871,61311.833333333336,26330.925638242697,457605,76267.5,37805.916567384,89734,14955.666666666664,11474.990929141306,45914,7652.333333333333,2071.0691602809084,38656,6442.666666666667,1784.6629560414667,-7258,-1209.666666666666,-286.40620423944165,7242,1207.0,1231.3884845977732,7025,1170.8333333333333,1192.854796975167,-217,-36.16666666666674,-38.53368762260629,43809,7301.5,2283.659147070771,41298,6883.0,1219.8093293625852,-2511,-418.5,-1063.8498177081856,5362,893.6666666666666,345.3147356639544,4744,790.6666666666666,478.778724116545,-618,-103.0,133.46398845259063,3643,607.1666666666666,454.77265382459694,4875,812.5,806.2969056123185,1232,205.33333333333337,351.52425178772154,4860,810.0,299.4975792890487,4555,759.1666666666666,268.494630610496,-305,-50.83333333333337,-31.00294867855274,0.75,0.25,0.5,0.5,0.5,0.25,0.25,0.25,0.5,0.25,7.594908268253379,15.657583695374392,16.320486775015933,12.879572209375656,19.798139738687063,13.006027643485806,8.457502287282708,22.055838763926843,13.11313773700484,15.829377108345604,2.716239371340764,8.176714933938342,12.567776073619632,10.372245503778986,11.952482544608223,15.245782208588956,13.599132376598591,3.2268868728196054
marina,tshiroko,hoshino,nymutsuki,sayane,sshiroko,iori,marina,tshiroko,hoshino,sayane,sshiroko,0,yellow,red,tank,smg,front,1,yes,yes,no,,3,8.83,no,no,134170,3913,148,0.0816,6197,109,2219,518,520,2.0,0.8,1264,0.7583,350,100,100,0.35,1.0,200,0.0,0,20,4,shoes,badge,amulet,blue,blue,dealer,ar,middle,0,yes,yes,no,,3,3.33,no,no,69289,6276,108,0.0609,5932,709,1239,733,100,2.46,0.5,1380,0.7798,650,100,100,0.35,1.0,200,0.0,0,15,3,hat,badge,wristwatch,yellow,yellow,tank,sg,front,2,no,yes,yes,self,4,7.63,no,no,111386,4757,2792,0.6262,7077,615,246,505,520,2.0,1.0,1948,0.8608,350,100,100,0.0,1.0,200,0.0,0,8,1,shoes,bag,amulet,blue,yellow,dealer,mg,back,1,no,yes,no,,2,4.67,no,no,62027,11562,418,0.2005,5939,324,640,1189,100,2.26,0.5,1328,0.7704,750,100,100,0.35,1.0,200,0.0,684,25,5,gloves,badge,wristwatch,yellow,yellow,dealer,sr,back,1,no,yes,no,,3,7.33,no,no,52713,8067,113,0.0635,5497,1491,194,824,100,2.46,0.5,2056,0.8728,650,100,136,0.0,1.0,200,0.0,0,5,1,hat,hairpin,wristwatch,yellow,red,tank,smg,front,1,yes,yes,no,,3,8.83,no,no,134170,3913,148,0.0816,6197,109,2219,518,520,2.0,0.8,1264,0.7583,350,100,100,0.35,1.0,200,0.0,0,20,4,shoes,badge,amulet,blue,blue,dealer,ar,middle,0,yes,yes,no,,3,3.33,no,no,69289,6276,108,0.0609,5932,709,1239,733,100,2.46,0.5,1380,0.7798,650,100,100,0.35,1.0,200,0.0,0,15,3,hat,badge,wristwatch,yellow,yellow,tank,sg,front,2,no,yes,yes,self,4,7.63,no,no,111386,4757,2792,0.6262,7077,615,246,505,520,2.0,1.0,1948,0.8608,350,100,100,0.0,1.0,200,0.0,0,8,1,shoes,bag,amulet,yellow,red,support,1,no,yes,no,,4,14.53,no,46530,7493,1804,8526,1160,191,1241,2.26,2194,0.8869,100,100,0.0,1.0,gloves,bag,wristwatch,blue,support,2,yes,no,,3,4.93,yes,43517,8150,2060,8069,660,786,734,2.46,1582,0.8127,100,100,0.0,1.0,hat,bag,wristwatch,yellow,red,support,1,no,yes,no,4,14.53,no,46530,7493,1804,8526,1160,191,1241,2.26,2194,0.8869,100,100,0.0,1.0,gloves,bag,wristwatch,blue,support,2,yes,no,3,4.93,yes,43517,8150,2060,8069,660,786,734,2.46,1582,0.8127,100,100,0.0,1.0,hat,bag,wristwatch,1.3,0.75,1.1,0.45,1.0,0.3,1.0,0.3,1.3,0.75,1.3,0.75,1.1,0.45,1.0,0.3,1.0,0.3,0.8,0.0,1.0,0.3,0.8,0.0,19,3.1666666666666665,0.752772652709081,20,3.333333333333333,0.5163977794943222,1,0.1666666666666669,-0.2363748732147588,43.92,7.32,4.074677901380673,46.58,7.763333333333333,3.868160630928693,2.6599999999999966,0.4433333333333324,-0.2065172704519797,466919,77819.83333333333,36823.78463665389,457605,76267.5,37805.916567384,-9314,-1552.3333333333285,982.1319307301164,42151,7025.166666666667,2737.092867746117,38656,6442.666666666667,1784.6629560414667,-3495,-582.5,-952.4299117046507,7330,1221.6666666666667,1144.2687912665742,7025,1170.8333333333333,1192.854796975167,-305,-50.833333333333485,48.586005708592666,41740,6956.666666666667,1129.3585199867518,41298,6883.0,1219.8093293625852,-442,-73.66666666666697,90.4508093758334,3577,596.1666666666666,359.5760930132406,4744,790.6666666666666,478.778724116545,1167,194.5,119.20263110330438,5321,886.8333333333334,756.9193924498609,4875,812.5,806.2969056123185,-446,-74.33333333333337,49.3775131624576,4920,820.0,322.1167490212206,4555,759.1666666666666,268.494630610496,-365,-60.83333333333337,-53.622118410724624,0.5,0.5,0.5,0.5,0.25,0.5,0.25,0.25,0.5,0.25,13.150350192140822,27.110624840276003,20.54017288081581,22.30058335085138,26.81309097878865,19.798139738687063,22.055838763926843,10.746680937554055,20.775432816021,19.853437604739156,-0.9219952112818496,14.157730548511946,15.817193251533745,14.987461900022844,14.002352195382356,15.245782208588956,14.624067201985657,-0.3633946980371885
reisa,shun,tshiroko,hoshino,nagisa,sshiroko,iori,marina,tshiroko,hoshino,sayane,sshiroko,1,yellow,yellow,tank,sg,front,1,no,yes,yes,self,3,4.93,no,yes,122892,5025,2597,0.6091,8080,655,217,518,520,2.0,0.8,1812,0.8444,350,100,100,0.0,1.0,200,0.0,0,8,2,shoes,bag,amulet,red,red,dealer,sr,back,1,no,yes,no,,3,2.47,yes,no,46867,10930,108,0.0609,5715,1128,201,1382,100,2.26,0.5,1980,0.8644,750,100,136,0.0,1.0,200,0.0,0,20,1,gloves,hairpin,wristwatch,blue,blue,dealer,ar,middle,0,yes,yes,no,,3,3.33,no,no,69289,6276,108,0.0609,5932,709,1239,733,100,2.46,0.5,1380,0.7798,650,100,100,0.35,1.0,200,0.0,0,15,3,hat,badge,wristwatch,yellow,yellow,tank,sg,front,2,no,yes,yes,self,4,7.63,no,no,111386,4757,2792,0.6262,7077,615,246,505,520,2.0,1.0,1948,0.8608,350,100,100,0.0,1.0,200,0.0,0,8,1,shoes,bag,amulet,yellow,yellow,dealer,sr,back,1,no,yes,no,,3,7.33,no,no,52713,8067,113,0.0635,5497,1491,194,824,100,2.46,0.5,2056,0.8728,650,100,136,0.0,1.0,200,0.0,0,5,1,hat,hairpin,wristwatch,yellow,red,tank,smg,front,1,yes,yes,no,,3,8.83,no,no,134170,3913,148,0.0816,6197,109,2219,518,520,2.0,0.8,1264,0.7583,350,100,100,0.35,1.0,200,0.0,0,20,4,shoes,badge,amulet,blue,blue,dealer,ar,middle,0,yes,yes,no,,3,3.33,no,no,69289,6276,108,0.0609,5932,709,1239,733,100,2.46,0.5,1380,0.7798,650,100,100,0.35,1.0,200,0.0,0,15,3,hat,badge,wristwatch,yellow,yellow,tank,sg,front,2,no,yes,yes,self,4,7.63,no,no,111386,4757,2792,0.6262,7077,615,246,505,520,2.0,1.0,1948,0.8608,350,100,100,0.0,1.0,200,0.0,0,8,1,shoes,bag,amulet,red,,support,1,,yes,yes,one,3,6.83,no,44099,7734,2061,11519,759,977,682,2.46,1132,0.731,100,100,0.0,1.0,hat,bag,wristwatch,blue,support,2,yes,no,,3,4.93,yes,43517,8150,2060,8069,660,786,734,2.46,1582,0.8127,100,100,0.0,1.0,hat,bag,wristwatch,yellow,red,support,1,no,yes,no,4,14.53,no,46530,7493,1804,8526,1160,191,1241,2.26,2194,0.8869,100,100,0.0,1.0,gloves,bag,wristwatch,blue,support,2,yes,no,3,4.93,yes,43517,8150,2060,8069,660,786,734,2.46,1582,0.8127,100,100,0.0,1.0,hat,bag,wristwatch,1.3,0.75,0.8,0.0,1.1,0.45,1.0,0.3,1.3,0.75,1.3,0.75,1.1,0.45,1.0,0.3,1.3,0.75,0.8,0.0,1.0,0.3,0.8,0.0,19,3.1666666666666665,0.4082482904638629,20,3.333333333333333,0.5163977794943222,1,0.1666666666666669,0.1081494890304592,30.12,5.02,1.9729673083961627,46.58,7.763333333333333,3.868160630928693,16.46,2.743333333333333,1.89519332253253,438050,73008.33333333333,35676.08875236559,457605,76267.5,37805.916567384,19555,3259.1666666666715,2129.8278150184124,42872,7145.333333333333,2308.041391887647,38656,6442.666666666667,1784.6629560414667,-4216,-702.6666666666661,-523.3784358461803,9726,1621.0,1207.350487638117,7025,1170.8333333333333,1192.854796975167,-2701,-450.16666666666674,-14.495690662950436,46392,7732.0,2112.503538458575,41298,6883.0,1219.8093293625852,-5094,-849.0,-892.6942090959897,4526,754.3333333333334,189.67516091113956,4744,790.6666666666666,478.778724116545,218,36.33333333333326,289.10356320540546,3666,611.0,450.6719427699044,4875,812.5,806.2969056123185,1209,201.5,355.62496284241405,4554,759.0,321.8558683634648,4555,759.1666666666666,268.494630610496,1,0.1666666666666287,-53.36123775296886,0.5,0.5,0.5,0.5,0.25,0.5,0.25,0.25,0.5,0.25,8.682347836866246,17.899437771530792,21.911547960484384,14.723670380491908,20.87952736318408,8.457502287282708,19.798139738687063,22.055838763926843,15.80425098734333,17.797752038270172,1.9935010509268416,9.347457627118644,16.873236196319016,13.110346911718832,11.952482544608223,15.245782208588956,13.599132376598591,0.4887854648797596
tshiroko,shun,reisa,iori,hibiki,sshiroko,iori,hoshino,tshiroko,marina,sayane,sshiroko,1,blue,blue,dealer,ar,middle,0,yes,yes,no,,3,3.33,no,no,69289,6276,108,0.0609,5932,709,1239,733,100,2.46,0.5,1380,0.7798,650,100,100,0.35,1.0,200,0.0,0,15,3,hat,badge,wristwatch,red,red,dealer,sr,back,1,no,yes,no,,3,2.47,yes,no,46867,10930,108,0.0609,5715,1128,201,1382,100,2.26,0.5,1980,0.8644,750,100,136,0.0,1.0,200,0.0,0,20,1,gloves,hairpin,wristwatch,yellow,yellow,tank,sg,front,1,no,yes,yes,self,3,4.93,no,yes,122892,5025,2597,0.6091,8080,655,217,518,520,2.0,0.8,1812,0.8444,350,100,100,0.0,1.0,200,0.0,0,8,2,shoes,bag,amulet,yellow,yellow,dealer,sr,back,1,no,yes,no,,3,7.33,no,no,52713,8067,113,0.0635,5497,1491,194,824,100,2.46,0.5,2056,0.8728,650,100,136,0.0,1.0,200,0.0,0,5,1,hat,hairpin,wristwatch,yellow,yellow,dealer,sr,back,1,no,yes,no,,3,7.33,no,no,52713,8067,113,0.0635,5497,1491,194,824,100,2.46,0.5,2056,0.8728,650,100,136,0.0,1.0,200,0.0,0,5,1,hat,hairpin,wristwatch,yellow,yellow,tank,sg,front,2,no,yes,yes,self,4,7.63,no,no,111386,4757,2792,0.6262,7077,615,246,505,520,2.0,1.0,1948,0.8608,350,100,100,0.0,1.0,200,0.0,0,8,1,shoes,bag,amulet,blue,blue,dealer,ar,middle,0,yes,yes,no,,3,3.33,no,no,69289,6276,108,0.0609,5932,709,1239,733,100,2.46,0.5,1380,0.7798,650,100,100,0.35,1.0,200,0.0,0,15,3,hat,badge,wristwatch,yellow,red,tank,smg,front,1,yes,yes,no,,3,8.83,no,no,134170,3913,148,0.0816,6197,109,2219,518,520,2.0,0.8,1264,0.7583,350,100,100,0.35,1.0,200,0.0,0,20,4,shoes,badge,amulet,red,,support,1,,yes,no,,4,4.0,no,43506,7070,437,7437,500,201,831,2.46,1141,0.7329,100,136,0.0,1.0,hat,hairpin,wristwatch,blue,support,2,yes,no,,3,4.93,yes,43517,8150,2060,8069,660,786,734,2.46,1582,0.8127,100,100,0.0,1.0,hat,bag,wristwatch,yellow,red,support,1,no,yes,no,4,14.53,no,46530,7493,1804,8526,1160,191,1241,2.26,2194,0.8869,100,100,0.0,1.0,gloves,bag,wristwatch,blue,support,2,yes,no,3,4.93,yes,43517,8150,2060,8069,660,786,734,2.46,1582,0.8127,100,100,0.0,1.0,hat,bag,wristwatch,1.1,0.45,0.8,0.0,1.3,0.75,1.3,0.75,1.3,0.75,1.0,0.3,1.1,0.45,1.3,0.75,1.0,0.3,0.8,0.0,1.0,0.3,0.8,0.0,19,3.1666666666666665,0.408248290463863,20,3.333333333333333,0.5163977794943222,1,0.1666666666666669,0.1081494890304591,26.99,4.498333333333334,1.6803858683846,46.58,7.763333333333333,3.868160630928693,19.59,3.264999999999999,2.187774762544093,378784,63130.66666666666,30829.20733763141,457605,76267.5,37805.916567384,78821,13136.833333333336,6976.709229752589,45518,7586.333333333333,2013.5972453960765,38656,6442.666666666667,1784.6629560414667,-6862,-1143.666666666666,-228.93428935460972,5423,903.8333333333334,1123.706975446298,7025,1170.8333333333333,1192.854796975167,1602,266.9999999999999,69.14782152886892,40730,6788.333333333333,1206.8281844018504,41298,6883.0,1219.8093293625852,568,94.66666666666696,12.98114496073481,5143,857.1666666666666,375.3299437383949,4744,790.6666666666666,478.77872411654494,-399,-66.5,103.44878037815003,2838,473.0,441.8302841589744,4875,812.5,806.2969056123185,2037,339.5,364.46662145334415,5022,837.0,289.9710330360604,4555,759.1666666666666,268.494630610496,-467,-77.83333333333337,-21.4764024255644,0.75,0.25,0.5,0.5,0.5,0.25,0.25,0.25,0.5,0.25,7.773196355522499,13.181916123607316,17.2371534416826,16.025140557117304,19.798139738687063,8.457502287282708,20.87952736318408,13.006027643485806,13.554351619482429,15.535299258159911,1.980947638677483,8.368660750033365,13.27366564417178,10.821163197102573,13.075035360678925,15.245782208588956,14.16040878463394,3.3392455875313694
hoshino,haruka,tshiroko,marina,nagisa,sshiroko,iori,hoshino,tshiroko,marina,sayane,sshiroko,1,yellow,yellow,tank,sg,front,2,no,yes,yes,self,4,7.63,no,no,111386,4757,2792,0.6262,7077,615,246,505,520,2.0,1.0,1948,0.8608,350,100,100,0.0,1.0,200,0.0,0,8,1,shoes,bag,amulet,red,red,tank,sg,front,1,no,yes,no,,4,5.67,no,no,150581,3216,2700,0.6183,5596,593,237,497,520,2.0,0.8,2020,0.8689,350,100,100,0.0,1.0,200,0.0,0,8,1,shoes,bag,amulet,blue,blue,dealer,ar,middle,0,yes,yes,no,,3,3.33,no,no,69289,6276,108,0.0609,5932,709,1239,733,100,2.46,0.5,1380,0.7798,650,100,100,0.35,1.0,200,0.0,0,15,3,hat,badge,wristwatch,yellow,red,tank,smg,front,1,yes,yes,no,,3,8.83,no,no,134170,3913,148,0.0816,6197,109,2219,518,520,2.0,0.8,1264,0.7583,350,100,100,0.35,1.0,200,0.0,0,20,4,shoes,badge,amulet,yellow,yellow,dealer,sr,back,1,no,yes,no,,3,7.33,no,no,52713,8067,113,0.0635,5497,1491,194,824,100,2.46,0.5,2056,0.8728,650,100,136,0.0,1.0,200,0.0,0,5,1,hat,hairpin,wristwatch,yellow,yellow,tank,sg,front,2,no,yes,yes,self,4,7.63,no,no,111386,4757,2792,0.6262,7077,615,246,505,520,2.0,1.0,1948,0.8608,350,100,100,0.0,1.0,200,0.0,0,8,1,shoes,bag,amulet,blue,blue,dealer,ar,middle,0,yes,yes,no,,3,3.33,no,no,69289,6276,108,0.0609,5932,709,1239,733,100,2.46,0.5,1380,0.7798,650,100,100,0.35,1.0,200,0.0,0,15,3,hat,badge,wristwatch,yellow,red,tank,smg,front,1,yes,yes,no,,3,8.83,no,no,134170,3913,148,0.0816,6197,109,2219,518,520,2.0,0.8,1264,0.7583,350,100,100,0.35,1.0,200,0.0,0,20,4,shoes,badge,amulet,red,,support,1,,yes,yes,one,3,6.83,no,44099,7734,2061,11519,759,977,682,2.46,1132,0.731,100,100,0.0,1.0,hat,bag,wristwatch,blue,support,2,yes,no,,3,4.93,yes,43517,8150,2060,8069,660,786,734,2.46,1582,0.8127,100,100,0.0,1.0,hat,bag,wristwatch,yellow,red,support,1,no,yes,no,4,14.53,no,46530,7493,1804,8526,1160,191,1241,2.26,2194,0.8869,100,100,0.0,1.0,gloves,bag,wristwatch,blue,support,2,yes,no,3,4.93,yes,43517,8150,2060,8069,660,786,734,2.46,1582,0.8127,100,100,0.0,1.0,hat,bag,wristwatch,1.0,0.3,1.1,0.45,1.1,0.45,1.3,0.75,1.3,0.75,1.0,0.3,1.1,0.45,1.3,0.75,1.3,0.75,0.8,0.0,1.0,0.3,0.8,0.0,20,3.333333333333333,0.5163977794943222,20,3.333333333333333,0.5163977794943222,0,0.0,0.0,37.22,6.203333333333333,1.9743015642668844,46.58,7.763333333333333,3.868160630928693,9.36,1.5599999999999996,1.8938590666618085,553042,92173.66666666669,46360.70557559135,457605,76267.5,37805.916567384,-95437,-15906.166666666672,-8554.789008207343,34046,5674.333333333333,2035.699060928866,38656,6442.666666666667,1784.6629560414667,4610,768.3333333333339,-251.03610488739923,9869,1644.8333333333333,1214.6845543871325,7025,1170.8333333333333,1192.854796975167,-2844,-474.0,-21.8297574119656,44390,7398.333333333333,2207.925874359614,41298,6883.0,1219.8093293625852,-3092,-515.333333333333,-988.116544997029,3445,574.1666666666666,235.8443695886477,4744,790.6666666666666,478.77872411654494,1299,216.5,242.9343545278972,5704,950.6666666666666,738.3074337067633,4875,812.5,806.2969056123185,-829,-138.16666666666663,67.9894719055552,3669,611.5,116.56200066917177,4555,759.1666666666666,268.494630610496,886,147.66666666666663,151.9326299413242,0.25,0.75,0.5,0.5,0.0,0.75,0.25,0.25,0.5,0.25,21.52237510846659,36.49800294303133,21.59685707456979,44.37030411449017,22.055838763926843,28.74393656716418,19.798139738687063,26.81309097878865,30.996884810139463,24.352751512141683,-6.644133297997783,23.171093020152146,16.63090490797546,19.900998964063803,11.952482544608223,15.245782208588956,13.599132376598591,-6.301866587465211
tshiroko,shun,iori,hoshino,sayane,sshiroko,iori,hoshino,tshiroko,marina,sayane,sshiroko,1,blue,blue,dealer,ar,middle,0,yes,yes,no,,3,3.33,no,no,69289,6276,108,0.0609,5932,709,1239,733,100,2.46,0.5,1380,0.7798,650,100,100,0.35,1.0,200,0.0,0,15,3,hat,badge,wristwatch,red,red,dealer,sr,back,1,no,yes,no,,3,2.47,yes,no,46867,10930,108,0.0609,5715,1128,201,1382,100,2.26,0.5,1980,0.8644,750,100,136,0.0,1.0,200,0.0,0,20,1,gloves,hairpin,wristwatch,yellow,yellow,dealer,sr,back,1,no,yes,no,,3,7.33,no,no,52713,8067,113,0.0635,5497,1491,194,824,100,2.46,0.5,2056,0.8728,650,100,136,0.0,1.0,200,0.0,0,5,1,hat,hairpin,wristwatch,yellow,yellow,tank,sg,front,2,no,yes,yes,self,4,7.63,no,no,111386,4757,2792,0.6262,7077,615,246,505,520,2.0,1.0,1948,0.8608,350,100,100,0.0,1.0,200,0.0,0,8,1,shoes,bag,amulet,yellow,yellow,dealer,sr,back,1,no,yes,no,,3,7.33,no,no,52713,8067,113,0.0635,5497,1491,194,824,100,2.46,0.5,2056,0.8728,650,100,136,0.0,1.0,200,0.0,0,5,1,hat,hairpin,wristwatch,yellow,yellow,tank,sg,front,2,no,yes,yes,self,4,7.63,no,no,111386,4757,2792,0.6262,7077,615,246,505,520,2.0,1.0,1948,0.8608,350,100,100,0.0,1.0,200,0.0,0,8,1,shoes,bag,amulet,blue,blue,dealer,ar,middle,0,yes,yes,no,,3,3.33,no,no,69289,6276,108,0.0609,5932,709,1239,733,100,2.46,0.5,1380,0.7798,650,100,100,0.35,1.0,200,0.0,0,15,3,hat,badge,wristwatch,yellow,red,tank,smg,front,1,yes,yes,no,,3,8.83,no,no,134170,3913,148,0.0816,6197,109,2219,518,520,2.0,0.8,1264,0.7583,350,100,100,0.35,1.0,200,0.0,0,20,4,shoes,badge,amulet,yellow,red,support,1,no,yes,no,,4,14.53,no,46530,7493,1804,8526,1160,191,1241,2.26,2194,0.8869,100,100,0.0,1.0,gloves,bag,wristwatch,blue,support,2,yes,no,,3,4.93,yes,43517,8150,2060,8069,660,786,734,2.46,1582,0.8127,100,100,0.0,1.0,hat,bag,wristwatch,yellow,red,support,1,no,yes,no,4,14.53,no,46530,7493,1804,8526,1160,191,1241,2.26,2194,0.8869,100,100,0.0,1.0,gloves,bag,wristwatch,blue,support,2,yes,no,3,4.93,yes,43517,8150,2060,8069,660,786,734,2.46,1582,0.8127,100,100,0.0,1.0,hat,bag,wristwatch,1.1,0.45,0.8,0.0,1.3,0.75,1.0,0.3,1.3,0.75,1.0,0.3,1.1,0.45,1.3,0.75,1.0,0.3,0.8,0.0,1.0,0.3,0.8,0.0,20,3.333333333333333,0.5163977794943222,20,3.333333333333333,0.5163977794943222,0,0.0,0.0,40.22,6.703333333333333,4.357828205272285,46.58,7.763333333333333,3.868160630928693,6.359999999999999,1.0599999999999996,-0.4896675743435921,370302,61717.0,26030.075797046768,457605,76267.5,37805.916567384,87303,14550.5,11775.840770337236,45673,7612.166666666667,2071.5054831370026,38656,6442.666666666667,1784.6629560414667,-7017,-1169.5,-286.84252709553584,6985,1164.1666666666667,1199.8060537714696,7025,1170.8333333333333,1192.854796975167,40,6.666666666666515,-6.951256796302687,40816,6802.666666666667,1287.9892339094556,41298,6883.0,1219.8093293625852,482,80.33333333333303,-68.17990454687038,5763,960.5,352.7632350458307,4744,790.6666666666666,478.77872411654494,-1019,-169.83333333333337,126.01548907071424,2857,476.1666666666667,439.89608621430887,4875,812.5,806.2969056123185,2018,336.3333333333333,366.4008193980096,5419,903.1666666666666,336.3899027418431,4555,759.1666666666666,268.494630610496,-864,-144.0,-67.89527213134716,0.75,0.25,0.5,0.5,0.5,0.25,0.25,0.25,0.5,0.25,7.594908268253379,12.87957220937566,16.320486775015933,15.657583695374392,19.798139738687063,8.457502287282708,13.006027643485806,22.055838763926843,13.113137737004845,15.829377108345604,2.7162393713407624,8.176714933938342,12.567776073619632,10.372245503778986,14.002352195382358,15.245782208588956,14.624067201985657,4.251821698206671
hoshino,tshiroko,haruka,nymutsuki,sayane,sshiroko,iori,hoshino,tshiroko,marina,sayane,sshiroko,0,yellow,yellow,tank,sg,front,2,no,yes,yes,self,4,7.63,no,no,111386,4757,2792,0.6262,7077,615,246,505,520,2.0,1.0,1948,0.8608,350,100,100,0.0,1.0,200,0.0,0,8,1,shoes,bag,amulet,blue,blue,dealer,ar,middle,0,yes,yes,no,,3,3.33,no,no,69289,6276,108,0.0609,5932,709,1239,733,100,2.46,0.5,1380,0.7798,650,100,100,0.35,1.0,200,0.0,0,15,3,hat,badge,wristwatch,red,red,tank,sg,front,1,no,yes,no,,4,5.67,no,no,150581,3216,2700,0.6183,5596,593,237,497,520,2.0,0.8,2020,0.8689,350,100,100,0.0,1.0,200,0.0,0,8,1,shoes,bag,amulet,blue,yellow,dealer,mg,back,1,no,yes,no,,2,4.67,no,no,62027,11562,418,0.2005,5939,324,640,1189,100,2.26,0.5,1328,0.7704,750,100,100,0.35,1.0,200,0.0,684,25,5,gloves,badge,wristwatch,yellow,yellow,dealer,sr,back,1,no,yes,no,,3,7.33,no,no,52713,8067,113,0.0635,5497,1491,194,824,100,2.46,0.5,2056,0.8728,650,100,136,0.0,1.0,200,0.0,0,5,1,hat,hairpin,wristwatch,yellow,yellow,tank,sg,front,2,no,yes,yes,self,4,7.63,no,no,111386,4757,2792,0.6262,7077,615,246,505,520,2.0,1.0,1948,0.8608,350,100,100,0.0,1.0,200,0.0,0,8,1,shoes,bag,amulet,blue,blue,dealer,ar,middle,0,yes,yes,no,,3,3.33,no,no,69289,6276,108,0.0609,5932,709,1239,733,100,2.46,0.5,1380,0.7798,650,100,100,0.35,1.0,200,0.0,0,15,3,hat,badge,wristwatch,yellow,red,tank,smg,front,1,yes,yes,no,,3,8.83,no,no,134170,3913,148,0.0816,6197,109,2219,518,520,2.0,0.8,1264,0.7583,350,100,100,0.35,1.0,200,0.0,0,20,4,shoes,badge,amulet,yellow,red,support,1,no,yes,no,,4,14.53,no,46530,7493,1804,8526,1160,191,1241,2.26,2194,0.8869,100,100,0.0,1.0,gloves,bag,wristwatch,blue,support,2,yes,no,,3,4.93,yes,43517,8150,2060,8069,660,786,734,2.46,1582,0.8127,100,100,0.0,1.0,hat,bag,wristwatch,yellow,red,support,1,no,yes,no,4,14.53,no,46530,7493,1804,8526,1160,191,1241,2.26,2194,0.8869,100,100,0.0,1.0,gloves,bag,wristwatch,blue,support,2,yes,no,3,4.93,yes,43517,8150,2060,8069,660,786,734,2.46,1582,0.8127,100,100,0.0,1.0,hat,bag,wristwatch,1.0,0.3,1.1,0.45,1.1,0.45,1.0,0.3,1.3,0.75,1.0,0.3,1.1,0.45,1.3,0.75,1.0,0.3,0.8,0.0,1.0,0.3,0.8,0.0,20,3.333333333333333,0.816496580927726,20,3.333333333333333,0.5163977794943222,0,0.0,-0.3000988014334038,40.760000000000005,6.793333333333334,4.044579912261182,46.58,7.763333333333333,3.868160630928693,5.819999999999993,0.9699999999999988,-0.1764192813324889,483330,80555.0,42080.67215717924,457605,76267.5,37805.916567384,-25725,-4287.5,-4274.755589795233,41454,6909.0,2905.222469966801,38656,6442.666666666667,1784.6629560414667,-2798,-466.333333333333,-1120.5595139253342,9882,1647.0,1139.650297240342,7025,1170.8333333333333,1192.854796975167,-2857,-476.16666666666674,53.20449973482482,41139,6856.5,1232.1829003845169,41298,6883.0,1219.8093293625852,159,26.5,-12.37357102193164,4061,676.8333333333334,272.07015026765924,4744,790.6666666666666,478.77872411654494,683,113.83333333333326,206.7085738488857,3339,556.5,414.1327081987125,4875,812.5,806.2969056123185,1536,256.0,392.164197413606,4899,816.5,326.14337338048125,4555,759.1666666666666,268.494630610496,-344,-57.33333333333337,-57.64874276998529,0.5,0.5,0.5,0.5,0.25,0.5,0.25,0.25,0.5,0.25,14.167518904177514,24.0255150304814,21.193893403441685,29.207609251213903,22.055838763926843,19.798139738687063,28.74393656716418,10.746680937554055,22.148634147328625,20.33614900183304,-1.8124851454955893,15.25281929801148,16.320598159509203,15.786708728760342,14.002352195382358,15.245782208588956,14.624067201985657,-1.162641526774685
hoshino,tshiroko,haruka,nymutsuki,sayane,sshiroko,iori,hoshino,tshiroko,marina,sayane,sshiroko,1,yellow,yellow,tank,sg,front,2,no,yes,yes,self,4,7.63,no,no,111386,4757,2792,0.6262,7077,615,246,505,520,2.0,1.0,1948,0.8608,350,100,100,0.0,1.0,200,0.0,0,8,1,shoes,bag,amulet,blue,blue,dealer,ar,middle,0,yes,yes,no,,3,3.33,no,no,69289,6276,108,0.0609,5932,709,1239,733,100,2.46,0.5,1380,0.7798,650,100,100,0.35,1.0,200,0.0,0,15,3,hat,badge,wristwatch,red,red,tank,sg,front,1,no,yes,no,,4,5.67,no,no,150581,3216,2700,0.6183,5596,593,237,497,520,2.0,0.8,2020,0.8689,350,100,100,0.0,1.0,200,0.0,0,8,1,shoes,bag,amulet,blue,yellow,dealer,mg,back,1,no,yes,no,,2,4.67,no,no,62027,11562,418,0.2005,5939,324,640,1189,100,2.26,0.5,1328,0.7704,750,100,100,0.35,1.0,200,0.0,684,25,5,gloves,badge,wristwatch,yellow,yellow,dealer,sr,back,1,no,yes,no,,3,7.33,no,no,52713,8067,113,0.0635,5497,1491,194,824,100,2.46,0.5,2056,0.8728,650,100,136,0.0,1.0,200,0.0,0,5,1,hat,hairpin,wristwatch,yellow,yellow,tank,sg,front,2,no,yes,yes,self,4,7.63,no,no,111386,4757,2792,0.6262,7077,615,246,505,520,2.0,1.0,1948,0.8608,350,100,100,0.0,1.0,200,0.0,0,8,1,shoes,bag,amulet,blue,blue,dealer,ar,middle,0,yes,yes,no,,3,3.33,no,no,69289,6276,108,0.0609,5932,709,1239,733,100,2.46,0.5,1380,0.7798,650,100,100,0.35,1.0,200,0.0,0,15,3,hat,badge,wristwatch,yellow,red,tank,smg,front,1,yes,yes,no,,3,8.83,no,no,134170,3913,148,0.0816,6197,109,2219,518,520,2.0,0.8,1264,0.7583,350,100,100,0.35,1.0,200,0.0,0,20,4,shoes,badge,amulet,yellow,red,support,1,no,yes,no,,4,14.53,no,46530,7493,1804,8526,1160,191,1241,2.26,2194,0.8869,100,100,0.0,1.0,gloves,bag,wristwatch,blue,support,2,yes,no,,3,4.93,yes,43517,8150,2060,8069,660,786,734,2.46,1582,0.8127,100,100,0.0,1.0,hat,bag,wristwatch,yellow,red,support,1,no,yes,no,4,14.53,no,46530,7493,1804,8526,1160,191,1241,2.26,2194,0.8869,100,100,0.0,1.0,gloves,bag,wristwatch,blue,support,2,yes,no,3,4.93,yes,43517,8150,2060,8069,660,786,734,2.46,1582,0.8127,100,100,0.0,1.0,hat,bag,wristwatch,1.0,0.3,1.1,0.45,1.1,0.45,1.0,0.3,1.3,0.75,1.0,0.3,1.1,0.45,1.3,0.75,1.0,0.3,0.8,0.0,1.0,0.3,0.8,0.0,20,3.333333333333333,0.816496580927726,20,3.333333333333333,0.5163977794943222,0,0.0,-0.3000988014334038,40.760000000000005,6.793333333333334,4.044579912261182,46.58,7.763333333333333,3.868160630928693,5.819999999999993,0.9699999999999988,-0.1764192813324889,483330,80555.0,42080.67215717924,457605,76267.5,37805.916567384,-25725,-4287.5,-4274.755589795233,41454,6909.0,2905.222469966801,38656,6442.666666666667,1784.6629560414667,-2798,-466.333333333333,-1120.5595139253342,9882,1647.0,1139.650297240342,7025,1170.8333333333333,1192.854796975167,-2857,-476.16666666666674,53.20449973482482,41139,6856.5,1232.1829003845169,41298,6883.0,1219.8093293625852,159,26.5,-12.37357102193164,4061,676.8333333333334,272.07015026765924,4744,790.6666666666666,478.77872411654494,683,113.83333333333326,206.7085738488857,3339,556.5,414.1327081987125,4875,812.5,806.2969056123185,1536,256.0,392.164197413606,4899,816.5,326.14337338048125,4555,759.1666666666666,268.494630610496,-344,-57.33333333333337,-57.64874276998529,0.5,0.5,0.5,0.5,0.25,0.5,0.25,0.25,0.5,0.25,14.167518904177514,24.0255150304814,21.193893403441685,29.207609251213903,22.055838763926843,19.798139738687063,28.74393656716418,10.746680937554055,22.148634147328625,20.33614900183304,-1.8124851454955893,15.25281929801148,16.320598159509203,15.786708728760342,14.002352195382358,15.245782208588956,14.624067201985657,-1.162641526774685
iori,marina,tshiroko,hoshino,nagisa,sshiroko,marina,tshiroko,iori,hoshino,sayane,sshiroko,1,yellow,yellow,dealer,sr,back,1,no,yes,no,,3,7.33,no,no,52713,8067,113,0.0635,5497,1491,194,824,100,2.46,0.5,2056,0.8728,650,100,136,0.0,1.0,200,0.0,0,5,1,hat,hairpin,wristwatch,yellow,red,tank,smg,front,1,yes,yes,no,,3,8.83,no,no,134170,3913,148,0.0816,6197,109,2219,518,520,2.0,0.8,1264,0.7583,350,100,100,0.35,1.0,200,0.0,0,20,4,shoes,badge,amulet,blue,blue,dealer,ar,middle,0,yes,yes,no,,3,3.33,no,no,69289,6276,108,0.0609,5932,709,1239,733,100,2.46,0.5,1380,0.7798,650,100,100,0.35,1.0,200,0.0,0,15,3,hat,badge,wristwatch,yellow,yellow,tank,sg,front,2,no,yes,yes,self,4,7.63,no,no,111386,4757,2792,0.6262,7077,615,246,505,520,2.0,1.0,1948,0.8608,350,100,100,0.0,1.0,200,0.0,0,8,1,shoes,bag,amulet,yellow,red,tank,smg,front,1,yes,yes,no,,3,8.83,no,no,134170,3913,148,0.0816,6197,109,2219,518,520,2.0,0.8,1264,0.7583,350,100,100,0.35,1.0,200,0.0,0,20,4,shoes,badge,amulet,blue,blue,dealer,ar,middle,0,yes,yes,no,,3,3.33,no,no,69289,6276,108,0.0609,5932,709,1239,733,100,2.46,0.5,1380,0.7798,650,100,100,0.35,1.0,200,0.0,0,15,3,hat,badge,wristwatch,yellow,yellow,dealer,sr,back,1,no,yes,no,,3,7.33,no,no,52713,8067,113,0.0635,5497,1491,194,824,100,2.46,0.5,2056,0.8728,650,100,136,0.0,1.0,200,0.0,0,5,1,hat,hairpin,wristwatch,yellow,yellow,tank,sg,front,2,no,yes,yes,self,4,7.63,no,no,111386,4757,2792,0.6262,7077,615,246,505,520,2.0,1.0,1948,0.8608,350,100,100,0.0,1.0,200,0.0,0,8,1,shoes,bag,amulet,red,,support,1,,yes,yes,one,3,6.83,no,44099,7734,2061,11519,759,977,682,2.46,1132,0.731,100,100,0.0,1.0,hat,bag,wristwatch,blue,support,2,yes,no,,3,4.93,yes,43517,8150,2060,8069,660,786,734,2.46,1582,0.8127,100,100,0.0,1.0,hat,bag,wristwatch,yellow,red,support,1,no,yes,no,4,14.53,no,46530,7493,1804,8526,1160,191,1241,2.26,2194,0.8869,100,100,0.0,1.0,gloves,bag,wristwatch,blue,support,2,yes,no,3,4.93,yes,43517,8150,2060,8069,660,786,734,2.46,1582,0.8127,100,100,0.0,1.0,hat,bag,wristwatch,1.3,0.75,1.3,0.75,1.1,0.45,1.0,0.3,1.3,0.75,1.1,0.45,1.3,0.75,1.0,0.3,1.3,0.75,0.8,0.0,1.0,0.3,0.8,0.0,19,3.1666666666666665,0.4082482904638629,20,3.333333333333333,0.5163977794943222,1,0.1666666666666669,0.1081494890304592,38.88,6.48,2.0007498594277098,46.58,7.763333333333333,3.868160630928693,7.699999999999996,1.2833333333333323,1.8674107715009831,455174,75862.33333333333,38199.33288248195,457605,76267.5,37805.916567384,2431,405.1666666666715,-393.4163150979439,38897,6482.833333333333,1815.476291959404,38656,6442.666666666667,1784.6629560414667,-241,-40.16666666666606,-30.813335917937135,7282,1213.6666666666667,1224.3366639395665,7025,1170.8333333333333,1192.854796975167,-257,-42.833333333333485,-31.48186696439961,44291,7381.833333333333,2224.3971243163096,41298,6883.0,1219.8093293625852,-2993,-498.833333333333,-1004.5877949537244,4343,723.8333333333334,443.60812285920406,4744,790.6666666666666,478.77872411654494,401,66.83333333333326,35.17060125734088,5661,943.5,746.7804898362035,4875,812.5,806.2969056123185,-786,-131.0,59.51641577611497,3996,666.0,128.18580264600288,4555,759.1666666666666,268.494630610496,559,93.16666666666664,140.30882796449308,0.5,0.5,0.5,0.5,0.25,0.5,0.25,0.25,0.5,0.25,26.81309097878865,19.798139738687063,13.006027643485806,22.055838763926843,13.006027643485806,26.813090978788654,19.798139738687063,22.055838763926847,20.41827428122209,20.41827428122209,0.0,14.002352195382356,15.245782208588956,14.624067201985657,11.952482544608223,15.245782208588956,13.59913237659859,-1.0249348253870671
tshiroko,iori,hoshino,shun,hibiki,sshiroko,marina,tshiroko,iori,hoshino,sayane,sshiroko,1,blue,blue,dealer,ar,middle,0,yes,yes,no,,3,3.33,no,no,69289,6276,108,0.0609,5932,709,1239,733,100,2.46,0.5,1380,0.7798,650,100,100,0.35,1.0,200,0.0,0,15,3,hat,badge,wristwatch,yellow,yellow,dealer,sr,back,1,no,yes,no,,3,7.33,no,no,52713,8067,113,0.0635,5497,1491,194,824,100,2.46,0.5,2056,0.8728,650,100,136,0.0,1.0,200,0.0,0,5,1,hat,hairpin,wristwatch,yellow,yellow,tank,sg,front,2,no,yes,yes,self,4,7.63,no,no,111386,4757,2792,0.6262,7077,615,246,505,520,2.0,1.0,1948,0.8608,350,100,100,0.0,1.0,200,0.0,0,8,1,shoes,bag,amulet,red,red,dealer,sr,back,1,no,yes,no,,3,2.47,yes,no,46867,10930,108,0.0609,5715,1128,201,1382,100,2.26,0.5,1980,0.8644,750,100,136,0.0,1.0,200,0.0,0,20,1,gloves,hairpin,wristwatch,yellow,red,tank,smg,front,1,yes,yes,no,,3,8.83,no,no,134170,3913,148,0.0816,6197,109,2219,518,520,2.0,0.8,1264,0.7583,350,100,100,0.35,1.0,200,0.0,0,20,4,shoes,badge,amulet,blue,blue,dealer,ar,middle,0,yes,yes,no,,3,3.33,no,no,69289,6276,108,0.0609,5932,709,1239,733,100,2.46,0.5,1380,0.7798,650,100,100,0.35,1.0,200,0.0,0,15,3,hat,badge,wristwatch,yellow,yellow,dealer,sr,back,1,no,yes,no,,3,7.33,no,no,52713,8067,113,0.0635,5497,1491,194,824,100,2.46,0.5,2056,0.8728,650,100,136,0.0,1.0,200,0.0,0,5,1,hat,hairpin,wristwatch,yellow,yellow,tank,sg,front,2,no,yes,yes,self,4,7.63,no,no,111386,4757,2792,0.6262,7077,615,246,505,520,2.0,1.0,1948,0.8608,350,100,100,0.0,1.0,200,0.0,0,8,1,shoes,bag,amulet,red,,support,1,,yes,no,,4,4.0,no,43506,7070,437,7437,500,201,831,2.46,1141,0.7329,100,136,0.0,1.0,hat,hairpin,wristwatch,blue,support,2,yes,no,,3,4.93,yes,43517,8150,2060,8069,660,786,734,2.46,1582,0.8127,100,100,0.0,1.0,hat,bag,wristwatch,yellow,red,support,1,no,yes,no,4,14.53,no,46530,7493,1804,8526,1160,191,1241,2.26,2194,0.8869,100,100,0.0,1.0,gloves,bag,wristwatch,blue,support,2,yes,no,3,4.93,yes,43517,8150,2060,8069,660,786,734,2.46,1582,0.8127,100,100,0.0,1.0,hat,bag,wristwatch,1.1,0.45,1.3,0.75,1.0,0.3,0.8,0.0,1.3,0.75,1.1,0.45,1.3,0.75,1.0,0.3,1.0,0.3,0.8,0.0,1.0,0.3,0.8,0.0,20,3.333333333333333,0.5163977794943222,20,3.333333333333333,0.5163977794943222,0,0.0,0.0,29.69,4.948333333333333,2.122474185159072,46.58,7.763333333333333,3.868160630928693,16.89,2.8149999999999995,1.7456864457696208,367278,61213.0,26409.451664129643,457605,76267.5,37805.916567384,90327,15054.5,11396.46490325436,45250,7541.666666666667,2083.535328874139,38656,6442.666666666667,1784.6629560414667,-6594,-1099.0,-298.8723728326722,5618,936.3333333333334,1183.6899368781783,7025,1170.8333333333333,1192.854796975167,1407,234.4999999999999,9.164860096988376,39727,6621.166666666667,1051.6110339220802,41298,6883.0,1219.8093293625852,1571,261.83333333333303,168.19829544050504,5103,850.5,379.9656563427805,4744,790.6666666666666,478.77872411654494,-359,-59.83333333333337,98.81306777376444,2867,477.8333333333333,438.6166511507136,4875,812.5,806.2969056123185,2008,334.6666666666667,367.6802544616049,5009,834.8333333333334,292.8654412296996,4555,759.1666666666666,268.494630610496,-454,-75.66666666666674,-24.370810619203667,0.75,0.25,0.5,0.5,0.5,0.25,0.25,0.25,0.5,0.25,15.657583695374392,16.320486775015933,7.594908268253379,12.879572209375656,19.798139738687063,13.006027643485806,22.055838763926847,8.457502287282708,13.11313773700484,15.829377108345604,2.716239371340764,8.176714933938342,12.56777607361963,10.372245503778986,13.075035360678925,15.245782208588956,14.16040878463394,3.7881632808549535
marina,shun,tshiroko,hoshino,nagisa,sshiroko,marina,tshiroko,iori,hoshino,sayane,sshiroko,0,yellow,red,tank,smg,front,1,yes,yes,no,,3,8.83,no,no,134170,3913,148,0.0816,6197,109,2219,518,520,2.0,0.8,1264,0.7583,350,100,100,0.35,1.0,200,0.0,0,20,4,shoes,badge,amulet,red,red,dealer,sr,back,1,no,yes,no,,3,2.47,yes,no,46867,10930,108,0.0609,5715,1128,201,1382,100,2.26,0.5,1980,0.8644,750,100,136,0.0,1.0,200,0.0,0,20,1,gloves,hairpin,wristwatch,blue,blue,dealer,ar,middle,0,yes,yes,no,,3,3.33,no,no,69289,6276,108,0.0609,5932,709,1239,733,100,2.46,0.5,1380,0.7798,650,100,100,0.35,1.0,200,0.0,0,15,3,hat,badge,wristwatch,yellow,yellow,tank,sg,front,2,no,yes,yes,self,4,7.63,no,no,111386,4757,2792,0.6262,7077,615,246,505,520,2.0,1.0,1948,0.8608,350,100,100,0.0,1.0,200,0.0,0,8,1,shoes,bag,amulet,yellow,red,tank,smg,front,1,yes,yes,no,,3,8.83,no,no,134170,3913,148,0.0816,6197,109,2219,518,520,2.0,0.8,1264,0.7583,350,100,100,0.35,1.0,200,0.0,0,20,4,shoes,badge,amulet,blue,blue,dealer,ar,middle,0,yes,yes,no,,3,3.33,no,no,69289,6276,108,0.0609,5932,709,1239,733,100,2.46,0.5,1380,0.7798,650,100,100,0.35,1.0,200,0.0,0,15,3,hat,badge,wristwatch,yellow,yellow,dealer,sr,back,1,no,yes,no,,3,7.33,no,no,52713,8067,113,0.0635,5497,1491,194,824,100,2.46,0.5,2056,0.8728,650,100,136,0.0,1.0,200,0.0,0,5,1,hat,hairpin,wristwatch,yellow,yellow,tank,sg,front,2,no,yes,yes,self,4,7.63,no,no,111386,4757,2792,0.6262,7077,615,246,505,520,2.0,1.0,1948,0.8608,350,100,100,0.0,1.0,200,0.0,0,8,1,shoes,bag,amulet,red,,support,1,,yes,yes,one,3,6.83,no,44099,7734,2061,11519,759,977,682,2.46,1132,0.731,100,100,0.0,1.0,hat,bag,wristwatch,blue,support,2,yes,no,,3,4.93,yes,43517,8150,2060,8069,660,786,734,2.46,1582,0.8127,100,100,0.0,1.0,hat,bag,wristwatch,yellow,red,support,1,no,yes,no,4,14.53,no,46530,7493,1804,8526,1160,191,1241,2.26,2194,0.8869,100,100,0.0,1.0,gloves,bag,wristwatch,blue,support,2,yes,no,3,4.93,yes,43517,8150,2060,8069,660,786,734,2.46,1582,0.8127,100,100,0.0,1.0,hat,bag,wristwatch,1.3,0.75,0.8,0.0,1.1,0.45,1.0,0.3,1.3,0.75,1.1,0.45,1.3,0.75,1.0,0.3,1.3,0.75,0.8,0.0,1.0,0.3,0.8,0.0,19,3.1666666666666665,0.4082482904638629,20,3.333333333333333,0.5163977794943222,1,0.1666666666666669,0.1081494890304592,34.02,5.670000000000001,2.5074289621044104,46.58,7.763333333333333,3.868160630928693,12.559999999999995,2.093333333333332,1.3607316688242823,449328,74888.0,38974.5735884307,457605,76267.5,37805.916567384,8277,1379.5,-1168.6570210466962,41760,6960.0,2544.8516656182537,38656,6442.666666666667,1784.6629560414667,-3104,-517.333333333333,-760.188709576787,7277,1212.8333333333333,1225.2370246881485,7025,1170.8333333333333,1192.854796975167,-252,-42.0,-32.3822277129816,44509,7418.166666666667,2188.9508369688588,41298,6883.0,1219.8093293625852,-3211,-535.166666666667,-969.1415076062736,3980,663.3333333333334,327.6538824226972,4744,790.6666666666666,478.77872411654494,764,127.33333333333326,151.1248416938477,5668,944.6666666666666,745.3795453771634,4875,812.5,806.2969056123185,-793,-132.16666666666663,60.91736023515512,4554,759.0,321.8558683634648,4555,759.1666666666666,268.494630610496,1,0.1666666666666287,-53.36123775296886,0.5,0.5,0.5,0.5,0.25,0.5,0.25,0.25,0.5,0.25,31.117812420138,17.465483588272786,15.094087021197472,25.596804708850115,26.813090978788654,8.457502287282708,19.798139738687063,22.055838763926847,22.31854693461459,19.28114294217132,-3.0374039924432736,16.250367009208595,13.449493865030677,14.849930437119635,11.952482544608223,15.245782208588956,13.59913237659859,-1.2507980605210456
marina,shun,tshiroko,hoshino,nagisa,sshiroko,marina,tshiroko,iori,hoshino,sayane,sshiroko,1,yellow,red,tank,smg,front,1,yes,yes,no,,3,8.83,no,no,134170,3913,148,0.0816,6197,109,2219,518,520,2.0,0.8,1264,0.7583,350,100,100,0.35,1.0,200,0.0,0,20,4,shoes,badge,amulet,red,red,dealer,sr,back,1,no,yes,no,,3,2.47,yes,no,46867,10930,108,0.0609,5715,1128,201,1382,100,2.26,0.5,1980,0.8644,750,100,136,0.0,1.0,200,0.0,0,20,1,gloves,hairpin,wristwatch,blue,blue,dealer,ar,middle,0,yes,yes,no,,3,3.33,no,no,69289,6276,108,0.0609,5932,709,1239,733,100,2.46,0.5,1380,0.7798,650,100,100,0.35,1.0,200,0.0,0,15,3,hat,badge,wristwatch,yellow,yellow,tank,sg,front,2,no,yes,yes,self,4,7.63,no,no,111386,4757,2792,0.6262,7077,615,246,505,520,2.0,1.0,1948,0.8608,350,100,100,0.0,1.0,200,0.0,0,8,1,shoes,bag,amulet,yellow,red,tank,smg,front,1,yes,yes,no,,3,8.83,no,no,134170,3913,148,0.0816,6197,109,2219,518,520,2.0,0.8,1264,0.7583,350,100,100,0.35,1.0,200,0.0,0,20,4,shoes,badge,amulet,blue,blue,dealer,ar,middle,0,yes,yes,no,,3,3.33,no,no,69289,6276,108,0.0609,5932,709,1239,733,100,2.46,0.5,1380,0.7798,650,100,100,0.35,1.0,200,0.0,0,15,3,hat,badge,wristwatch,yellow,yellow,dealer,sr,back,1,no,yes,no,,3,7.33,no,no,52713,8067,113,0.0635,5497,1491,194,824,100,2.46,0.5,2056,0.8728,650,100,136,0.0,1.0,200,0.0,0,5,1,hat,hairpin,wristwatch,yellow,yellow,tank,sg,front,2,no,yes,yes,self,4,7.63,no,no,111386,4757,2792,0.6262,7077,615,246,505,520,2.0,1.0,1948,0.8608,350,100,100,0.0,1.0,200,0.0,0,8,1,shoes,bag,amulet,red,,support,1,,yes,yes,one,3,6.83,no,44099,7734,2061,11519,759,977,682,2.46,1132,0.731,100,100,0.0,1.0,hat,bag,wristwatch,blue,support,2,yes,no,,3,4.93,yes,43517,8150,2060,8069,660,786,734,2.46,1582,0.8127,100,100,0.0,1.0,hat,bag,wristwatch,yellow,red,support,1,no,yes,no,4,14.53,no,46530,7493,1804,8526,1160,191,1241,2.26,2194,0.8869,100,100,0.0,1.0,gloves,bag,wristwatch,blue,support,2,yes,no,3,4.93,yes,43517,8150,2060,8069,660,786,734,2.46,1582,0.8127,100,100,0.0,1.0,hat,bag,wristwatch,1.3,0.75,0.8,0.0,1.1,0.45,1.0,0.3,1.3,0.75,1.1,0.45,1.3,0.75,1.0,0.3,1.3,0.75,0.8,0.0,1.0,0.3,0.8,0.0,19,3.1666666666666665,0.4082482904638629,20,3.333333333333333,0.5163977794943222,1,0.1666666666666669,0.1081494890304592,34.02,5.670000000000001,2.5074289621044104,46.58,7.763333333333333,3.868160630928693,12.559999999999995,2.093333333333332,1.3607316688242823,449328,74888.0,38974.5735884307,457605,76267.5,37805.916567384,8277,1379.5,-1168.6570210466962,41760,6960.0,2544.8516656182537,38656,6442.666666666667,1784.6629560414667,-3104,-517.333333333333,-760.188709576787,7277,1212.8333333333333,1225.2370246881485,7025,1170.8333333333333,1192.854796975167,-252,-42.0,-32.3822277129816,44509,7418.166666666667,2188.9508369688588,41298,6883.0,1219.8093293625852,-3211,-535.166666666667,-969.1415076062736,3980,663.3333333333334,327.6538824226972,4744,790.6666666666666,478.77872411654494,764,127.33333333333326,151.1248416938477,5668,944.6666666666666,745.3795453771634,4875,812.5,806.2969056123185,-793,-132.16666666666663,60.91736023515512,4554,759.0,321.8558683634648,4555,759.1666666666666,268.494630610496,1,0.1666666666666287,-53.36123775296886,0.5,0.5,0.5,0.5,0.25,0.5,0.25,0.25,0.5,0.25,31.117812420138,17.465483588272786,15.094087021197472,25.596804708850115,26.813090978788654,8.457502287282708,19.798139738687063,22.055838763926847,22.31854693461459,19.28114294217132,-3.0374039924432736,16.250367009208595,13.449493865030677,14.849930437119635,11.952482544608223,15.245782208588956,13.59913237659859,-1.2507980605210456
marina,tshiroko,shun,hoshino,sayane,sshiroko,marina,tshiroko,iori,hoshino,sayane,sshiroko,1,yellow,red,tank,smg,front,1,yes,yes,no,,3,8.83,no,no,134170,3913,148,0.0816,6197,109,2219,518,520,2.0,0.8,1264,0.7583,350,100,100,0.35,1.0,200,0.0,0,20,4,shoes,badge,amulet,blue,blue,dealer,ar,middle,0,yes,yes,no,,3,3.33,no,no,69289,6276,108,0.0609,5932,709,1239,733,100,2.46,0.5,1380,0.7798,650,100,100,0.35,1.0,200,0.0,0,15,3,hat,badge,wristwatch,red,red,dealer,sr,back,1,no,yes,no,,3,2.47,yes,no,46867,10930,108,0.0609,5715,1128,201,1382,100,2.26,0.5,1980,0.8644,750,100,136,0.0,1.0,200,0.0,0,20,1,gloves,hairpin,wristwatch,yellow,yellow,tank,sg,front,2,no,yes,yes,self,4,7.63,no,no,111386,4757,2792,0.6262,7077,615,246,505,520,2.0,1.0,1948,0.8608,350,100,100,0.0,1.0,200,0.0,0,8,1,shoes,bag,amulet,yellow,red,tank,smg,front,1,yes,yes,no,,3,8.83,no,no,134170,3913,148,0.0816,6197,109,2219,518,520,2.0,0.8,1264,0.7583,350,100,100,0.35,1.0,200,0.0,0,20,4,shoes,badge,amulet,blue,blue,dealer,ar,middle,0,yes,yes,no,,3,3.33,no,no,69289,6276,108,0.0609,5932,709,1239,733,100,2.46,0.5,1380,0.7798,650,100,100,0.35,1.0,200,0.0,0,15,3,hat,badge,wristwatch,yellow,yellow,dealer,sr,back,1,no,yes,no,,3,7.33,no,no,52713,8067,113,0.0635,5497,1491,194,824,100,2.46,0.5,2056,0.8728,650,100,136,0.0,1.0,200,0.0,0,5,1,hat,hairpin,wristwatch,yellow,yellow,tank,sg,front,2,no,yes,yes,self,4,7.63,no,no,111386,4757,2792,0.6262,7077,615,246,505,520,2.0,1.0,1948,0.8608,350,100,100,0.0,1.0,200,0.0,0,8,1,shoes,bag,amulet,yellow,red,support,1,no,yes,no,,4,14.53,no,46530,7493,1804,8526,1160,191,1241,2.26,2194,0.8869,100,100,0.0,1.0,gloves,bag,wristwatch,blue,support,2,yes,no,,3,4.93,yes,43517,8150,2060,8069,660,786,734,2.46,1582,0.8127,100,100,0.0,1.0,hat,bag,wristwatch,yellow,red,support,1,no,yes,no,4,14.53,no,46530,7493,1804,8526,1160,191,1241,2.26,2194,0.8869,100,100,0.0,1.0,gloves,bag,wristwatch,blue,support,2,yes,no,3,4.93,yes,43517,8150,2060,8069,660,786,734,2.46,1582,0.8127,100,100,0.0,1.0,hat,bag,wristwatch,1.3,0.75,1.1,0.45,0.8,0.0,1.0,0.3,1.3,0.75,1.1,0.45,1.3,0.75,1.0,0.3,1.0,0.3,0.8,0.0,1.0,0.3,0.8,0.0,20,3.333333333333333,0.5163977794943222,20,3.333333333333333,0.5163977794943222,0,0.0,0.0,41.72,6.953333333333333,4.44315953648602,46.58,7.763333333333333,3.868160630928693,4.859999999999999,0.8099999999999996,-0.5749989055573268,451759,75293.16666666667,38601.33576661132,457605,76267.5,37805.916567384,5846,974.3333333333284,-795.419199227319,41519,6919.833333333333,2532.061722523104,38656,6442.666666666667,1784.6629560414667,-2863,-477.16666666666606,-747.3987664816373,7020,1170.0,1193.7430209220072,7025,1170.8333333333333,1192.854796975167,5,0.8333333333332575,-0.8882239468402986,41516,6919.333333333333,1172.6023480560946,41298,6883.0,1219.8093293625852,-218,-36.33333333333303,47.20698130649066,4381,730.1666666666666,386.6551004017233,4744,790.6666666666666,478.77872411654494,363,60.5,92.12362371482168,4882,813.6666666666666,805.2273384993002,4875,812.5,806.2969056123185,-7,-1.1666666666666288,1.0695671130182518,5113,852.1666666666666,372.0942980840565,4555,759.1666666666666,268.494630610496,-558,-93.0,-103.59966747356049,0.5,0.5,0.5,0.5,0.25,0.5,0.25,0.25,0.5,0.25,31.117812420138,17.465483588272782,15.094087021197472,25.596804708850115,26.813090978788654,19.798139738687063,8.457502287282708,22.055838763926847,22.31854693461459,19.28114294217132,-3.0374039924432736,16.250367009208595,13.449493865030677,14.849930437119635,14.002352195382358,15.245782208588956,14.624067201985657,-0.2258632351339784
reisa,tshiroko,shun,marina,sayane,sshiroko,marina,tshiroko,iori,hoshino,sayane,sshiroko,0,yellow,yellow,tank,sg,front,1,no,yes,yes,self,3,4.93,no,yes,122892,5025,2597,0.6091,8080,655,217,518,520,2.0,0.8,1812,0.8444,350,100,100,0.0,1.0,200,0.0,0,8,2,shoes,bag,amulet,blue,blue,dealer,ar,middle,0,yes,yes,no,,3,3.33,no,no,69289,6276,108,0.0609,5932,709,1239,733,100,2.46,0.5,1380,0.7798,650,100,100,0.35,1.0,200,0.0,0,15,3,hat,badge,wristwatch,red,red,dealer,sr,back,1,no,yes,no,,3,2.47,yes,no,46867,10930,108,0.0609,5715,1128,201,1382,100,2.26,0.5,1980,0.8644,750,100,136,0.0,1.0,200,0.0,0,20,1,gloves,hairpin,wristwatch,yellow,red,tank,smg,front,1,yes,yes,no,,3,8.83,no,no,134170,3913,148,0.0816,6197,109,2219,518,520,2.0,0.8,1264,0.7583,350,100,100,0.35,1.0,200,0.0,0,20,4,shoes,badge,amulet,yellow,red,tank,smg,front,1,yes,yes,no,,3,8.83,no,no,134170,3913,148,0.0816,6197,109,2219,518,520,2.0,0.8,1264,0.7583,350,100,100,0.35,1.0,200,0.0,0,20,4,shoes,badge,amulet,blue,blue,dealer,ar,middle,0,yes,yes,no,,3,3.33,no,no,69289,6276,108,0.0609,5932,709,1239,733,100,2.46,0.5,1380,0.7798,650,100,100,0.35,1.0,200,0.0,0,15,3,hat,badge,wristwatch,yellow,yellow,dealer,sr,back,1,no,yes,no,,3,7.33,no,no,52713,8067,113,0.0635,5497,1491,194,824,100,2.46,0.5,2056,0.8728,650,100,136,0.0,1.0,200,0.0,0,5,1,hat,hairpin,wristwatch,yellow,yellow,tank,sg,front,2,no,yes,yes,self,4,7.63,no,no,111386,4757,2792,0.6262,7077,615,246,505,520,2.0,1.0,1948,0.8608,350,100,100,0.0,1.0,200,0.0,0,8,1,shoes,bag,amulet,yellow,red,support,1,no,yes,no,,4,14.53,no,46530,7493,1804,8526,1160,191,1241,2.26,2194,0.8869,100,100,0.0,1.0,gloves,bag,wristwatch,blue,support,2,yes,no,,3,4.93,yes,43517,8150,2060,8069,660,786,734,2.46,1582,0.8127,100,100,0.0,1.0,hat,bag,wristwatch,yellow,red,support,1,no,yes,no,4,14.53,no,46530,7493,1804,8526,1160,191,1241,2.26,2194,0.8869,100,100,0.0,1.0,gloves,bag,wristwatch,blue,support,2,yes,no,3,4.93,yes,43517,8150,2060,8069,660,786,734,2.46,1582,0.8127,100,100,0.0,1.0,hat,bag,wristwatch,1.3,0.75,1.1,0.45,0.8,0.0,1.3,0.75,1.3,0.75,1.1,0.45,1.3,0.75,1.0,0.3,1.0,0.3,0.8,0.0,1.0,0.3,0.8,0.0,19,3.1666666666666665,0.408248290463863,20,3.333333333333333,0.5163977794943222,1,0.1666666666666669,0.1081494890304591,39.02,6.503333333333334,4.497317719115102,46.58,7.763333333333333,3.868160630928693,7.559999999999995,1.259999999999999,-0.6291570881864095,463265,77210.83333333333,40966.34535526286,457605,76267.5,37805.916567384,-5660,-943.3333333333284,-3160.42878787886,41787,6964.5,2488.262747380188,38656,6442.666666666667,1784.6629560414667,-3131,-521.833333333333,-703.5997913387209,6825,1137.5,1142.2976407224169,7025,1170.8333333333333,1192.854796975167,200,33.33333333333326,50.55715625275002,42519,7086.5,1267.2491073186834,41298,6883.0,1219.8093293625852,-1221,-203.5,-47.43977795609817,4421,736.8333333333334,384.6117089567954,4744,790.6666666666666,478.77872411654494,323,53.83333333333326,94.16701515974955,4853,808.8333333333334,809.3924676364777,4875,812.5,806.2969056123185,22,3.6666666666666288,-3.095562024159221,5126,854.3333333333334,369.6986159923603,4555,759.1666666666666,268.494630610496,-571,-95.16666666666674,-101.20398538186436,0.5,0.5,0.5,0.5,0.25,0.5,0.25,0.25,0.5,0.25,31.48536928188091,18.38215025493945,15.272375108466592,25.89914862308177,20.87952736318408,19.798139738687063,8.457502287282708,26.813090978788654,22.759760817092182,18.987065091985627,-3.7726957251065594,16.442312825303617,14.15538343558282,15.298848130443218,14.002352195382358,15.245782208588956,14.624067201985657,-0.6747809284575617
reisa,tshiroko,shun,marina,sayane,sshiroko,marina,tshiroko,iori,hoshino,sayane,sshiroko,1,yellow,yellow,tank,sg,front,1,no,yes,yes,self,3,4.93,no,yes,122892,5025,2597,0.6091,8080,655,217,518,520,2.0,0.8,1812,0.8444,350,100,100,0.0,1.0,200,0.0,0,8,2,shoes,bag,amulet,blue,blue,dealer,ar,middle,0,yes,yes,no,,3,3.33,no,no,69289,6276,108,0.0609,5932,709,1239,733,100,2.46,0.5,1380,0.7798,650,100,100,0.35,1.0,200,0.0,0,15,3,hat,badge,wristwatch,red,red,dealer,sr,back,1,no,yes,no,,3,2.47,yes,no,46867,10930,108,0.0609,5715,1128,201,1382,100,2.26,0.5,1980,0.8644,750,100,136,0.0,1.0,200,0.0,0,20,1,gloves,hairpin,wristwatch,yellow,red,tank,smg,front,1,yes,yes,no,,3,8.83,no,no,134170,3913,148,0.0816,6197,109,2219,518,520,2.0,0.8,1264,0.7583,350,100,100,0.35,1.0,200,0.0,0,20,4,shoes,badge,amulet,yellow,red,tank,smg,front,1,yes,yes,no,,3,8.83,no,no,134170,3913,148,0.0816,6197,109,2219,518,520,2.0,0.8,1264,0.7583,350,100,100,0.35,1.0,200,0.0,0,20,4,shoes,badge,amulet,blue,blue,dealer,ar,middle,0,yes,yes,no,,3,3.33,no,no,69289,6276,108,0.0609,5932,709,1239,733,100,2.46,0.5,1380,0.7798,650,100,100,0.35,1.0,200,0.0,0,15,3,hat,badge,wristwatch,yellow,yellow,dealer,sr,back,1,no,yes,no,,3,7.33,no,no,52713,8067,113,0.0635,5497,1491,194,824,100,2.46,0.5,2056,0.8728,650,100,136,0.0,1.0,200,0.0,0,5,1,hat,hairpin,wristwatch,yellow,yellow,tank,sg,front,2,no,yes,yes,self,4,7.63,no,no,111386,4757,2792,0.6262,7077,615,246,505,520,2.0,1.0,1948,0.8608,350,100,100,0.0,1.0,200,0.0,0,8,1,shoes,bag,amulet,yellow,red,support,1,no,yes,no,,4,14.53,no,46530,7493,1804,8526,1160,191,1241,2.26,2194,0.8869,100,100,0.0,1.0,gloves,bag,wristwatch,blue,support,2,yes,no,,3,4.93,yes,43517,8150,2060,8069,660,786,734,2.46,1582,0.8127,100,100,0.0,1.0,hat,bag,wristwatch,yellow,red,support,1,no,yes,no,4,14.53,no,46530,7493,1804,8526,1160,191,1241,2.26,2194,0.8869,100,100,0.0,1.0,gloves,bag,wristwatch,blue,support,2,yes,no,3,4.93,yes,43517,8150,2060,8069,660,786,734,2.46,1582,0.8127,100,100,0.0,1.0,hat,bag,wristwatch,1.3,0.75,1.1,0.45,0.8,0.0,1.3,0.75,1.3,0.75,1.1,0.45,1.3,0.75,1.0,0.3,1.0,0.3,0.8,0.0,1.0,0.3,0.8,0.0,19,3.1666666666666665,0.408248290463863,20,3.333333333333333,0.5163977794943222,1,0.1666666666666669,0.1081494890304591,39.02,6.503333333333334,4.497317719115102,46.58,7.763333333333333,3.868160630928693,7.559999999999995,1.259999999999999,-0.6291570881864095,463265,77210.83333333333,40966.34535526286,457605,76267.5,37805.916567384,-5660,-943.3333333333284,-3160.42878787886,41787,6964.5,2488.262747380188,38656,6442.666666666667,1784.6629560414667,-3131,-521.833333333333,-703.5997913387209,6825,1137.5,1142.2976407224169,7025,1170.8333333333333,1192.854796975167,200,33.33333333333326,50.55715625275002,42519,7086.5,1267.2491073186834,41298,6883.0,1219.8093293625852,-1221,-203.5,-47.43977795609817,4421,736.8333333333334,384.6117089567954,4744,790.6666666666666,478.77872411654494,323,53.83333333333326,94.16701515974955,4853,808.8333333333334,809.3924676364777,4875,812.5,806.2969056123185,22,3.6666666666666288,-3.095562024159221,5126,854.3333333333334,369.6986159923603,4555,759.1666666666666,268.494630610496,-571,-95.16666666666674,-101.20398538186436,0.5,0.5,0.5,0.5,0.25,0.5,0.25,0.25,0.5,0.25,31.48536928188091,18.38215025493945,15.272375108466592,25.89914862308177,20.87952736318408,19.798139738687063,8.457502287282708,26.813090978788654,22.759760817092182,18.987065091985627,-3.7726957251065594,16.442312825303617,14.15538343558282,15.298848130443218,14.002352195382358,15.245782208588956,14.624067201985657,-0.6747809284575617
hoshino,tshiroko,haruka,nymutsuki,sayane,sshiroko,marina,tshiroko,iori,hoshino,sayane,sshiroko,1,yellow,yellow,tank,sg,front,2,no,yes,yes,self,4,7.63,no,no,111386,4757,2792,0.6262,7077,615,246,505,520,2.0,1.0,1948,0.8608,350,100,100,0.0,1.0,200,0.0,0,8,1,shoes,bag,amulet,blue,blue,dealer,ar,middle,0,yes,yes,no,,3,3.33,no,no,69289,6276,108,0.0609,5932,709,1239,733,100,2.46,0.5,1380,0.7798,650,100,100,0.35,1.0,200,0.0,0,15,3,hat,badge,wristwatch,red,red,tank,sg,front,1,no,yes,no,,4,5.67,no,no,150581,3216,2700,0.6183,5596,593,237,497,520,2.0,0.8,2020,0.8689,350,100,100,0.0,1.0,200,0.0,0,8,1,shoes,bag,amulet,blue,yellow,dealer,mg,back,1,no,yes,no,,2,4.67,no,no,62027,11562,418,0.2005,5939,324,640,1189,100,2.26,0.5,1328,0.7704,750,100,100,0.35,1.0,200,0.0,684,25,5,gloves,badge,wristwatch,yellow,red,tank,smg,front,1,yes,yes,no,,3,8.83,no,no,134170,3913,148,0.0816,6197,109,2219,518,520,2.0,0.8,1264,0.7583,350,100,100,0.35,1.0,200,0.0,0,20,4,shoes,badge,amulet,blue,blue,dealer,ar,middle,0,yes,yes,no,,3,3.33,no,no,69289,6276,108,0.0609,5932,709,1239,733,100,2.46,0.5,1380,0.7798,650,100,100,0.35,1.0,200,0.0,0,15,3,hat,badge,wristwatch,yellow,yellow,dealer,sr,back,1,no,yes,no,,3,7.33,no,no,52713,8067,113,0.0635,5497,1491,194,824,100,2.46,0.5,2056,0.8728,650,100,136,0.0,1.0,200,0.0,0,5,1,hat,hairpin,wristwatch,yellow,yellow,tank,sg,front,2,no,yes,yes,self,4,7.63,no,no,111386,4757,2792,0.6262,7077,615,246,505,520,2.0,1.0,1948,0.8608,350,100,100,0.0,1.0,200,0.0,0,8,1,shoes,bag,amulet,yellow,red,support,1,no,yes,no,,4,14.53,no,46530,7493,1804,8526,1160,191,1241,2.26,2194,0.8869,100,100,0.0,1.0,gloves,bag,wristwatch,blue,support,2,yes,no,,3,4.93,yes,43517,8150,2060,8069,660,786,734,2.46,1582,0.8127,100,100,0.0,1.0,hat,bag,wristwatch,yellow,red,support,1,no,yes,no,4,14.53,no,46530,7493,1804,8526,1160,191,1241,2.26,2194,0.8869,100,100,0.0,1.0,gloves,bag,wristwatch,blue,support,2,yes,no,3,4.93,yes,43517,8150,2060,8069,660,786,734,2.46,1582,0.8127,100,100,0.0,1.0,hat,bag,wristwatch,1.0,0.3,1.1,0.45,1.1,0.45,1.0,0.3,1.3,0.75,1.1,0.45,1.3,0.75,1.0,0.3,1.0,0.3,0.8,0.0,1.0,0.3,0.8,0.0,20,3.333333333333333,0.816496580927726,20,3.333333333333333,0.5163977794943222,0,0.0,-0.3000988014334038,40.760000000000005,6.793333333333334,4.044579912261182,46.58,7.763333333333333,3.868160630928693,5.819999999999993,0.9699999999999988,-0.1764192813324889,483330,80555.0,42080.67215717924,457605,76267.5,37805.916567384,-25725,-4287.5,-4274.755589795233,41454,6909.0,2905.222469966801,38656,6442.666666666667,1784.6629560414667,-2798,-466.333333333333,-1120.5595139253342,9882,1647.0,1139.650297240342,7025,1170.8333333333333,1192.854796975167,-2857,-476.16666666666674,53.20449973482482,41139,6856.5,1232.1829003845169,41298,6883.0,1219.8093293625852,159,26.5,-12.37357102193164,4061,676.8333333333334,272.07015026765924,4744,790.6666666666666,478.77872411654494,683,113.83333333333326,206.7085738488857,3339,556.5,414.1327081987125,4875,812.5,806.2969056123185,1536,256.0,392.164197413606,4899,816.5,326.14337338048125,4555,759.1666666666666,268.494630610496,-344,-57.33333333333337,-57.64874276998529,0.5,0.5,0.5,0.5,0.25,0.5,0.25,0.25,0.5,0.25,29.207609251213903,21.193893403441685,14.167518904177514,24.0255150304814,22.055838763926847,19.798139738687063,28.743936567164177,10.746680937554055,22.148634147328625,20.33614900183304,-1.8124851454955893,15.25281929801148,16.320598159509203,15.786708728760342,14.002352195382358,15.245782208588956,14.624067201985657,-1.162641526774685
reisa,marina,hoshino,tshiroko,sayane,sshiroko,marina,tshiroko,iori,hoshino,sayane,sshiroko,1,yellow,yellow,tank,sg,front,1,no,yes,yes,self,3,4.93,no,yes,122892,5025,2597,0.6091,8080,655,217,518,520,2.0,0.8,1812,0.8444,350,100,100,0.0,1.0,200,0.0,0,8,2,shoes,bag,amulet,yellow,red,tank,smg,front,1,yes,yes,no,,3,8.83,no,no,134170,3913,148,0.0816,6197,109,2219,518,520,2.0,0.8,1264,0.7583,350,100,100,0.35,1.0,200,0.0,0,20,4,shoes,badge,amulet,yellow,yellow,tank,sg,front,2,no,yes,yes,self,4,7.63,no,no,111386,4757,2792,0.6262,7077,615,246,505,520,2.0,1.0,1948,0.8608,350,100,100,0.0,1.0,200,0.0,0,8,1,shoes,bag,amulet,blue,blue,dealer,ar,middle,0,yes,yes,no,,3,3.33,no,no,69289,6276,108,0.0609,5932,709,1239,733,100,2.46,0.5,1380,0.7798,650,100,100,0.35,1.0,200,0.0,0,15,3,hat,badge,wristwatch,yellow,red,tank,smg,front,1,yes,yes,no,,3,8.83,no,no,134170,3913,148,0.0816,6197,109,2219,518,520,2.0,0.8,1264,0.7583,350,100,100,0.35,1.0,200,0.0,0,20,4,shoes,badge,amulet,blue,blue,dealer,ar,middle,0,yes,yes,no,,3,3.33,no,no,69289,6276,108,0.0609,5932,709,1239,733,100,2.46,0.5,1380,0.7798,650,100,100,0.35,1.0,200,0.0,0,15,3,hat,badge,wristwatch,yellow,yellow,dealer,sr,back,1,no,yes,no,,3,7.33,no,no,52713,8067,113,0.0635,5497,1491,194,824,100,2.46,0.5,2056,0.8728,650,100,136,0.0,1.0,200,0.0,0,5,1,hat,hairpin,wristwatch,yellow,yellow,tank,sg,front,2,no,yes,yes,self,4,7.63,no,no,111386,4757,2792,0.6262,7077,615,246,505,520,2.0,1.0,1948,0.8608,350,100,100,0.0,1.0,200,0.0,0,8,1,shoes,bag,amulet,yellow,red,support,1,no,yes,no,,4,14.53,no,46530,7493,1804,8526,1160,191,1241,2.26,2194,0.8869,100,100,0.0,1.0,gloves,bag,wristwatch,blue,support,2,yes,no,,3,4.93,yes,43517,8150,2060,8069,660,786,734,2.46,1582,0.8127,100,100,0.0,1.0,hat,bag,wristwatch,yellow,red,support,1,no,yes,no,4,14.53,no,46530,7493,1804,8526,1160,191,1241,2.26,2194,0.8869,100,100,0.0,1.0,gloves,bag,wristwatch,blue,support,2,yes,no,3,4.93,yes,43517,8150,2060,8069,660,786,734,2.46,1582,0.8127,100,100,0.0,1.0,hat,bag,wristwatch,1.3,0.75,1.3,0.75,1.0,0.3,1.1,0.45,1.3,0.75,1.1,0.45,1.3,0.75,1.0,0.3,1.0,0.3,0.8,0.0,1.0,0.3,0.8,0.0,20,3.333333333333333,0.5163977794943222,20,3.333333333333333,0.5163977794943222,0,0.0,0.0,44.18,7.363333333333333,4.042111659351664,46.58,7.763333333333333,3.868160630928693,2.3999999999999986,0.3999999999999994,-0.1739510284229712,527784,87964.0,39861.30327523173,457605,76267.5,37805.916567384,-70179,-11696.5,-2055.386707847727,35614,5935.666666666667,1658.561746413641,38656,6442.666666666667,1784.6629560414667,3042,507.0,126.10120962782572,9509,1584.8333333333333,1183.306962147467,7025,1170.8333333333333,1192.854796975167,-2484,-414.0,9.547834827699944,43881,7313.5,1080.6947302545711,41298,6883.0,1219.8093293625852,-2583,-430.5,139.1145991080141,3908,651.3333333333334,333.94650270165533,4744,790.6666666666666,478.77872411654494,836,139.33333333333326,144.8322214148896,4898,816.3333333333334,802.8154623988421,4875,812.5,806.2969056123185,-23,-3.8333333333333712,3.481443213476382,4249,708.1666666666666,282.4177166302898,4555,759.1666666666666,268.494630610496,306,51.0,-13.923086019793857,0.25,0.75,0.5,0.5,0.0,0.75,0.25,0.25,0.5,0.25,29.05494505494505,25.389200924155517,14.093467212098677,23.89993693504309,20.87952736318408,26.813090978788654,22.055838763926847,19.798139738687063,23.109387531560586,22.38664921114665,-0.7227383204139315,15.17309488856266,19.551242331288343,17.3621686099255,14.002352195382358,15.245782208588956,14.624067201985657,-2.738101407939844
reisa,hoshino,marina,tshiroko,saki,sshiroko,marina,tshiroko,iori,hoshino,sayane,sshiroko,0,yellow,yellow,tank,sg,front,1,no,yes,yes,self,3,4.93,no,yes,122892,5025,2597,0.6091,8080,655,217,518,520,2.0,0.8,1812,0.8444,350,100,100,0.0,1.0,200,0.0,0,8,2,shoes,bag,amulet,yellow,yellow,tank,sg,front,2,no,yes,yes,self,4,7.63,no,no,111386,4757,2792,0.6262,7077,615,246,505,520,2.0,1.0,1948,0.8608,350,100,100,0.0,1.0,200,0.0,0,8,1,shoes,bag,amulet,yellow,red,tank,smg,front,1,yes,yes,no,,3,8.83,no,no,134170,3913,148,0.0816,6197,109,2219,518,520,2.0,0.8,1264,0.7583,350,100,100,0.35,1.0,200,0.0,0,20,4,shoes,badge,amulet,blue,blue,dealer,ar,middle,0,yes,yes,no,,3,3.33,no,no,69289,6276,108,0.0609,5932,709,1239,733,100,2.46,0.5,1380,0.7798,650,100,100,0.35,1.0,200,0.0,0,15,3,hat,badge,wristwatch,yellow,red,tank,smg,front,1,yes,yes,no,,3,8.83,no,no,134170,3913,148,0.0816,6197,109,2219,518,520,2.0,0.8,1264,0.7583,350,100,100,0.35,1.0,200,0.0,0,20,4,shoes,badge,amulet,blue,blue,dealer,ar,middle,0,yes,yes,no,,3,3.33,no,no,69289,6276,108,0.0609,5932,709,1239,733,100,2.46,0.5,1380,0.7798,650,100,100,0.35,1.0,200,0.0,0,15,3,hat,badge,wristwatch,yellow,yellow,dealer,sr,back,1,no,yes,no,,3,7.33,no,no,52713,8067,113,0.0635,5497,1491,194,824,100,2.46,0.5,2056,0.8728,650,100,136,0.0,1.0,200,0.0,0,5,1,hat,hairpin,wristwatch,yellow,yellow,tank,sg,front,2,no,yes,yes,self,4,7.63,no,no,111386,4757,2792,0.6262,7077,615,246,505,520,2.0,1.0,1948,0.8608,350,100,100,0.0,1.0,200,0.0,0,8,1,shoes,bag,amulet,yellow,,support,1,,yes,no,,4,7.0,no,41990,8970,2132,11438,101,197,202,2.2,1582,0.8127,186,100,0.0,1.0,hat,bag,necklace,blue,support,2,yes,no,,3,4.93,yes,43517,8150,2060,8069,660,786,734,2.46,1582,0.8127,100,100,0.0,1.0,hat,bag,wristwatch,yellow,red,support,1,no,yes,no,4,14.53,no,46530,7493,1804,8526,1160,191,1241,2.26,2194,0.8869,100,100,0.0,1.0,gloves,bag,wristwatch,blue,support,2,yes,no,3,4.93,yes,43517,8150,2060,8069,660,786,734,2.46,1582,0.8127,100,100,0.0,1.0,hat,bag,wristwatch,1.3,0.75,1.0,0.3,1.3,0.75,1.1,0.45,1.3,0.75,1.1,0.45,1.3,0.75,1.0,0.3,1.0,0.3,0.8,0.0,1.0,0.3,0.8,0.0,20,3.333333333333333,0.5163977794943222,20,3.333333333333333,0.5163977794943222,0,0.0,0.0,36.65,6.108333333333333,2.050077234317446,46.58,7.763333333333333,3.868160630928693,9.93,1.6549999999999994,1.818083396611247,523244,87207.33333333333,40836.29402218897,457605,76267.5,37805.916567384,-65639,-10939.833333333328,-3030.3774548049696,37091,6181.833333333333,2008.603436885108,38656,6442.666666666667,1784.6629560414667,1565,260.83333333333394,-223.94048084364115,9837,1639.5,1202.871855186578,7025,1170.8333333333333,1192.854796975167,-2812,-468.66666666666674,-10.01705821141104,46793,7798.833333333333,1998.3772833643468,41298,6883.0,1219.8093293625852,-5495,-915.833333333333,-778.5679540017616,2849,474.8333333333333,288.0322319926481,4744,790.6666666666666,478.77872411654494,1895,315.8333333333333,190.7464921238968,4904,817.3333333333334,801.8839483782343,4875,812.5,806.2969056123185,-29,-4.833333333333371,4.4129572340841605,3210,535.0,195.53618590941167,4555,759.1666666666666,268.494630610496,1345,224.16666666666663,72.95844470108429,0.25,0.75,0.5,0.5,0.0,0.75,0.25,0.25,0.5,0.25,29.05494505494506,25.38920092415551,14.093467212098677,23.89993693504309,20.87952736318408,22.055838763926847,26.813090978788654,19.798139738687063,23.109387531560586,22.38664921114666,-0.7227383204139244,15.17309488856266,19.551242331288343,17.3621686099255,11.696725195094762,15.245782208588956,13.47125370184186,-3.8909149080836407
marina,iori,tshiroko,hoshino,nagisa,sshiroko,marina,tshiroko,iori,hoshino,sayane,sshiroko,1,yellow,red,tank,smg,front,1,yes,yes,no,,3,8.83,no,no,134170,3913,148,0.0816,6197,109,2219,518,520,2.0,0.8,1264,0.7583,350,100,100,0.35,1.0,200,0.0,0,20,4,shoes,badge,amulet,yellow,yellow,dealer,sr,back,1,no,yes,no,,3,7.33,no,no,52713,8067,113,0.0635,5497,1491,194,824,100,2.46,0.5,2056,0.8728,650,100,136,0.0,1.0,200,0.0,0,5,1,hat,hairpin,wristwatch,blue,blue,dealer,ar,middle,0,yes,yes,no,,3,3.33,no,no,69289,6276,108,0.0609,5932,709,1239,733,100,2.46,0.5,1380,0.7798,650,100,100,0.35,1.0,200,0.0,0,15,3,hat,badge,wristwatch,yellow,yellow,tank,sg,front,2,no,yes,yes,self,4,7.63,no,no,111386,4757,2792,0.6262,7077,615,246,505,520,2.0,1.0,1948,0.8608,350,100,100,0.0,1.0,200,0.0,0,8,1,shoes,bag,amulet,yellow,red,tank,smg,front,1,yes,yes,no,,3,8.83,no,no,134170,3913,148,0.0816,6197,109,2219,518,520,2.0,0.8,1264,0.7583,350,100,100,0.35,1.0,200,0.0,0,20,4,shoes,badge,amulet,blue,blue,dealer,ar,middle,0,yes,yes,no,,3,3.33,no,no,69289,6276,108,0.0609,5932,709,1239,733,100,2.46,0.5,1380,0.7798,650,100,100,0.35,1.0,200,0.0,0,15,3,hat,badge,wristwatch,yellow,yellow,dealer,sr,back,1,no,yes,no,,3,7.33,no,no,52713,8067,113,0.0635,5497,1491,194,824,100,2.46,0.5,2056,0.8728,650,100,136,0.0,1.0,200,0.0,0,5,1,hat,hairpin,wristwatch,yellow,yellow,tank,sg,front,2,no,yes,yes,self,4,7.63,no,no,111386,4757,2792,0.6262,7077,615,246,505,520,2.0,1.0,1948,0.8608,350,100,100,0.0,1.0,200,0.0,0,8,1,shoes,bag,amulet,red,,support,1,,yes,yes,one,3,6.83,no,44099,7734,2061,11519,759,977,682,2.46,1132,0.731,100,100,0.0,1.0,hat,bag,wristwatch,blue,support,2,yes,no,,3,4.93,yes,43517,8150,2060,8069,660,786,734,2.46,1582,0.8127,100,100,0.0,1.0,hat,bag,wristwatch,yellow,red,support,1,no,yes,no,4,14.53,no,46530,7493,1804,8526,1160,191,1241,2.26,2194,0.8869,100,100,0.0,1.0,gloves,bag,wristwatch,blue,support,2,yes,no,3,4.93,yes,43517,8150,2060,8069,660,786,734,2.46,1582,0.8127,100,100,0.0,1.0,hat,bag,wristwatch,1.3,0.75,1.3,0.75,1.1,0.45,1.0,0.3,1.3,0.75,1.1,0.45,1.3,0.75,1.0,0.3,1.3,0.75,0.8,0.0,1.0,0.3,0.8,0.0,19,3.1666666666666665,0.4082482904638629,20,3.333333333333333,0.5163977794943222,1,0.1666666666666669,0.1081494890304592,38.88,6.48,2.0007498594277098,46.58,7.763333333333333,3.868160630928693,7.699999999999996,1.2833333333333323,1.8674107715009831,455174,75862.33333333333,38199.33288248195,457605,76267.5,37805.916567384,2431,405.1666666666715,-393.4163150979439,38897,6482.833333333333,1815.476291959404,38656,6442.666666666667,1784.6629560414667,-241,-40.16666666666606,-30.813335917937135,7282,1213.6666666666667,1224.3366639395665,7025,1170.8333333333333,1192.854796975167,-257,-42.833333333333485,-31.48186696439961,44291,7381.833333333333,2224.3971243163096,41298,6883.0,1219.8093293625852,-2993,-498.833333333333,-1004.5877949537244,4343,723.8333333333334,443.60812285920406,4744,790.6666666666666,478.77872411654494,401,66.83333333333326,35.17060125734088,5661,943.5,746.7804898362035,4875,812.5,806.2969056123185,-786,-131.0,59.51641577611497,3996,666.0,128.18580264600288,4555,759.1666666666666,268.494630610496,559,93.16666666666664,140.30882796449308,0.5,0.5,0.5,0.5,0.25,0.5,0.25,0.25,0.5,0.25,26.81309097878865,19.798139738687063,13.006027643485806,22.055838763926843,26.813090978788654,13.006027643485806,19.798139738687063,22.055838763926847,20.41827428122209,20.41827428122209,0.0,14.002352195382356,15.245782208588956,14.624067201985657,11.952482544608223,15.245782208588956,13.59913237659859,-1.0249348253870654
marina,tshiroko,hoshino,iori,nagisa,sshiroko,marina,tshiroko,iori,hoshino,sayane,sshiroko,1,yellow,red,tank,smg,front,1,yes,yes,no,,3,8.83,no,no,134170,3913,148,0.0816,6197,109,2219,518,520,2.0,0.8,1264,0.7583,350,100,100,0.35,1.0,200,0.0,0,20,4,shoes,badge,amulet,blue,blue,dealer,ar,middle,0,yes,yes,no,,3,3.33,no,no,69289,6276,108,0.0609,5932,709,1239,733,100,2.46,0.5,1380,0.7798,650,100,100,0.35,1.0,200,0.0,0,15,3,hat,badge,wristwatch,yellow,yellow,tank,sg,front,2,no,yes,yes,self,4,7.63,no,no,111386,4757,2792,0.6262,7077,615,246,505,520,2.0,1.0,1948,0.8608,350,100,100,0.0,1.0,200,0.0,0,8,1,shoes,bag,amulet,yellow,yellow,dealer,sr,back,1,no,yes,no,,3,7.33,no,no,52713,8067,113,0.0635,5497,1491,194,824,100,2.46,0.5,2056,0.8728,650,100,136,0.0,1.0,200,0.0,0,5,1,hat,hairpin,wristwatch,yellow,red,tank,smg,front,1,yes,yes,no,,3,8.83,no,no,134170,3913,148,0.0816,6197,109,2219,518,520,2.0,0.8,1264,0.7583,350,100,100,0.35,1.0,200,0.0,0,20,4,shoes,badge,amulet,blue,blue,dealer,ar,middle,0,yes,yes,no,,3,3.33,no,no,69289,6276,108,0.0609,5932,709,1239,733,100,2.46,0.5,1380,0.7798,650,100,100,0.35,1.0,200,0.0,0,15,3,hat,badge,wristwatch,yellow,yellow,dealer,sr,back,1,no,yes,no,,3,7.33,no,no,52713,8067,113,0.0635,5497,1491,194,824,100,2.46,0.5,2056,0.8728,650,100,136,0.0,1.0,200,0.0,0,5,1,hat,hairpin,wristwatch,yellow,yellow,tank,sg,front,2,no,yes,yes,self,4,7.63,no,no,111386,4757,2792,0.6262,7077,615,246,505,520,2.0,1.0,1948,0.8608,350,100,100,0.0,1.0,200,0.0,0,8,1,shoes,bag,amulet,red,,support,1,,yes,yes,one,3,6.83,no,44099,7734,2061,11519,759,977,682,2.46,1132,0.731,100,100,0.0,1.0,hat,bag,wristwatch,blue,support,2,yes,no,,3,4.93,yes,43517,8150,2060,8069,660,786,734,2.46,1582,0.8127,100,100,0.0,1.0,hat,bag,wristwatch,yellow,red,support,1,no,yes,no,4,14.53,no,46530,7493,1804,8526,1160,191,1241,2.26,2194,0.8869,100,100,0.0,1.0,gloves,bag,wristwatch,blue,support,2,yes,no,3,4.93,yes,43517,8150,2060,8069,660,786,734,2.46,1582,0.8127,100,100,0.0,1.0,hat,bag,wristwatch,1.3,0.75,1.1,0.45,1.0,0.3,1.3,0.75,1.3,0.75,1.1,0.45,1.3,0.75,1.0,0.3,1.3,0.75,0.8,0.0,1.0,0.3,0.8,0.0,19,3.1666666666666665,0.4082482904638629,20,3.333333333333333,0.5163977794943222,1,0.1666666666666669,0.1081494890304592,38.88,6.48,2.0007498594277093,46.58,7.763333333333333,3.868160630928693,7.700000000000003,1.2833333333333332,1.867410771500984,455174,75862.33333333333,38199.33288248195,457605,76267.5,37805.916567384,2431,405.1666666666715,-393.4163150979439,38897,6482.833333333333,1815.476291959404,38656,6442.666666666667,1784.6629560414667,-241,-40.16666666666606,-30.813335917937135,7282,1213.6666666666667,1224.3366639395665,7025,1170.8333333333333,1192.854796975167,-257,-42.833333333333485,-31.48186696439961,44291,7381.833333333333,2224.397124316309,41298,6883.0,1219.8093293625852,-2993,-498.833333333333,-1004.587794953724,4343,723.8333333333334,443.60812285920406,4744,790.6666666666666,478.77872411654494,401,66.83333333333326,35.17060125734088,5661,943.5,746.7804898362035,4875,812.5,806.2969056123185,-786,-131.0,59.51641577611497,3996,666.0,128.18580264600288,4555,759.1666666666666,268.494630610496,559,93.16666666666664,140.30882796449308,0.5,0.5,0.5,0.5,0.25,0.5,0.25,0.25,0.5,0.25,26.81309097878865,19.798139738687063,13.006027643485806,22.055838763926847,26.813090978788654,19.798139738687063,22.055838763926847,13.006027643485806,20.41827428122209,20.418274281222093,3.552713678800501e-15,14.002352195382358,15.245782208588958,14.624067201985657,11.952482544608223,15.245782208588956,13.59913237659859,-1.0249348253870671
hoshino,tshiroko,shun,marina,sayane,sshiroko,marina,tshiroko,iori,hoshino,sayane,sshiroko,1,yellow,yellow,tank,sg,front,2,no,yes,yes,self,4,7.63,no,no,111386,4757,2792,0.6262,7077,615,246,505,520,2.0,1.0,1948,0.8608,350,100,100,0.0,1.0,200,0.0,0,8,1,shoes,bag,amulet,blue,blue,dealer,ar,middle,0,yes,yes,no,,3,3.33,no,no,69289,6276,108,0.0609,5932,709,1239,733,100,2.46,0.5,1380,0.7798,650,100,100,0.35,1.0,200,0.0,0,15,3,hat,badge,wristwatch,red,red,dealer,sr,back,1,no,yes,no,,3,2.47,yes,no,46867,10930,108,0.0609,5715,1128,201,1382,100,2.26,0.5,1980,0.8644,750,100,136,0.0,1.0,200,0.0,0,20,1,gloves,hairpin,wristwatch,yellow,red,tank,smg,front,1,yes,yes,no,,3,8.83,no,no,134170,3913,148,0.0816,6197,109,2219,518,520,2.0,0.8,1264,0.7583,350,100,100,0.35,1.0,200,0.0,0,20,4,shoes,badge,amulet,yellow,red,tank,smg,front,1,yes,yes,no,,3,8.83,no,no,134170,3913,148,0.0816,6197,109,2219,518,520,2.0,0.8,1264,0.7583,350,100,100,0.35,1.0,200,0.0,0,20,4,shoes,badge,amulet,blue,blue,dealer,ar,middle,0,yes,yes,no,,3,3.33,no,no,69289,6276,108,0.0609,5932,709,1239,733,100,2.46,0.5,1380,0.7798,650,100,100,0.35,1.0,200,0.0,0,15,3,hat,badge,wristwatch,yellow,yellow,dealer,sr,back,1,no,yes,no,,3,7.33,no,no,52713,8067,113,0.0635,5497,1491,194,824,100,2.46,0.5,2056,0.8728,650,100,136,0.0,1.0,200,0.0,0,5,1,hat,hairpin,wristwatch,yellow,yellow,tank,sg,front,2,no,yes,yes,self,4,7.63,no,no,111386,4757,2792,0.6262,7077,615,246,505,520,2.0,1.0,1948,0.8608,350,100,100,0.0,1.0,200,0.0,0,8,1,shoes,bag,amulet,yellow,red,support,1,no,yes,no,,4,14.53,no,46530,7493,1804,8526,1160,191,1241,2.26,2194,0.8869,100,100,0.0,1.0,gloves,bag,wristwatch,blue,support,2,yes,no,,3,4.93,yes,43517,8150,2060,8069,660,786,734,2.46,1582,0.8127,100,100,0.0,1.0,hat,bag,wristwatch,yellow,red,support,1,no,yes,no,4,14.53,no,46530,7493,1804,8526,1160,191,1241,2.26,2194,0.8869,100,100,0.0,1.0,gloves,bag,wristwatch,blue,support,2,yes,no,3,4.93,yes,43517,8150,2060,8069,660,786,734,2.46,1582,0.8127,100,100,0.0,1.0,hat,bag,wristwatch,1.0,0.3,1.1,0.45,0.8,0.0,1.3,0.75,1.3,0.75,1.1,0.45,1.3,0.75,1.0,0.3,1.0,0.3,0.8,0.0,1.0,0.3,0.8,0.0,20,3.333333333333333,0.5163977794943222,20,3.333333333333333,0.5163977794943222,0,0.0,0.0,41.72,6.953333333333333,4.44315953648602,46.58,7.763333333333333,3.868160630928693,4.859999999999999,0.8099999999999996,-0.5749989055573268,451759,75293.16666666667,38601.33576661132,457605,76267.5,37805.916567384,5846,974.3333333333284,-795.419199227319,41519,6919.833333333333,2532.061722523104,38656,6442.666666666667,1784.6629560414667,-2863,-477.16666666666606,-747.3987664816373,7020,1170.0,1193.7430209220072,7025,1170.8333333333333,1192.854796975167,5,0.8333333333332575,-0.8882239468402986,41516,6919.333333333333,1172.6023480560946,41298,6883.0,1219.8093293625852,-218,-36.33333333333303,47.20698130649066,4381,730.1666666666666,386.6551004017233,4744,790.6666666666666,478.77872411654494,363,60.5,92.12362371482168,4882,813.6666666666666,805.2273384993002,4875,812.5,806.2969056123185,-7,-1.1666666666666288,1.0695671130182518,5113,852.1666666666666,372.0942980840565,4555,759.1666666666666,268.494630610496,-558,-93.0,-103.59966747356054,0.5,0.5,0.5,0.5,0.25,0.5,0.25,0.25,0.5,0.25,31.117812420138,17.465483588272786,15.09408702119747,25.596804708850115,22.055838763926847,19.798139738687063,8.457502287282708,26.813090978788654,22.31854693461459,19.28114294217132,-3.0374039924432736,16.250367009208595,13.449493865030677,14.849930437119635,14.002352195382358,15.245782208588956,14.624067201985657,-0.2258632351339784
reisa,shun,tshiroko,marina,nagisa,sshiroko,marina,tshiroko,iori,hoshino,sayane,sshiroko,0,yellow,yellow,tank,sg,front,1,no,yes,yes,self,3,4.93,no,yes,122892,5025,2597,0.6091,8080,655,217,518,520,2.0,0.8,1812,0.8444,350,100,100,0.0,1.0,200,0.0,0,8,2,shoes,bag,amulet,red,red,dealer,sr,back,1,no,yes,no,,3,2.47,yes,no,46867,10930,108,0.0609,5715,1128,201,1382,100,2.26,0.5,1980,0.8644,750,100,136,0.0,1.0,200,0.0,0,20,1,gloves,hairpin,wristwatch,blue,blue,dealer,ar,middle,0,yes,yes,no,,3,3.33,no,no,69289,6276,108,0.0609,5932,709,1239,733,100,2.46,0.5,1380,0.7798,650,100,100,0.35,1.0,200,0.0,0,15,3,hat,badge,wristwatch,yellow,red,tank,smg,front,1,yes,yes,no,,3,8.83,no,no,134170,3913,148,0.0816,6197,109,2219,518,520,2.0,0.8,1264,0.7583,350,100,100,0.35,1.0,200,0.0,0,20,4,shoes,badge,amulet,yellow,red,tank,smg,front,1,yes,yes,no,,3,8.83,no,no,134170,3913,148,0.0816,6197,109,2219,518,520,2.0,0.8,1264,0.7583,350,100,100,0.35,1.0,200,0.0,0,20,4,shoes,badge,amulet,blue,blue,dealer,ar,middle,0,yes,yes,no,,3,3.33,no,no,69289,6276,108,0.0609,5932,709,1239,733,100,2.46,0.5,1380,0.7798,650,100,100,0.35,1.0,200,0.0,0,15,3,hat,badge,wristwatch,yellow,yellow,dealer,sr,back,1,no,yes,no,,3,7.33,no,no,52713,8067,113,0.0635,5497,1491,194,824,100,2.46,0.5,2056,0.8728,650,100,136,0.0,1.0,200,0.0,0,5,1,hat,hairpin,wristwatch,yellow,yellow,tank,sg,front,2,no,yes,yes,self,4,7.63,no,no,111386,4757,2792,0.6262,7077,615,246,505,520,2.0,1.0,1948,0.8608,350,100,100,0.0,1.0,200,0.0,0,8,1,shoes,bag,amulet,red,,support,1,,yes,yes,one,3,6.83,no,44099,7734,2061,11519,759,977,682,2.46,1132,0.731,100,100,0.0,1.0,hat,bag,wristwatch,blue,support,2,yes,no,,3,4.93,yes,43517,8150,2060,8069,660,786,734,2.46,1582,0.8127,100,100,0.0,1.0,hat,bag,wristwatch,yellow,red,support,1,no,yes,no,4,14.53,no,46530,7493,1804,8526,1160,191,1241,2.26,2194,0.8869,100,100,0.0,1.0,gloves,bag,wristwatch,blue,support,2,yes,no,3,4.93,yes,43517,8150,2060,8069,660,786,734,2.46,1582,0.8127,100,100,0.0,1.0,hat,bag,wristwatch,1.3,0.75,0.8,0.0,1.1,0.45,1.3,0.75,1.3,0.75,1.1,0.45,1.3,0.75,1.0,0.3,1.3,0.75,0.8,0.0,1.0,0.3,0.8,0.0,18,3.0,0.0,20,3.333333333333333,0.5163977794943222,2,0.3333333333333335,0.5163977794943222,31.32,5.22,2.3206464616567515,46.58,7.763333333333333,3.868160630928693,15.259999999999998,2.543333333333333,1.5475141692719414,460834,76805.66666666667,41340.78439346146,457605,76267.5,37805.916567384,-3229,-538.1666666666715,-3534.867826077454,42028,7004.666666666667,2500.4157787589384,38656,6442.666666666667,1784.6629560414667,-3372,-562.0,-715.7528227174716,7082,1180.3333333333333,1176.591801206632,7025,1170.8333333333333,1192.854796975167,-57,-9.5,16.262995768534893,45512,7585.333333333333,2195.973102446081,41298,6883.0,1219.8093293625852,-4214,-702.333333333333,-976.163773083496,4020,670.0,326.879794419906,4744,790.6666666666666,478.77872411654494,724,120.66666666666664,151.89892969663896,5639,939.8333333333334,750.8897167138904,4875,812.5,806.2969056123185,-764,-127.33333333333336,55.4071888984281,4567,761.1666666666666,319.8414711488594,4555,759.1666666666666,268.494630610496,-12,-2.0,-51.34684053836344,0.5,0.5,0.5,0.5,0.25,0.5,0.25,0.25,0.5,0.25,31.48536928188091,18.38215025493945,15.272375108466592,25.89914862308177,20.87952736318408,8.457502287282708,19.798139738687063,26.813090978788654,22.759760817092182,18.987065091985627,-3.7726957251065594,16.442312825303617,14.15538343558282,15.298848130443218,11.952482544608223,15.245782208588956,13.59913237659859,-1.6997157538446288
reisa,shun,tshiroko,hoshino,sayane,sshiroko,marina,tshiroko,iori,hoshino,sayane,sshiroko,1,yellow,yellow,tank,sg,front,1,no,yes,yes,self,3,4.93,no,yes,122892,5025,2597,0.6091,8080,655,217,518,520,2.0,0.8,1812,0.8444,350,100,100,0.0,1.0,200,0.0,0,8,2,shoes,bag,amulet,red,red,dealer,sr,back,1,no,yes,no,,3,2.47,yes,no,46867,10930,108,0.0609,5715,1128,201,1382,100,2.26,0.5,1980,0.8644,750,100,136,0.0,1.0,200,0.0,0,20,1,gloves,hairpin,wristwatch,blue,blue,dealer,ar,middle,0,yes,yes,no,,3,3.33,no,no,69289,6276,108,0.0609,5932,709,1239,733,100,2.46,0.5,1380,0.7798,650,100,100,0.35,1.0,200,0.0,0,15,3,hat,badge,wristwatch,yellow,yellow,tank,sg,front,2,no,yes,yes,self,4,7.63,no,no,111386,4757,2792,0.6262,7077,615,246,505,520,2.0,1.0,1948,0.8608,350,100,100,0.0,1.0,200,0.0,0,8,1,shoes,bag,amulet,yellow,red,tank,smg,front,1,yes,yes,no,,3,8.83,no,no,134170,3913,148,0.0816,6197,109,2219,518,520,2.0,0.8,1264,0.7583,350,100,100,0.35,1.0,200,0.0,0,20,4,shoes,badge,amulet,blue,blue,dealer,ar,middle,0,yes,yes,no,,3,3.33,no,no,69289,6276,108,0.0609,5932,709,1239,733,100,2.46,0.5,1380,0.7798,650,100,100,0.35,1.0,200,0.0,0,15,3,hat,badge,wristwatch,yellow,yellow,dealer,sr,back,1,no,yes,no,,3,7.33,no,no,52713,8067,113,0.0635,5497,1491,194,824,100,2.46,0.5,2056,0.8728,650,100,136,0.0,1.0,200,0.0,0,5,1,hat,hairpin,wristwatch,yellow,yellow,tank,sg,front,2,no,yes,yes,self,4,7.63,no,no,111386,4757,2792,0.6262,7077,615,246,505,520,2.0,1.0,1948,0.8608,350,100,100,0.0,1.0,200,0.0,0,8,1,shoes,bag,amulet,yellow,red,support,1,no,yes,no,,4,14.53,no,46530,7493,1804,8526,1160,191,1241,2.26,2194,0.8869,100,100,0.0,1.0,gloves,bag,wristwatch,blue,support,2,yes,no,,3,4.93,yes,43517,8150,2060,8069,660,786,734,2.46,1582,0.8127,100,100,0.0,1.0,hat,bag,wristwatch,yellow,red,support,1,no,yes,no,4,14.53,no,46530,7493,1804,8526,1160,191,1241,2.26,2194,0.8869,100,100,0.0,1.0,gloves,bag,wristwatch,blue,support,2,yes,no,3,4.93,yes,43517,8150,2060,8069,660,786,734,2.46,1582,0.8127,100,100,0.0,1.0,hat,bag,wristwatch,1.3,0.75,0.8,0.0,1.1,0.45,1.0,0.3,1.3,0.75,1.1,0.45,1.3,0.75,1.0,0.3,1.0,0.3,0.8,0.0,1.0,0.3,0.8,0.0,20,3.333333333333333,0.5163977794943222,20,3.333333333333333,0.5163977794943222,0,0.0,0.0,37.82,6.303333333333334,4.398757400296891,46.58,7.763333333333333,3.868160630928693,8.759999999999998,1.459999999999999,-0.5305967693681986,440481,73413.5,35293.86395820101,457605,76267.5,37805.916567384,17124,2854.0,2512.052609182996,42631,7105.166666666667,2297.8223966761807,38656,6442.666666666667,1784.6629560414667,-3975,-662.5,-513.159440634714,9469,1578.1666666666667,1193.0931927836427,7025,1170.8333333333333,1192.854796975167,-2444,-407.3333333333335,-0.2383958084758433,43399,7233.166666666667,1192.4273423008492,41298,6883.0,1219.8093293625852,-2101,-350.16666666666697,27.381987061736027,4927,821.1666666666666,252.04239061448905,4744,790.6666666666666,478.77872411654494,-183,-30.5,226.7363335020559,2880,480.0,437.0363829248087,4875,812.5,806.2969056123185,1995,332.5,369.2605226875098,5113,852.1666666666666,372.0942980840565,4555,759.1666666666666,268.494630610496,-558,-93.0,-103.59966747356049,0.5,0.5,0.5,0.5,0.25,0.5,0.25,0.25,0.5,0.25,17.899437771530792,21.911547960484384,8.682347836866246,14.723670380491908,20.87952736318408,8.457502287282708,19.798139738687063,22.055838763926847,15.80425098734333,17.797752038270172,1.9935010509268416,9.347457627118644,16.873236196319016,13.110346911718832,14.002352195382358,15.245782208588956,14.624067201985657,1.513720290266825
reisa,shun,marina,tshiroko,sayane,sshiroko,marina,tshiroko,iori,hoshino,sayane,sshiroko,0,yellow,yellow,tank,sg,front,1,no,yes,yes,self,3,4.93,no,yes,122892,5025,2597,0.6091,8080,655,217,518,520,2.0,0.8,1812,0.8444,350,100,100,0.0,1.0,200,0.0,0,8,2,shoes,bag,amulet,red,red,dealer,sr,back,1,no,yes,no,,3,2.47,yes,no,46867,10930,108,0.0609,5715,1128,201,1382,100,2.26,0.5,1980,0.8644,750,100,136,0.0,1.0,200,0.0,0,20,1,gloves,hairpin,wristwatch,yellow,red,tank,smg,front,1,yes,yes,no,,3,8.83,no,no,134170,3913,148,0.0816,6197,109,2219,518,520,2.0,0.8,1264,0.7583,350,100,100,0.35,1.0,200,0.0,0,20,4,shoes,badge,amulet,blue,blue,dealer,ar,middle,0,yes,yes,no,,3,3.33,no,no,69289,6276,108,0.0609,5932,709,1239,733,100,2.46,0.5,1380,0.7798,650,100,100,0.35,1.0,200,0.0,0,15,3,hat,badge,wristwatch,yellow,red,tank,smg,front,1,yes,yes,no,,3,8.83,no,no,134170,3913,148,0.0816,6197,109,2219,518,520,2.0,0.8,1264,0.7583,350,100,100,0.35,1.0,200,0.0,0,20,4,shoes,badge,amulet,blue,blue,dealer,ar,middle,0,yes,yes,no,,3,3.33,no,no,69289,6276,108,0.0609,5932,709,1239,733,100,2.46,0.5,1380,0.7798,650,100,100,0.35,1.0,200,0.0,0,15,3,hat,badge,wristwatch,yellow,yellow,dealer,sr,back,1,no,yes,no,,3,7.33,no,no,52713,8067,113,0.0635,5497,1491,194,824,100,2.46,0.5,2056,0.8728,650,100,136,0.0,1.0,200,0.0,0,5,1,hat,hairpin,wristwatch,yellow,yellow,tank,sg,front,2,no,yes,yes,self,4,7.63,no,no,111386,4757,2792,0.6262,7077,615,246,505,520,2.0,1.0,1948,0.8608,350,100,100,0.0,1.0,200,0.0,0,8,1,shoes,bag,amulet,yellow,red,support,1,no,yes,no,,4,14.53,no,46530,7493,1804,8526,1160,191,1241,2.26,2194,0.8869,100,100,0.0,1.0,gloves,bag,wristwatch,blue,support,2,yes,no,,3,4.93,yes,43517,8150,2060,8069,660,786,734,2.46,1582,0.8127,100,100,0.0,1.0,hat,bag,wristwatch,yellow,red,support,1,no,yes,no,4,14.53,no,46530,7493,1804,8526,1160,191,1241,2.26,2194,0.8869,100,100,0.0,1.0,gloves,bag,wristwatch,blue,support,2,yes,no,3,4.93,yes,43517,8150,2060,8069,660,786,734,2.46,1582,0.8127,100,100,0.0,1.0,hat,bag,wristwatch,1.3,0.75,0.8,0.0,1.3,0.75,1.1,0.45,1.3,0.75,1.1,0.45,1.3,0.75,1.0,0.3,1.0,0.3,0.8,0.0,1.0,0.3,0.8,0.0,19,3.1666666666666665,0.408248290463863,20,3.333333333333333,0.5163977794943222,1,0.1666666666666669,0.1081494890304591,39.02,6.503333333333334,4.497317719115102,46.58,7.763333333333333,3.868160630928693,7.559999999999995,1.259999999999999,-0.6291570881864095,463265,77210.83333333333,40966.345355262856,457605,76267.5,37805.916567384,-5660,-943.3333333333284,-3160.4287878788527,41787,6964.5,2488.262747380188,38656,6442.666666666667,1784.6629560414667,-3131,-521.833333333333,-703.5997913387209,6825,1137.5,1142.2976407224169,7025,1170.8333333333333,1192.854796975167,200,33.33333333333326,50.55715625275002,42519,7086.5,1267.2491073186834,41298,6883.0,1219.8093293625852,-1221,-203.5,-47.43977795609817,4421,736.8333333333334,384.6117089567954,4744,790.6666666666666,478.77872411654494,323,53.83333333333326,94.16701515974955,4853,808.8333333333334,809.3924676364777,4875,812.5,806.2969056123185,22,3.6666666666666288,-3.095562024159221,5126,854.3333333333334,369.6986159923603,4555,759.1666666666666,268.494630610496,-571,-95.16666666666674,-101.20398538186436,0.5,0.5,0.5,0.5,0.25,0.5,0.25,0.25,0.5,0.25,31.485369281880907,18.38215025493945,15.272375108466592,25.89914862308177,20.87952736318408,8.457502287282708,26.813090978788654,19.798139738687063,22.759760817092182,18.987065091985627,-3.772695725106555,16.442312825303617,14.15538343558282,15.298848130443218,14.002352195382358,15.245782208588956,14.624067201985657,-0.6747809284575617
reisa,shun,marina,tshiroko,sayane,sshiroko,marina,tshiroko,iori,hoshino,sayane,sshiroko,0,yellow,yellow,tank,sg,front,1,no,yes,yes,self,3,4.93,no,yes,122892,5025,2597,0.6091,8080,655,217,518,520,2.0,0.8,1812,0.8444,350,100,100,0.0,1.0,200,0.0,0,8,2,shoes,bag,amulet,red,red,dealer,sr,back,1,no,yes,no,,3,2.47,yes,no,46867,10930,108,0.0609,5715,1128,201,1382,100,2.26,0.5,1980,0.8644,750,100,136,0.0,1.0,200,0.0,0,20,1,gloves,hairpin,wristwatch,yellow,red,tank,smg,front,1,yes,yes,no,,3,8.83,no,no,134170,3913,148,0.0816,6197,109,2219,518,520,2.0,0.8,1264,0.7583,350,100,100,0.35,1.0,200,0.0,0,20,4,shoes,badge,amulet,blue,blue,dealer,ar,middle,0,yes,yes,no,,3,3.33,no,no,69289,6276,108,0.0609,5932,709,1239,733,100,2.46,0.5,1380,0.7798,650,100,100,0.35,1.0,200,0.0,0,15,3,hat,badge,wristwatch,yellow,red,tank,smg,front,1,yes,yes,no,,3,8.83,no,no,134170,3913,148,0.0816,6197,109,2219,518,520,2.0,0.8,1264,0.7583,350,100,100,0.35,1.0,200,0.0,0,20,4,shoes,badge,amulet,blue,blue,dealer,ar,middle,0,yes,yes,no,,3,3.33,no,no,69289,6276,108,0.0609,5932,709,1239,733,100,2.46,0.5,1380,0.7798,650,100,100,0.35,1.0,200,0.0,0,15,3,hat,badge,wristwatch,yellow,yellow,dealer,sr,back,1,no,yes,no,,3,7.33,no,no,52713,8067,113,0.0635,5497,1491,194,824,100,2.46,0.5,2056,0.8728,650,100,136,0.0,1.0,200,0.0,0,5,1,hat,hairpin,wristwatch,yellow,yellow,tank,sg,front,2,no,yes,yes,self,4,7.63,no,no,111386,4757,2792,0.6262,7077,615,246,505,520,2.0,1.0,1948,0.8608,350,100,100,0.0,1.0,200,0.0,0,8,1,shoes,bag,amulet,yellow,red,support,1,no,yes,no,,4,14.53,no,46530,7493,1804,8526,1160,191,1241,2.26,2194,0.8869,100,100,0.0,1.0,gloves,bag,wristwatch,blue,support,2,yes,no,,3,4.93,yes,43517,8150,2060,8069,660,786,734,2.46,1582,0.8127,100,100,0.0,1.0,hat,bag,wristwatch,yellow,red,support,1,no,yes,no,4,14.53,no,46530,7493,1804,8526,1160,191,1241,2.26,2194,0.8869,100,100,0.0,1.0,gloves,bag,wristwatch,blue,support,2,yes,no,3,4.93,yes,43517,8150,2060,8069,660,786,734,2.46,1582,0.8127,100,100,0.0,1.0,hat,bag,wristwatch,1.3,0.75,0.8,0.0,1.3,0.75,1.1,0.45,1.3,0.75,1.1,0.45,1.3,0.75,1.0,0.3,1.0,0.3,0.8,0.0,1.0,0.3,0.8,0.0,19,3.1666666666666665,0.408248290463863,20,3.333333333333333,0.5163977794943222,1,0.1666666666666669,0.1081494890304591,39.02,6.503333333333334,4.497317719115102,46.58,7.763333333333333,3.868160630928693,7.559999999999995,1.259999999999999,-0.6291570881864095,463265,77210.83333333333,40966.345355262856,457605,76267.5,37805.916567384,-5660,-943.3333333333284,-3160.4287878788527,41787,6964.5,2488.262747380188,38656,6442.666666666667,1784.6629560414667,-3131,-521.833333333333,-703.5997913387209,6825,1137.5,1142.2976407224169,7025,1170.8333333333333,1192.854796975167,200,33.33333333333326,50.55715625275002,42519,7086.5,1267.2491073186834,41298,6883.0,1219.8093293625852,-1221,-203.5,-47.43977795609817,4421,736.8333333333334,384.6117089567954,4744,790.6666666666666,478.77872411654494,323,53.83333333333326,94.16701515974955,4853,808.8333333333334,809.3924676364777,4875,812.5,806.2969056123185,22,3.6666666666666288,-3.095562024159221,5126,854.3333333333334,369.6986159923603,4555,759.1666666666666,268.494630610496,-571,-95.16666666666674,-101.20398538186436,0.5,0.5,0.5,0.5,0.25,0.5,0.25,0.25,0.5,0.25,31.485369281880907,18.38215025493945,15.272375108466592,25.89914862308177,20.87952736318408,8.457502287282708,26.813090978788654,19.798139738687063,22.759760817092182,18.987065091985627,-3.772695725106555,16.442312825303617,14.15538343558282,15.298848130443218,14.002352195382358,15.245782208588956,14.624067201985657,-0.6747809284575617
reisa,shun,marina,tshiroko,sayane,sshiroko,marina,tshiroko,iori,hoshino,sayane,sshiroko,0,yellow,yellow,tank,sg,front,1,no,yes,yes,self,3,4.93,no,yes,122892,5025,2597,0.6091,8080,655,217,518,520,2.0,0.8,1812,0.8444,350,100,100,0.0,1.0,200,0.0,0,8,2,shoes,bag,amulet,red,red,dealer,sr,back,1,no,yes,no,,3,2.47,yes,no,46867,10930,108,0.0609,5715,1128,201,1382,100,2.26,0.5,1980,0.8644,750,100,136,0.0,1.0,200,0.0,0,20,1,gloves,hairpin,wristwatch,yellow,red,tank,smg,front,1,yes,yes,no,,3,8.83,no,no,134170,3913,148,0.0816,6197,109,2219,518,520,2.0,0.8,1264,0.7583,350,100,100,0.35,1.0,200,0.0,0,20,4,shoes,badge,amulet,blue,blue,dealer,ar,middle,0,yes,yes,no,,3,3.33,no,no,69289,6276,108,0.0609,5932,709,1239,733,100,2.46,0.5,1380,0.7798,650,100,100,0.35,1.0,200,0.0,0,15,3,hat,badge,wristwatch,yellow,red,tank,smg,front,1,yes,yes,no,,3,8.83,no,no,134170,3913,148,0.0816,6197,109,2219,518,520,2.0,0.8,1264,0.7583,350,100,100,0.35,1.0,200,0.0,0,20,4,shoes,badge,amulet,blue,blue,dealer,ar,middle,0,yes,yes,no,,3,3.33,no,no,69289,6276,108,0.0609,5932,709,1239,733,100,2.46,0.5,1380,0.7798,650,100,100,0.35,1.0,200,0.0,0,15,3,hat,badge,wristwatch,yellow,yellow,dealer,sr,back,1,no,yes,no,,3,7.33,no,no,52713,8067,113,0.0635,5497,1491,194,824,100,2.46,0.5,2056,0.8728,650,100,136,0.0,1.0,200,0.0,0,5,1,hat,hairpin,wristwatch,yellow,yellow,tank,sg,front,2,no,yes,yes,self,4,7.63,no,no,111386,4757,2792,0.6262,7077,615,246,505,520,2.0,1.0,1948,0.8608,350,100,100,0.0,1.0,200,0.0,0,8,1,shoes,bag,amulet,yellow,red,support,1,no,yes,no,,4,14.53,no,46530,7493,1804,8526,1160,191,1241,2.26,2194,0.8869,100,100,0.0,1.0,gloves,bag,wristwatch,blue,support,2,yes,no,,3,4.93,yes,43517,8150,2060,8069,660,786,734,2.46,1582,0.8127,100,100,0.0,1.0,hat,bag,wristwatch,yellow,red,support,1,no,yes,no,4,14.53,no,46530,7493,1804,8526,1160,191,1241,2.26,2194,0.8869,100,100,0.0,1.0,gloves,bag,wristwatch,blue,support,2,yes,no,3,4.93,yes,43517,8150,2060,8069,660,786,734,2.46,1582,0.8127,100,100,0.0,1.0,hat,bag,wristwatch,1.3,0.75,0.8,0.0,1.3,0.75,1.1,0.45,1.3,0.75,1.1,0.45,1.3,0.75,1.0,0.3,1.0,0.3,0.8,0.0,1.0,0.3,0.8,0.0,19,3.1666666666666665,0.408248290463863,20,3.333333333333333,0.5163977794943222,1,0.1666666666666669,0.1081494890304591,39.02,6.503333333333334,4.497317719115102,46.58,7.763333333333333,3.868160630928693,7.559999999999995,1.259999999999999,-0.6291570881864095,463265,77210.83333333333,40966.345355262856,457605,76267.5,37805.916567384,-5660,-943.3333333333284,-3160.4287878788527,41787,6964.5,2488.262747380188,38656,6442.666666666667,1784.6629560414667,-3131,-521.833333333333,-703.5997913387209,6825,1137.5,1142.2976407224169,7025,1170.8333333333333,1192.854796975167,200,33.33333333333326,50.55715625275002,42519,7086.5,1267.2491073186834,41298,6883.0,1219.8093293625852,-1221,-203.5,-47.43977795609817,4421,736.8333333333334,384.6117089567954,4744,790.6666666666666,478.77872411654494,323,53.83333333333326,94.16701515974955,4853,808.8333333333334,809.3924676364777,4875,812.5,806.2969056123185,22,3.6666666666666288,-3.095562024159221,5126,854.3333333333334,369.6986159923603,4555,759.1666666666666,268.494630610496,-571,-95.16666666666674,-101.20398538186436,0.5,0.5,0.5,0.5,0.25,0.5,0.25,0.25,0.5,0.25,31.485369281880907,18.38215025493945,15.272375108466592,25.89914862308177,20.87952736318408,8.457502287282708,26.813090978788654,19.798139738687063,22.759760817092182,18.987065091985627,-3.772695725106555,16.442312825303617,14.15538343558282,15.298848130443218,14.002352195382358,15.245782208588956,14.624067201985657,-0.6747809284575617
reisa,shun,marina,tshiroko,sayane,sshiroko,marina,tshiroko,iori,hoshino,sayane,sshiroko,1,yellow,yellow,tank,sg,front,1,no,yes,yes,self,3,4.93,no,yes,122892,5025,2597,0.6091,8080,655,217,518,520,2.0,0.8,1812,0.8444,350,100,100,0.0,1.0,200,0.0,0,8,2,shoes,bag,amulet,red,red,dealer,sr,back,1,no,yes,no,,3,2.47,yes,no,46867,10930,108,0.0609,5715,1128,201,1382,100,2.26,0.5,1980,0.8644,750,100,136,0.0,1.0,200,0.0,0,20,1,gloves,hairpin,wristwatch,yellow,red,tank,smg,front,1,yes,yes,no,,3,8.83,no,no,134170,3913,148,0.0816,6197,109,2219,518,520,2.0,0.8,1264,0.7583,350,100,100,0.35,1.0,200,0.0,0,20,4,shoes,badge,amulet,blue,blue,dealer,ar,middle,0,yes,yes,no,,3,3.33,no,no,69289,6276,108,0.0609,5932,709,1239,733,100,2.46,0.5,1380,0.7798,650,100,100,0.35,1.0,200,0.0,0,15,3,hat,badge,wristwatch,yellow,red,tank,smg,front,1,yes,yes,no,,3,8.83,no,no,134170,3913,148,0.0816,6197,109,2219,518,520,2.0,0.8,1264,0.7583,350,100,100,0.35,1.0,200,0.0,0,20,4,shoes,badge,amulet,blue,blue,dealer,ar,middle,0,yes,yes,no,,3,3.33,no,no,69289,6276,108,0.0609,5932,709,1239,733,100,2.46,0.5,1380,0.7798,650,100,100,0.35,1.0,200,0.0,0,15,3,hat,badge,wristwatch,yellow,yellow,dealer,sr,back,1,no,yes,no,,3,7.33,no,no,52713,8067,113,0.0635,5497,1491,194,824,100,2.46,0.5,2056,0.8728,650,100,136,0.0,1.0,200,0.0,0,5,1,hat,hairpin,wristwatch,yellow,yellow,tank,sg,front,2,no,yes,yes,self,4,7.63,no,no,111386,4757,2792,0.6262,7077,615,246,505,520,2.0,1.0,1948,0.8608,350,100,100,0.0,1.0,200,0.0,0,8,1,shoes,bag,amulet,yellow,red,support,1,no,yes,no,,4,14.53,no,46530,7493,1804,8526,1160,191,1241,2.26,2194,0.8869,100,100,0.0,1.0,gloves,bag,wristwatch,blue,support,2,yes,no,,3,4.93,yes,43517,8150,2060,8069,660,786,734,2.46,1582,0.8127,100,100,0.0,1.0,hat,bag,wristwatch,yellow,red,support,1,no,yes,no,4,14.53,no,46530,7493,1804,8526,1160,191,1241,2.26,2194,0.8869,100,100,0.0,1.0,gloves,bag,wristwatch,blue,support,2,yes,no,3,4.93,yes,43517,8150,2060,8069,660,786,734,2.46,1582,0.8127,100,100,0.0,1.0,hat,bag,wristwatch,1.3,0.75,0.8,0.0,1.3,0.75,1.1,0.45,1.3,0.75,1.1,0.45,1.3,0.75,1.0,0.3,1.0,0.3,0.8,0.0,1.0,0.3,0.8,0.0,19,3.1666666666666665,0.408248290463863,20,3.333333333333333,0.5163977794943222,1,0.1666666666666669,0.1081494890304591,39.02,6.503333333333334,4.497317719115102,46.58,7.763333333333333,3.868160630928693,7.559999999999995,1.259999999999999,-0.6291570881864095,463265,77210.83333333333,40966.345355262856,457605,76267.5,37805.916567384,-5660,-943.3333333333284,-3160.4287878788527,41787,6964.5,2488.262747380188,38656,6442.666666666667,1784.6629560414667,-3131,-521.833333333333,-703.5997913387209,6825,1137.5,1142.2976407224169,7025,1170.8333333333333,1192.854796975167,200,33.33333333333326,50.55715625275002,42519,7086.5,1267.2491073186834,41298,6883.0,1219.8093293625852,-1221,-203.5,-47.43977795609817,4421,736.8333333333334,384.6117089567954,4744,790.6666666666666,478.77872411654494,323,53.83333333333326,94.16701515974955,4853,808.8333333333334,809.3924676364777,4875,812.5,806.2969056123185,22,3.6666666666666288,-3.095562024159221,5126,854.3333333333334,369.6986159923603,4555,759.1666666666666,268.494630610496,-571,-95.16666666666674,-101.20398538186436,0.5,0.5,0.5,0.5,0.25,0.5,0.25,0.25,0.5,0.25,31.485369281880907,18.38215025493945,15.272375108466592,25.89914862308177,20.87952736318408,8.457502287282708,26.813090978788654,19.798139738687063,22.759760817092182,18.987065091985627,-3.772695725106555,16.442312825303617,14.15538343558282,15.298848130443218,14.002352195382358,15.245782208588956,14.624067201985657,-0.6747809284575617
tshiroko,shun,hoshino,iori,nagisa,sshiroko,marina,tshiroko,iori,hoshino,sayane,sshiroko,1,blue,blue,dealer,ar,middle,0,yes,yes,no,,3,3.33,no,no,69289,6276,108,0.0609,5932,709,1239,733,100,2.46,0.5,1380,0.7798,650,100,100,0.35,1.0,200,0.0,0,15,3,hat,badge,wristwatch,red,red,dealer,sr,back,1,no,yes,no,,3,2.47,yes,no,46867,10930,108,0.0609,5715,1128,201,1382,100,2.26,0.5,1980,0.8644,750,100,136,0.0,1.0,200,0.0,0,20,1,gloves,hairpin,wristwatch,yellow,yellow,tank,sg,front,2,no,yes,yes,self,4,7.63,no,no,111386,4757,2792,0.6262,7077,615,246,505,520,2.0,1.0,1948,0.8608,350,100,100,0.0,1.0,200,0.0,0,8,1,shoes,bag,amulet,yellow,yellow,dealer,sr,back,1,no,yes,no,,3,7.33,no,no,52713,8067,113,0.0635,5497,1491,194,824,100,2.46,0.5,2056,0.8728,650,100,136,0.0,1.0,200,0.0,0,5,1,hat,hairpin,wristwatch,yellow,red,tank,smg,front,1,yes,yes,no,,3,8.83,no,no,134170,3913,148,0.0816,6197,109,2219,518,520,2.0,0.8,1264,0.7583,350,100,100,0.35,1.0,200,0.0,0,20,4,shoes,badge,amulet,blue,blue,dealer,ar,middle,0,yes,yes,no,,3,3.33,no,no,69289,6276,108,0.0609,5932,709,1239,733,100,2.46,0.5,1380,0.7798,650,100,100,0.35,1.0,200,0.0,0,15,3,hat,badge,wristwatch,yellow,yellow,dealer,sr,back,1,no,yes,no,,3,7.33,no,no,52713,8067,113,0.0635,5497,1491,194,824,100,2.46,0.5,2056,0.8728,650,100,136,0.0,1.0,200,0.0,0,5,1,hat,hairpin,wristwatch,yellow,yellow,tank,sg,front,2,no,yes,yes,self,4,7.63,no,no,111386,4757,2792,0.6262,7077,615,246,505,520,2.0,1.0,1948,0.8608,350,100,100,0.0,1.0,200,0.0,0,8,1,shoes,bag,amulet,red,,support,1,,yes,yes,one,3,6.83,no,44099,7734,2061,11519,759,977,682,2.46,1132,0.731,100,100,0.0,1.0,hat,bag,wristwatch,blue,support,2,yes,no,,3,4.93,yes,43517,8150,2060,8069,660,786,734,2.46,1582,0.8127,100,100,0.0,1.0,hat,bag,wristwatch,yellow,red,support,1,no,yes,no,4,14.53,no,46530,7493,1804,8526,1160,191,1241,2.26,2194,0.8869,100,100,0.0,1.0,gloves,bag,wristwatch,blue,support,2,yes,no,3,4.93,yes,43517,8150,2060,8069,660,786,734,2.46,1582,0.8127,100,100,0.0,1.0,hat,bag,wristwatch,1.1,0.45,0.8,0.0,1.0,0.3,1.3,0.75,1.3,0.75,1.1,0.45,1.3,0.75,1.0,0.3,1.3,0.75,0.8,0.0,1.0,0.3,0.8,0.0,19,3.1666666666666665,0.4082482904638629,20,3.333333333333333,0.5163977794943222,1,0.1666666666666669,0.1081494890304592,32.52,5.419999999999999,2.183162843216236,46.58,7.763333333333333,3.868160630928693,14.060000000000002,2.3433333333333337,1.684997787712457,367871,61311.833333333336,26330.925638242697,457605,76267.5,37805.916567384,89734,14955.666666666664,11474.990929141306,45914,7652.333333333333,2071.0691602809084,38656,6442.666666666667,1784.6629560414667,-7258,-1209.666666666666,-286.40620423944165,7242,1207.0,1231.3884845977732,7025,1170.8333333333333,1192.854796975167,-217,-36.16666666666674,-38.53368762260629,43809,7301.5,2283.659147070771,41298,6883.0,1219.8093293625852,-2511,-418.5,-1063.8498177081856,5362,893.6666666666666,345.3147356639544,4744,790.6666666666666,478.77872411654494,-618,-103.0,133.46398845259057,3643,607.1666666666666,454.77265382459694,4875,812.5,806.2969056123185,1232,205.33333333333337,351.52425178772154,4860,810.0,299.4975792890487,4555,759.1666666666666,268.494630610496,-305,-50.83333333333337,-31.00294867855274,0.75,0.25,0.5,0.5,0.5,0.25,0.25,0.25,0.5,0.25,15.657583695374392,16.320486775015933,7.594908268253379,12.87957220937566,19.798139738687063,8.457502287282708,22.055838763926847,13.006027643485806,13.11313773700484,15.829377108345604,2.716239371340764,8.176714933938342,12.567776073619632,10.372245503778988,11.952482544608223,15.245782208588956,13.59913237659859,3.226886872819602
marina,tshiroko,shun,hoshino,sayane,sshiroko,marina,tshiroko,iori,hoshino,sayane,sshiroko,0,yellow,red,tank,smg,front,1,yes,yes,no,,3,8.83,no,no,134170,3913,148,0.0816,6197,109,2219,518,520,2.0,0.8,1264,0.7583,350,100,100,0.35,1.0,200,0.0,0,20,4,shoes,badge,amulet,blue,blue,dealer,ar,middle,0,yes,yes,no,,3,3.33,no,no,69289,6276,108,0.0609,5932,709,1239,733,100,2.46,0.5,1380,0.7798,650,100,100,0.35,1.0,200,0.0,0,15,3,hat,badge,wristwatch,red,red,dealer,sr,back,1,no,yes,no,,3,2.47,yes,no,46867,10930,108,0.0609,5715,1128,201,1382,100,2.26,0.5,1980,0.8644,750,100,136,0.0,1.0,200,0.0,0,20,1,gloves,hairpin,wristwatch,yellow,yellow,tank,sg,front,2,no,yes,yes,self,4,7.63,no,no,111386,4757,2792,0.6262,7077,615,246,505,520,2.0,1.0,1948,0.8608,350,100,100,0.0,1.0,200,0.0,0,8,1,shoes,bag,amulet,yellow,red,tank,smg,front,1,yes,yes,no,,3,8.83,no,no,134170,3913,148,0.0816,6197,109,2219,518,520,2.0,0.8,1264,0.7583,350,100,100,0.35,1.0,200,0.0,0,20,4,shoes,badge,amulet,blue,blue,dealer,ar,middle,0,yes,yes,no,,3,3.33,no,no,69289,6276,108,0.0609,5932,709,1239,733,100,2.46,0.5,1380,0.7798,650,100,100,0.35,1.0,200,0.0,0,15,3,hat,badge,wristwatch,yellow,yellow,dealer,sr,back,1,no,yes,no,,3,7.33,no,no,52713,8067,113,0.0635,5497,1491,194,824,100,2.46,0.5,2056,0.8728,650,100,136,0.0,1.0,200,0.0,0,5,1,hat,hairpin,wristwatch,yellow,yellow,tank,sg,front,2,no,yes,yes,self,4,7.63,no,no,111386,4757,2792,0.6262,7077,615,246,505,520,2.0,1.0,1948,0.8608,350,100,100,0.0,1.0,200,0.0,0,8,1,shoes,bag,amulet,yellow,red,support,1,no,yes,no,,4,14.53,no,46530,7493,1804,8526,1160,191,1241,2.26,2194,0.8869,100,100,0.0,1.0,gloves,bag,wristwatch,blue,support,2,yes,no,,3,4.93,yes,43517,8150,2060,8069,660,786,734,2.46,1582,0.8127,100,100,0.0,1.0,hat,bag,wristwatch,yellow,red,support,1,no,yes,no,4,14.53,no,46530,7493,1804,8526,1160,191,1241,2.26,2194,0.8869,100,100,0.0,1.0,gloves,bag,wristwatch,blue,support,2,yes,no,3,4.93,yes,43517,8150,2060,8069,660,786,734,2.46,1582,0.8127,100,100,0.0,1.0,hat,bag,wristwatch,1.3,0.75,1.1,0.45,0.8,0.0,1.0,0.3,1.3,0.75,1.1,0.45,1.3,0.75,1.0,0.3,1.0,0.3,0.8,0.0,1.0,0.3,0.8,0.0,20,3.333333333333333,0.5163977794943222,20,3.333333333333333,0.5163977794943222,0,0.0,0.0,41.72,6.953333333333333,4.44315953648602,46.58,7.763333333333333,3.868160630928693,4.859999999999999,0.8099999999999996,-0.5749989055573268,451759,75293.16666666667,38601.33576661132,457605,76267.5,37805.916567384,5846,974.3333333333284,-795.419199227319,41519,6919.833333333333,2532.061722523104,38656,6442.666666666667,1784.6629560414667,-2863,-477.16666666666606,-747.3987664816373,7020,1170.0,1193.7430209220072,7025,1170.8333333333333,1192.854796975167,5,0.8333333333332575,-0.8882239468402986,41516,6919.333333333333,1172.6023480560946,41298,6883.0,1219.8093293625852,-218,-36.33333333333303,47.20698130649066,4381,730.1666666666666,386.6551004017233,4744,790.6666666666666,478.77872411654494,363,60.5,92.12362371482168,4882,813.6666666666666,805.2273384993002,4875,812.5,806.2969056123185,-7,-1.1666666666666288,1.0695671130182518,5113,852.1666666666666,372.0942980840565,4555,759.1666666666666,268.494630610496,-558,-93.0,-103.59966747356049,0.5,0.5,0.5,0.5,0.25,0.5,0.25,0.25,0.5,0.25,31.117812420138,17.465483588272782,15.094087021197472,25.596804708850115,26.813090978788654,19.798139738687063,8.457502287282708,22.055838763926847,22.31854693461459,19.28114294217132,-3.0374039924432736,16.250367009208595,13.449493865030677,14.849930437119635,14.002352195382358,15.245782208588956,14.624067201985657,-0.2258632351339784
marina,tshiroko,shun,hoshino,sayane,sshiroko,marina,tshiroko,iori,hoshino,sayane,sshiroko,0,yellow,red,tank,smg,front,1,yes,yes,no,,3,8.83,no,no,134170,3913,148,0.0816,6197,109,2219,518,520,2.0,0.8,1264,0.7583,350,100,100,0.35,1.0,200,0.0,0,20,4,shoes,badge,amulet,blue,blue,dealer,ar,middle,0,yes,yes,no,,3,3.33,no,no,69289,6276,108,0.0609,5932,709,1239,733,100,2.46,0.5,1380,0.7798,650,100,100,0.35,1.0,200,0.0,0,15,3,hat,badge,wristwatch,red,red,dealer,sr,back,1,no,yes,no,,3,2.47,yes,no,46867,10930,108,0.0609,5715,1128,201,1382,100,2.26,0.5,1980,0.8644,750,100,136,0.0,1.0,200,0.0,0,20,1,gloves,hairpin,wristwatch,yellow,yellow,tank,sg,front,2,no,yes,yes,self,4,7.63,no,no,111386,4757,2792,0.6262,7077,615,246,505,520,2.0,1.0,1948,0.8608,350,100,100,0.0,1.0,200,0.0,0,8,1,shoes,bag,amulet,yellow,red,tank,smg,front,1,yes,yes,no,,3,8.83,no,no,134170,3913,148,0.0816,6197,109,2219,518,520,2.0,0.8,1264,0.7583,350,100,100,0.35,1.0,200,0.0,0,20,4,shoes,badge,amulet,blue,blue,dealer,ar,middle,0,yes,yes,no,,3,3.33,no,no,69289,6276,108,0.0609,5932,709,1239,733,100,2.46,0.5,1380,0.7798,650,100,100,0.35,1.0,200,0.0,0,15,3,hat,badge,wristwatch,yellow,yellow,dealer,sr,back,1,no,yes,no,,3,7.33,no,no,52713,8067,113,0.0635,5497,1491,194,824,100,2.46,0.5,2056,0.8728,650,100,136,0.0,1.0,200,0.0,0,5,1,hat,hairpin,wristwatch,yellow,yellow,tank,sg,front,2,no,yes,yes,self,4,7.63,no,no,111386,4757,2792,0.6262,7077,615,246,505,520,2.0,1.0,1948,0.8608,350,100,100,0.0,1.0,200,0.0,0,8,1,shoes,bag,amulet,yellow,red,support,1,no,yes,no,,4,14.53,no,46530,7493,1804,8526,1160,191,1241,2.26,2194,0.8869,100,100,0.0,1.0,gloves,bag,wristwatch,blue,support,2,yes,no,,3,4.93,yes,43517,8150,2060,8069,660,786,734,2.46,1582,0.8127,100,100,0.0,1.0,hat,bag,wristwatch,yellow,red,support,1,no,yes,no,4,14.53,no,46530,7493,1804,8526,1160,191,1241,2.26,2194,0.8869,100,100,0.0,1.0,gloves,bag,wristwatch,blue,support,2,yes,no,3,4.93,yes,43517,8150,2060,8069,660,786,734,2.46,1582,0.8127,100,100,0.0,1.0,hat,bag,wristwatch,1.3,0.75,1.1,0.45,0.8,0.0,1.0,0.3,1.3,0.75,1.1,0.45,1.3,0.75,1.0,0.3,1.0,0.3,0.8,0.0,1.0,0.3,0.8,0.0,20,3.333333333333333,0.5163977794943222,20,3.333333333333333,0.5163977794943222,0,0.0,0.0,41.72,6.953333333333333,4.44315953648602,46.58,7.763333333333333,3.868160630928693,4.859999999999999,0.8099999999999996,-0.5749989055573268,451759,75293.16666666667,38601.33576661132,457605,76267.5,37805.916567384,5846,974.3333333333284,-795.419199227319,41519,6919.833333333333,2532.061722523104,38656,6442.666666666667,1784.6629560414667,-2863,-477.16666666666606,-747.3987664816373,7020,1170.0,1193.7430209220072,7025,1170.8333333333333,1192.854796975167,5,0.8333333333332575,-0.8882239468402986,41516,6919.333333333333,1172.6023480560946,41298,6883.0,1219.8093293625852,-218,-36.33333333333303,47.20698130649066,4381,730.1666666666666,386.6551004017233,4744,790.6666666666666,478.77872411654494,363,60.5,92.12362371482168,4882,813.6666666666666,805.2273384993002,4875,812.5,806.2969056123185,-7,-1.1666666666666288,1.0695671130182518,5113,852.1666666666666,372.0942980840565,4555,759.1666666666666,268.494630610496,-558,-93.0,-103.59966747356049,0.5,0.5,0.5,0.5,0.25,0.5,0.25,0.25,0.5,0.25,31.117812420138,17.465483588272782,15.094087021197472,25.596804708850115,26.813090978788654,19.798139738687063,8.457502287282708,22.055838763926847,22.31854693461459,19.28114294217132,-3.0374039924432736,16.250367009208595,13.449493865030677,14.849930437119635,14.002352195382358,15.245782208588956,14.624067201985657,-0.2258632351339784
marina,tshiroko,shun,hoshino,sayane,sshiroko,marina,tshiroko,iori,hoshino,sayane,sshiroko,1,yellow,red,tank,smg,front,1,yes,yes,no,,3,8.83,no,no,134170,3913,148,0.0816,6197,109,2219,518,520,2.0,0.8,1264,0.7583,350,100,100,0.35,1.0,200,0.0,0,20,4,shoes,badge,amulet,blue,blue,dealer,ar,middle,0,yes,yes,no,,3,3.33,no,no,69289,6276,108,0.0609,5932,709,1239,733,100,2.46,0.5,1380,0.7798,650,100,100,0.35,1.0,200,0.0,0,15,3,hat,badge,wristwatch,red,red,dealer,sr,back,1,no,yes,no,,3,2.47,yes,no,46867,10930,108,0.0609,5715,1128,201,1382,100,2.26,0.5,1980,0.8644,750,100,136,0.0,1.0,200,0.0,0,20,1,gloves,hairpin,wristwatch,yellow,yellow,tank,sg,front,2,no,yes,yes,self,4,7.63,no,no,111386,4757,2792,0.6262,7077,615,246,505,520,2.0,1.0,1948,0.8608,350,100,100,0.0,1.0,200,0.0,0,8,1,shoes,bag,amulet,yellow,red,tank,smg,front,1,yes,yes,no,,3,8.83,no,no,134170,3913,148,0.0816,6197,109,2219,518,520,2.0,0.8,1264,0.7583,350,100,100,0.35,1.0,200,0.0,0,20,4,shoes,badge,amulet,blue,blue,dealer,ar,middle,0,yes,yes,no,,3,3.33,no,no,69289,6276,108,0.0609,5932,709,1239,733,100,2.46,0.5,1380,0.7798,650,100,100,0.35,1.0,200,0.0,0,15,3,hat,badge,wristwatch,yellow,yellow,dealer,sr,back,1,no,yes,no,,3,7.33,no,no,52713,8067,113,0.0635,5497,1491,194,824,100,2.46,0.5,2056,0.8728,650,100,136,0.0,1.0,200,0.0,0,5,1,hat,hairpin,wristwatch,yellow,yellow,tank,sg,front,2,no,yes,yes,self,4,7.63,no,no,111386,4757,2792,0.6262,7077,615,246,505,520,2.0,1.0,1948,0.8608,350,100,100,0.0,1.0,200,0.0,0,8,1,shoes,bag,amulet,yellow,red,support,1,no,yes,no,,4,14.53,no,46530,7493,1804,8526,1160,191,1241,2.26,2194,0.8869,100,100,0.0,1.0,gloves,bag,wristwatch,blue,support,2,yes,no,,3,4.93,yes,43517,8150,2060,8069,660,786,734,2.46,1582,0.8127,100,100,0.0,1.0,hat,bag,wristwatch,yellow,red,support,1,no,yes,no,4,14.53,no,46530,7493,1804,8526,1160,191,1241,2.26,2194,0.8869,100,100,0.0,1.0,gloves,bag,wristwatch,blue,support,2,yes,no,3,4.93,yes,43517,8150,2060,8069,660,786,734,2.46,1582,0.8127,100,100,0.0,1.0,hat,bag,wristwatch,1.3,0.75,1.1,0.45,0.8,0.0,1.0,0.3,1.3,0.75,1.1,0.45,1.3,0.75,1.0,0.3,1.0,0.3,0.8,0.0,1.0,0.3,0.8,0.0,20,3.333333333333333,0.5163977794943222,20,3.333333333333333,0.5163977794943222,0,0.0,0.0,41.72,6.953333333333333,4.44315953648602,46.58,7.763333333333333,3.868160630928693,4.859999999999999,0.8099999999999996,-0.5749989055573268,451759,75293.16666666667,38601.33576661132,457605,76267.5,37805.916567384,5846,974.3333333333284,-795.419199227319,41519,6919.833333333333,2532.061722523104,38656,6442.666666666667,1784.6629560414667,-2863,-477.16666666666606,-747.3987664816373,7020,1170.0,1193.7430209220072,7025,1170.8333333333333,1192.854796975167,5,0.8333333333332575,-0.8882239468402986,41516,6919.333333333333,1172.6023480560946,41298,6883.0,1219.8093293625852,-218,-36.33333333333303,47.20698130649066,4381,730.1666666666666,386.6551004017233,4744,790.6666666666666,478.77872411654494,363,60.5,92.12362371482168,4882,813.6666666666666,805.2273384993002,4875,812.5,806.2969056123185,-7,-1.1666666666666288,1.0695671130182518,5113,852.1666666666666,372.0942980840565,4555,759.1666666666666,268.494630610496,-558,-93.0,-103.59966747356049,0.5,0.5,0.5,0.5,0.25,0.5,0.25,0.25,0.5,0.25,31.117812420138,17.465483588272782,15.094087021197472,25.596804708850115,26.813090978788654,19.798139738687063,8.457502287282708,22.055838763926847,22.31854693461459,19.28114294217132,-3.0374039924432736,16.250367009208595,13.449493865030677,14.849930437119635,14.002352195382358,15.245782208588956,14.624067201985657,-0.2258632351339784
marina,tshiroko,shun,haruka,sayane,sshiroko,marina,tshiroko,iori,hoshino,sayane,sshiroko,0,yellow,red,tank,smg,front,1,yes,yes,no,,3,8.83,no,no,134170,3913,148,0.0816,6197,109,2219,518,520,2.0,0.8,1264,0.7583,350,100,100,0.35,1.0,200,0.0,0,20,4,shoes,badge,amulet,blue,blue,dealer,ar,middle,0,yes,yes,no,,3,3.33,no,no,69289,6276,108,0.0609,5932,709,1239,733,100,2.46,0.5,1380,0.7798,650,100,100,0.35,1.0,200,0.0,0,15,3,hat,badge,wristwatch,red,red,dealer,sr,back,1,no,yes,no,,3,2.47,yes,no,46867,10930,108,0.0609,5715,1128,201,1382,100,2.26,0.5,1980,0.8644,750,100,136,0.0,1.0,200,0.0,0,20,1,gloves,hairpin,wristwatch,red,red,tank,sg,front,1,no,yes,no,,4,5.67,no,no,150581,3216,2700,0.6183,5596,593,237,497,520,2.0,0.8,2020,0.8689,350,100,100,0.0,1.0,200,0.0,0,8,1,shoes,bag,amulet,yellow,red,tank,smg,front,1,yes,yes,no,,3,8.83,no,no,134170,3913,148,0.0816,6197,109,2219,518,520,2.0,0.8,1264,0.7583,350,100,100,0.35,1.0,200,0.0,0,20,4,shoes,badge,amulet,blue,blue,dealer,ar,middle,0,yes,yes,no,,3,3.33,no,no,69289,6276,108,0.0609,5932,709,1239,733,100,2.46,0.5,1380,0.7798,650,100,100,0.35,1.0,200,0.0,0,15,3,hat,badge,wristwatch,yellow,yellow,dealer,sr,back,1,no,yes,no,,3,7.33,no,no,52713,8067,113,0.0635,5497,1491,194,824,100,2.46,0.5,2056,0.8728,650,100,136,0.0,1.0,200,0.0,0,5,1,hat,hairpin,wristwatch,yellow,yellow,tank,sg,front,2,no,yes,yes,self,4,7.63,no,no,111386,4757,2792,0.6262,7077,615,246,505,520,2.0,1.0,1948,0.8608,350,100,100,0.0,1.0,200,0.0,0,8,1,shoes,bag,amulet,yellow,red,support,1,no,yes,no,,4,14.53,no,46530,7493,1804,8526,1160,191,1241,2.26,2194,0.8869,100,100,0.0,1.0,gloves,bag,wristwatch,blue,support,2,yes,no,,3,4.93,yes,43517,8150,2060,8069,660,786,734,2.46,1582,0.8127,100,100,0.0,1.0,hat,bag,wristwatch,yellow,red,support,1,no,yes,no,4,14.53,no,46530,7493,1804,8526,1160,191,1241,2.26,2194,0.8869,100,100,0.0,1.0,gloves,bag,wristwatch,blue,support,2,yes,no,3,4.93,yes,43517,8150,2060,8069,660,786,734,2.46,1582,0.8127,100,100,0.0,1.0,hat,bag,wristwatch,1.3,0.75,1.1,0.45,0.8,0.0,1.1,0.45,1.3,0.75,1.1,0.45,1.3,0.75,1.0,0.3,1.0,0.3,0.8,0.0,1.0,0.3,0.8,0.0,20,3.333333333333333,0.5163977794943222,20,3.333333333333333,0.5163977794943222,0,0.0,0.0,39.76,6.626666666666666,4.455493986828696,46.58,7.763333333333333,3.868160630928693,6.82,1.1366666666666667,-0.5873333559000029,490954,81825.66666666667,48082.9273387828,457605,76267.5,37805.916567384,-33349,-5558.166666666672,-10277.010771398796,39978,6663.0,2853.118854867424,38656,6442.666666666667,1784.6629560414667,-1322,-220.33333333333303,-1068.455898825957,6928,1154.6666666666667,1169.0780413071946,7025,1170.8333333333333,1192.854796975167,97,16.166666666666515,23.77675566797234,40035,6672.5,1283.4152484679305,41298,6883.0,1219.8093293625852,1263,210.5,-63.60591910534527,4359,726.5,388.0673910546981,4744,790.6666666666666,478.77872411654494,385,64.16666666666663,90.7113330618468,4873,812.1666666666666,806.503668104905,4875,812.5,806.2969056123185,2,0.3333333333333712,-0.2067624925865629,5105,850.8333333333334,373.59840292306745,4555,759.1666666666666,268.494630610496,-550,-91.66666666666674,-105.1037723125715,0.5,0.5,0.5,0.5,0.25,0.5,0.25,0.25,0.5,0.25,46.80072834142602,14.589806405353729,22.70128300483451,38.49721463107,26.813090978788654,19.798139738687063,8.457502287282708,28.743936567164177,30.64725809567107,20.953167392980653,-9.694090702690415,24.4403109568931,11.23504601226994,17.83767848458152,14.002352195382358,15.245782208588956,14.624067201985657,-3.213611282595864
reisa,shun,marina,tshiroko,sayane,sshiroko,marina,tshiroko,iori,hoshino,sayane,sshiroko,1,yellow,yellow,tank,sg,front,1,no,yes,yes,self,3,4.93,no,yes,122892,5025,2597,0.6091,8080,655,217,518,520,2.0,0.8,1812,0.8444,350,100,100,0.0,1.0,200,0.0,0,8,2,shoes,bag,amulet,red,red,dealer,sr,back,1,no,yes,no,,3,2.47,yes,no,46867,10930,108,0.0609,5715,1128,201,1382,100,2.26,0.5,1980,0.8644,750,100,136,0.0,1.0,200,0.0,0,20,1,gloves,hairpin,wristwatch,yellow,red,tank,smg,front,1,yes,yes,no,,3,8.83,no,no,134170,3913,148,0.0816,6197,109,2219,518,520,2.0,0.8,1264,0.7583,350,100,100,0.35,1.0,200,0.0,0,20,4,shoes,badge,amulet,blue,blue,dealer,ar,middle,0,yes,yes,no,,3,3.33,no,no,69289,6276,108,0.0609,5932,709,1239,733,100,2.46,0.5,1380,0.7798,650,100,100,0.35,1.0,200,0.0,0,15,3,hat,badge,wristwatch,yellow,red,tank,smg,front,1,yes,yes,no,,3,8.83,no,no,134170,3913,148,0.0816,6197,109,2219,518,520,2.0,0.8,1264,0.7583,350,100,100,0.35,1.0,200,0.0,0,20,4,shoes,badge,amulet,blue,blue,dealer,ar,middle,0,yes,yes,no,,3,3.33,no,no,69289,6276,108,0.0609,5932,709,1239,733,100,2.46,0.5,1380,0.7798,650,100,100,0.35,1.0,200,0.0,0,15,3,hat,badge,wristwatch,yellow,yellow,dealer,sr,back,1,no,yes,no,,3,7.33,no,no,52713,8067,113,0.0635,5497,1491,194,824,100,2.46,0.5,2056,0.8728,650,100,136,0.0,1.0,200,0.0,0,5,1,hat,hairpin,wristwatch,yellow,yellow,tank,sg,front,2,no,yes,yes,self,4,7.63,no,no,111386,4757,2792,0.6262,7077,615,246,505,520,2.0,1.0,1948,0.8608,350,100,100,0.0,1.0,200,0.0,0,8,1,shoes,bag,amulet,yellow,red,support,1,no,yes,no,,4,14.53,no,46530,7493,1804,8526,1160,191,1241,2.26,2194,0.8869,100,100,0.0,1.0,gloves,bag,wristwatch,blue,support,2,yes,no,,3,4.93,yes,43517,8150,2060,8069,660,786,734,2.46,1582,0.8127,100,100,0.0,1.0,hat,bag,wristwatch,yellow,red,support,1,no,yes,no,4,14.53,no,46530,7493,1804,8526,1160,191,1241,2.26,2194,0.8869,100,100,0.0,1.0,gloves,bag,wristwatch,blue,support,2,yes,no,3,4.93,yes,43517,8150,2060,8069,660,786,734,2.46,1582,0.8127,100,100,0.0,1.0,hat,bag,wristwatch,1.3,0.75,0.8,0.0,1.3,0.75,1.1,0.45,1.3,0.75,1.1,0.45,1.3,0.75,1.0,0.3,1.0,0.3,0.8,0.0,1.0,0.3,0.8,0.0,19,3.1666666666666665,0.408248290463863,20,3.333333333333333,0.5163977794943222,1,0.1666666666666669,0.1081494890304591,39.02,6.503333333333334,4.497317719115102,46.58,7.763333333333333,3.868160630928693,7.559999999999995,1.259999999999999,-0.6291570881864095,463265,77210.83333333333,40966.345355262856,457605,76267.5,37805.916567384,-5660,-943.3333333333284,-3160.4287878788527,41787,6964.5,2488.262747380188,38656,6442.666666666667,1784.6629560414667,-3131,-521.833333333333,-703.5997913387209,6825,1137.5,1142.2976407224169,7025,1170.8333333333333,1192.854796975167,200,33.33333333333326,50.55715625275002,42519,7086.5,1267.2491073186834,41298,6883.0,1219.8093293625852,-1221,-203.5,-47.43977795609817,4421,736.8333333333334,384.6117089567954,4744,790.6666666666666,478.77872411654494,323,53.83333333333326,94.16701515974955,4853,808.8333333333334,809.3924676364777,4875,812.5,806.2969056123185,22,3.6666666666666288,-3.095562024159221,5126,854.3333333333334,369.6986159923603,4555,759.1666666666666,268.494630610496,-571,-95.16666666666674,-101.20398538186436,0.5,0.5,0.5,0.5,0.25,0.5,0.25,0.25,0.5,0.25,31.485369281880907,18.38215025493945,15.272375108466592,25.89914862308177,20.87952736318408,8.457502287282708,26.813090978788654,19.798139738687063,22.759760817092182,18.987065091985627,-3.772695725106555,16.442312825303617,14.15538343558282,15.298848130443218,14.002352195382358,15.245782208588956,14.624067201985657,-0.6747809284575617
reisa,shun,marina,tshiroko,sayane,sshiroko,marina,tshiroko,iori,hoshino,sayane,sshiroko,1,yellow,yellow,tank,sg,front,1,no,yes,yes,self,3,4.93,no,yes,122892,5025,2597,0.6091,8080,655,217,518,520,2.0,0.8,1812,0.8444,350,100,100,0.0,1.0,200,0.0,0,8,2,shoes,bag,amulet,red,red,dealer,sr,back,1,no,yes,no,,3,2.47,yes,no,46867,10930,108,0.0609,5715,1128,201,1382,100,2.26,0.5,1980,0.8644,750,100,136,0.0,1.0,200,0.0,0,20,1,gloves,hairpin,wristwatch,yellow,red,tank,smg,front,1,yes,yes,no,,3,8.83,no,no,134170,3913,148,0.0816,6197,109,2219,518,520,2.0,0.8,1264,0.7583,350,100,100,0.35,1.0,200,0.0,0,20,4,shoes,badge,amulet,blue,blue,dealer,ar,middle,0,yes,yes,no,,3,3.33,no,no,69289,6276,108,0.0609,5932,709,1239,733,100,2.46,0.5,1380,0.7798,650,100,100,0.35,1.0,200,0.0,0,15,3,hat,badge,wristwatch,yellow,red,tank,smg,front,1,yes,yes,no,,3,8.83,no,no,134170,3913,148,0.0816,6197,109,2219,518,520,2.0,0.8,1264,0.7583,350,100,100,0.35,1.0,200,0.0,0,20,4,shoes,badge,amulet,blue,blue,dealer,ar,middle,0,yes,yes,no,,3,3.33,no,no,69289,6276,108,0.0609,5932,709,1239,733,100,2.46,0.5,1380,0.7798,650,100,100,0.35,1.0,200,0.0,0,15,3,hat,badge,wristwatch,yellow,yellow,dealer,sr,back,1,no,yes,no,,3,7.33,no,no,52713,8067,113,0.0635,5497,1491,194,824,100,2.46,0.5,2056,0.8728,650,100,136,0.0,1.0,200,0.0,0,5,1,hat,hairpin,wristwatch,yellow,yellow,tank,sg,front,2,no,yes,yes,self,4,7.63,no,no,111386,4757,2792,0.6262,7077,615,246,505,520,2.0,1.0,1948,0.8608,350,100,100,0.0,1.0,200,0.0,0,8,1,shoes,bag,amulet,yellow,red,support,1,no,yes,no,,4,14.53,no,46530,7493,1804,8526,1160,191,1241,2.26,2194,0.8869,100,100,0.0,1.0,gloves,bag,wristwatch,blue,support,2,yes,no,,3,4.93,yes,43517,8150,2060,8069,660,786,734,2.46,1582,0.8127,100,100,0.0,1.0,hat,bag,wristwatch,yellow,red,support,1,no,yes,no,4,14.53,no,46530,7493,1804,8526,1160,191,1241,2.26,2194,0.8869,100,100,0.0,1.0,gloves,bag,wristwatch,blue,support,2,yes,no,3,4.93,yes,43517,8150,2060,8069,660,786,734,2.46,1582,0.8127,100,100,0.0,1.0,hat,bag,wristwatch,1.3,0.75,0.8,0.0,1.3,0.75,1.1,0.45,1.3,0.75,1.1,0.45,1.3,0.75,1.0,0.3,1.0,0.3,0.8,0.0,1.0,0.3,0.8,0.0,19,3.1666666666666665,0.408248290463863,20,3.333333333333333,0.5163977794943222,1,0.1666666666666669,0.1081494890304591,39.02,6.503333333333334,4.497317719115102,46.58,7.763333333333333,3.868160630928693,7.559999999999995,1.259999999999999,-0.6291570881864095,463265,77210.83333333333,40966.345355262856,457605,76267.5,37805.916567384,-5660,-943.3333333333284,-3160.4287878788527,41787,6964.5,2488.262747380188,38656,6442.666666666667,1784.6629560414667,-3131,-521.833333333333,-703.5997913387209,6825,1137.5,1142.2976407224169,7025,1170.8333333333333,1192.854796975167,200,33.33333333333326,50.55715625275002,42519,7086.5,1267.2491073186834,41298,6883.0,1219.8093293625852,-1221,-203.5,-47.43977795609817,4421,736.8333333333334,384.6117089567954,4744,790.6666666666666,478.77872411654494,323,53.83333333333326,94.16701515974955,4853,808.8333333333334,809.3924676364777,4875,812.5,806.2969056123185,22,3.6666666666666288,-3.095562024159221,5126,854.3333333333334,369.6986159923603,4555,759.1666666666666,268.494630610496,-571,-95.16666666666674,-101.20398538186436,0.5,0.5,0.5,0.5,0.25,0.5,0.25,0.25,0.5,0.25,31.485369281880907,18.38215025493945,15.272375108466592,25.89914862308177,20.87952736318408,8.457502287282708,26.813090978788654,19.798139738687063,22.759760817092182,18.987065091985627,-3.772695725106555,16.442312825303617,14.15538343558282,15.298848130443218,14.002352195382358,15.245782208588956,14.624067201985657,-0.6747809284575617
hoshino,tshiroko,haruka,iori,nagisa,sshiroko,marina,tshiroko,iori,hoshino,sayane,sshiroko,1,yellow,yellow,tank,sg,front,2,no,yes,yes,self,4,7.63,no,no,111386,4757,2792,0.6262,7077,615,246,505,520,2.0,1.0,1948,0.8608,350,100,100,0.0,1.0,200,0.0,0,8,1,shoes,bag,amulet,blue,blue,dealer,ar,middle,0,yes,yes,no,,3,3.33,no,no,69289,6276,108,0.0609,5932,709,1239,733,100,2.46,0.5,1380,0.7798,650,100,100,0.35,1.0,200,0.0,0,15,3,hat,badge,wristwatch,red,red,tank,sg,front,1,no,yes,no,,4,5.67,no,no,150581,3216,2700,0.6183,5596,593,237,497,520,2.0,0.8,2020,0.8689,350,100,100,0.0,1.0,200,0.0,0,8,1,shoes,bag,amulet,yellow,yellow,dealer,sr,back,1,no,yes,no,,3,7.33,no,no,52713,8067,113,0.0635,5497,1491,194,824,100,2.46,0.5,2056,0.8728,650,100,136,0.0,1.0,200,0.0,0,5,1,hat,hairpin,wristwatch,yellow,red,tank,smg,front,1,yes,yes,no,,3,8.83,no,no,134170,3913,148,0.0816,6197,109,2219,518,520,2.0,0.8,1264,0.7583,350,100,100,0.35,1.0,200,0.0,0,20,4,shoes,badge,amulet,blue,blue,dealer,ar,middle,0,yes,yes,no,,3,3.33,no,no,69289,6276,108,0.0609,5932,709,1239,733,100,2.46,0.5,1380,0.7798,650,100,100,0.35,1.0,200,0.0,0,15,3,hat,badge,wristwatch,yellow,yellow,dealer,sr,back,1,no,yes,no,,3,7.33,no,no,52713,8067,113,0.0635,5497,1491,194,824,100,2.46,0.5,2056,0.8728,650,100,136,0.0,1.0,200,0.0,0,5,1,hat,hairpin,wristwatch,yellow,yellow,tank,sg,front,2,no,yes,yes,self,4,7.63,no,no,111386,4757,2792,0.6262,7077,615,246,505,520,2.0,1.0,1948,0.8608,350,100,100,0.0,1.0,200,0.0,0,8,1,shoes,bag,amulet,red,,support,1,,yes,yes,one,3,6.83,no,44099,7734,2061,11519,759,977,682,2.46,1132,0.731,100,100,0.0,1.0,hat,bag,wristwatch,blue,support,2,yes,no,,3,4.93,yes,43517,8150,2060,8069,660,786,734,2.46,1582,0.8127,100,100,0.0,1.0,hat,bag,wristwatch,yellow,red,support,1,no,yes,no,4,14.53,no,46530,7493,1804,8526,1160,191,1241,2.26,2194,0.8869,100,100,0.0,1.0,gloves,bag,wristwatch,blue,support,2,yes,no,3,4.93,yes,43517,8150,2060,8069,660,786,734,2.46,1582,0.8127,100,100,0.0,1.0,hat,bag,wristwatch,1.0,0.3,1.1,0.45,1.1,0.45,1.3,0.75,1.3,0.75,1.1,0.45,1.3,0.75,1.0,0.3,1.3,0.75,0.8,0.0,1.0,0.3,0.8,0.0,20,3.333333333333333,0.5163977794943222,20,3.333333333333333,0.5163977794943222,0,0.0,0.0,35.72,5.953333333333333,1.6422139527682336,46.58,7.763333333333333,3.868160630928693,10.86,1.81,2.2259466781604598,471585,78597.5,43437.66453091142,457605,76267.5,37805.916567384,-13980,-2330.0,-5631.747963527414,38200,6366.666666666667,2023.2132528892416,38656,6442.666666666667,1784.6629560414667,456,76.0,-238.5502968477749,9834,1639.0,1223.363560026209,7025,1170.8333333333333,1192.854796975167,-2809,-468.16666666666674,-30.508763051042024,43690,7281.666666666667,2300.6470104443806,41298,6883.0,1219.8093293625852,-2392,-398.66666666666697,-1080.8376810817954,4827,804.5,341.7588330972588,4744,790.6666666666666,478.77872411654494,-83,-13.833333333333371,137.01989101928615,3679,613.1666666666666,448.5369178414043,4875,812.5,806.2969056123185,1196,199.33333333333337,357.75998777091417,3975,662.5,133.22274580566187,4555,759.1666666666666,268.494630610496,580,96.66666666666664,135.2718848048341,0.5,0.5,0.5,0.5,0.25,0.5,0.25,0.25,0.5,0.25,28.910075389726558,20.45186026131294,14.0231963555225,23.780770443556865,22.055838763926847,19.798139738687063,28.743936567164177,13.006027643485806,21.791475612529712,20.900985678315973,-0.8904899342137398,15.09744094488189,15.749187116564418,15.423314030723152,11.952482544608223,15.245782208588956,13.59913237659859,-1.824181654124562
reisa,tshiroko,shun,marina,sayane,sshiroko,marina,tshiroko,iori,hoshino,sayane,sshiroko,1,yellow,yellow,tank,sg,front,1,no,yes,yes,self,3,4.93,no,yes,122892,5025,2597,0.6091,8080,655,217,518,520,2.0,0.8,1812,0.8444,350,100,100,0.0,1.0,200,0.0,0,8,2,shoes,bag,amulet,blue,blue,dealer,ar,middle,0,yes,yes,no,,3,3.33,no,no,69289,6276,108,0.0609,5932,709,1239,733,100,2.46,0.5,1380,0.7798,650,100,100,0.35,1.0,200,0.0,0,15,3,hat,badge,wristwatch,red,red,dealer,sr,back,1,no,yes,no,,3,2.47,yes,no,46867,10930,108,0.0609,5715,1128,201,1382,100,2.26,0.5,1980,0.8644,750,100,136,0.0,1.0,200,0.0,0,20,1,gloves,hairpin,wristwatch,yellow,red,tank,smg,front,1,yes,yes,no,,3,8.83,no,no,134170,3913,148,0.0816,6197,109,2219,518,520,2.0,0.8,1264,0.7583,350,100,100,0.35,1.0,200,0.0,0,20,4,shoes,badge,amulet,yellow,red,tank,smg,front,1,yes,yes,no,,3,8.83,no,no,134170,3913,148,0.0816,6197,109,2219,518,520,2.0,0.8,1264,0.7583,350,100,100,0.35,1.0,200,0.0,0,20,4,shoes,badge,amulet,blue,blue,dealer,ar,middle,0,yes,yes,no,,3,3.33,no,no,69289,6276,108,0.0609,5932,709,1239,733,100,2.46,0.5,1380,0.7798,650,100,100,0.35,1.0,200,0.0,0,15,3,hat,badge,wristwatch,yellow,yellow,dealer,sr,back,1,no,yes,no,,3,7.33,no,no,52713,8067,113,0.0635,5497,1491,194,824,100,2.46,0.5,2056,0.8728,650,100,136,0.0,1.0,200,0.0,0,5,1,hat,hairpin,wristwatch,yellow,yellow,tank,sg,front,2,no,yes,yes,self,4,7.63,no,no,111386,4757,2792,0.6262,7077,615,246,505,520,2.0,1.0,1948,0.8608,350,100,100,0.0,1.0,200,0.0,0,8,1,shoes,bag,amulet,yellow,red,support,1,no,yes,no,,4,14.53,no,46530,7493,1804,8526,1160,191,1241,2.26,2194,0.8869,100,100,0.0,1.0,gloves,bag,wristwatch,blue,support,2,yes,no,,3,4.93,yes,43517,8150,2060,8069,660,786,734,2.46,1582,0.8127,100,100,0.0,1.0,hat,bag,wristwatch,yellow,red,support,1,no,yes,no,4,14.53,no,46530,7493,1804,8526,1160,191,1241,2.26,2194,0.8869,100,100,0.0,1.0,gloves,bag,wristwatch,blue,support,2,yes,no,3,4.93,yes,43517,8150,2060,8069,660,786,734,2.46,1582,0.8127,100,100,0.0,1.0,hat,bag,wristwatch,1.3,0.75,1.1,0.45,0.8,0.0,1.3,0.75,1.3,0.75,1.1,0.45,1.3,0.75,1.0,0.3,1.0,0.3,0.8,0.0,1.0,0.3,0.8,0.0,19,3.1666666666666665,0.408248290463863,20,3.333333333333333,0.5163977794943222,1,0.1666666666666669,0.1081494890304591,39.02,6.503333333333334,4.497317719115102,46.58,7.763333333333333,3.868160630928693,7.559999999999995,1.259999999999999,-0.6291570881864095,463265,77210.83333333333,40966.34535526286,457605,76267.5,37805.916567384,-5660,-943.3333333333284,-3160.42878787886,41787,6964.5,2488.262747380188,38656,6442.666666666667,1784.6629560414667,-3131,-521.833333333333,-703.5997913387209,6825,1137.5,1142.2976407224169,7025,1170.8333333333333,1192.854796975167,200,33.33333333333326,50.55715625275002,42519,7086.5,1267.2491073186834,41298,6883.0,1219.8093293625852,-1221,-203.5,-47.43977795609817,4421,736.8333333333334,384.6117089567954,4744,790.6666666666666,478.77872411654494,323,53.83333333333326,94.16701515974955,4853,808.8333333333334,809.3924676364777,4875,812.5,806.2969056123185,22,3.6666666666666288,-3.095562024159221,5126,854.3333333333334,369.6986159923603,4555,759.1666666666666,268.494630610496,-571,-95.16666666666674,-101.20398538186436,0.5,0.5,0.5,0.5,0.25,0.5,0.25,0.25,0.5,0.25,31.48536928188091,18.38215025493945,15.272375108466592,25.89914862308177,20.87952736318408,19.798139738687063,8.457502287282708,26.813090978788654,22.759760817092182,18.987065091985627,-3.7726957251065594,16.442312825303617,14.15538343558282,15.298848130443218,14.002352195382358,15.245782208588956,14.624067201985657,-0.6747809284575617
hoshino,marina,reisa,tshiroko,saki,sshiroko,marina,tshiroko,iori,hoshino,sayane,sshiroko,1,yellow,yellow,tank,sg,front,2,no,yes,yes,self,4,7.63,no,no,111386,4757,2792,0.6262,7077,615,246,505,520,2.0,1.0,1948,0.8608,350,100,100,0.0,1.0,200,0.0,0,8,1,shoes,bag,amulet,yellow,red,tank,smg,front,1,yes,yes,no,,3,8.83,no,no,134170,3913,148,0.0816,6197,109,2219,518,520,2.0,0.8,1264,0.7583,350,100,100,0.35,1.0,200,0.0,0,20,4,shoes,badge,amulet,yellow,yellow,tank,sg,front,1,no,yes,yes,self,3,4.93,no,yes,122892,5025,2597,0.6091,8080,655,217,518,520,2.0,0.8,1812,0.8444,350,100,100,0.0,1.0,200,0.0,0,8,2,shoes,bag,amulet,blue,blue,dealer,ar,middle,0,yes,yes,no,,3,3.33,no,no,69289,6276,108,0.0609,5932,709,1239,733,100,2.46,0.5,1380,0.7798,650,100,100,0.35,1.0,200,0.0,0,15,3,hat,badge,wristwatch,yellow,red,tank,smg,front,1,yes,yes,no,,3,8.83,no,no,134170,3913,148,0.0816,6197,109,2219,518,520,2.0,0.8,1264,0.7583,350,100,100,0.35,1.0,200,0.0,0,20,4,shoes,badge,amulet,blue,blue,dealer,ar,middle,0,yes,yes,no,,3,3.33,no,no,69289,6276,108,0.0609,5932,709,1239,733,100,2.46,0.5,1380,0.7798,650,100,100,0.35,1.0,200,0.0,0,15,3,hat,badge,wristwatch,yellow,yellow,dealer,sr,back,1,no,yes,no,,3,7.33,no,no,52713,8067,113,0.0635,5497,1491,194,824,100,2.46,0.5,2056,0.8728,650,100,136,0.0,1.0,200,0.0,0,5,1,hat,hairpin,wristwatch,yellow,yellow,tank,sg,front,2,no,yes,yes,self,4,7.63,no,no,111386,4757,2792,0.6262,7077,615,246,505,520,2.0,1.0,1948,0.8608,350,100,100,0.0,1.0,200,0.0,0,8,1,shoes,bag,amulet,yellow,,support,1,,yes,no,,4,7.0,no,41990,8970,2132,11438,101,197,202,2.2,1582,0.8127,186,100,0.0,1.0,hat,bag,necklace,blue,support,2,yes,no,,3,4.93,yes,43517,8150,2060,8069,660,786,734,2.46,1582,0.8127,100,100,0.0,1.0,hat,bag,wristwatch,yellow,red,support,1,no,yes,no,4,14.53,no,46530,7493,1804,8526,1160,191,1241,2.26,2194,0.8869,100,100,0.0,1.0,gloves,bag,wristwatch,blue,support,2,yes,no,3,4.93,yes,43517,8150,2060,8069,660,786,734,2.46,1582,0.8127,100,100,0.0,1.0,hat,bag,wristwatch,1.0,0.3,1.3,0.75,1.3,0.75,1.1,0.45,1.3,0.75,1.1,0.45,1.3,0.75,1.0,0.3,1.0,0.3,0.8,0.0,1.0,0.3,0.8,0.0,20,3.333333333333333,0.5163977794943222,20,3.333333333333333,0.5163977794943222,0,0.0,0.0,36.65,6.108333333333333,2.050077234317446,46.58,7.763333333333333,3.868160630928693,9.93,1.6549999999999994,1.818083396611247,523244,87207.33333333333,40836.29402218897,457605,76267.5,37805.916567384,-65639,-10939.833333333328,-3030.3774548049696,37091,6181.833333333333,2008.603436885108,38656,6442.666666666667,1784.6629560414667,1565,260.83333333333394,-223.94048084364115,9837,1639.5,1202.871855186578,7025,1170.8333333333333,1192.854796975167,-2812,-468.66666666666674,-10.01705821141104,46793,7798.833333333333,1998.3772833643463,41298,6883.0,1219.8093293625852,-5495,-915.833333333333,-778.5679540017613,2849,474.8333333333333,288.0322319926481,4744,790.6666666666666,478.77872411654494,1895,315.8333333333333,190.7464921238968,4904,817.3333333333334,801.8839483782343,4875,812.5,806.2969056123185,-29,-4.833333333333371,4.4129572340841605,3210,535.0,195.53618590941167,4555,759.1666666666666,268.494630610496,1345,224.16666666666663,72.95844470108429,0.25,0.75,0.5,0.5,0.0,0.75,0.25,0.25,0.5,0.25,29.05494505494506,25.389200924155517,14.093467212098677,23.89993693504309,22.055838763926847,26.813090978788654,20.87952736318408,19.798139738687063,23.109387531560586,22.38664921114666,-0.7227383204139244,15.17309488856266,19.551242331288343,17.362168609925504,11.696725195094762,15.245782208588956,13.47125370184186,-3.890914908083644
hoshino,tshiroko,haruka,nymutsuki,sayane,sshiroko,marina,tshiroko,iori,hoshino,sayane,sshiroko,0,yellow,yellow,tank,sg,front,2,no,yes,yes,self,4,7.63,no,no,111386,4757,2792,0.6262,7077,615,246,505,520,2.0,1.0,1948,0.8608,350,100,100,0.0,1.0,200,0.0,0,8,1,shoes,bag,amulet,blue,blue,dealer,ar,middle,0,yes,yes,no,,3,3.33,no,no,69289,6276,108,0.0609,5932,709,1239,733,100,2.46,0.5,1380,0.7798,650,100,100,0.35,1.0,200,0.0,0,15,3,hat,badge,wristwatch,red,red,tank,sg,front,1,no,yes,no,,4,5.67,no,no,150581,3216,2700,0.6183,5596,593,237,497,520,2.0,0.8,2020,0.8689,350,100,100,0.0,1.0,200,0.0,0,8,1,shoes,bag,amulet,blue,yellow,dealer,mg,back,1,no,yes,no,,2,4.67,no,no,62027,11562,418,0.2005,5939,324,640,1189,100,2.26,0.5,1328,0.7704,750,100,100,0.35,1.0,200,0.0,684,25,5,gloves,badge,wristwatch,yellow,red,tank,smg,front,1,yes,yes,no,,3,8.83,no,no,134170,3913,148,0.0816,6197,109,2219,518,520,2.0,0.8,1264,0.7583,350,100,100,0.35,1.0,200,0.0,0,20,4,shoes,badge,amulet,blue,blue,dealer,ar,middle,0,yes,yes,no,,3,3.33,no,no,69289,6276,108,0.0609,5932,709,1239,733,100,2.46,0.5,1380,0.7798,650,100,100,0.35,1.0,200,0.0,0,15,3,hat,badge,wristwatch,yellow,yellow,dealer,sr,back,1,no,yes,no,,3,7.33,no,no,52713,8067,113,0.0635,5497,1491,194,824,100,2.46,0.5,2056,0.8728,650,100,136,0.0,1.0,200,0.0,0,5,1,hat,hairpin,wristwatch,yellow,yellow,tank,sg,front,2,no,yes,yes,self,4,7.63,no,no,111386,4757,2792,0.6262,7077,615,246,505,520,2.0,1.0,1948,0.8608,350,100,100,0.0,1.0,200,0.0,0,8,1,shoes,bag,amulet,yellow,red,support,1,no,yes,no,,4,14.53,no,46530,7493,1804,8526,1160,191,1241,2.26,2194,0.8869,100,100,0.0,1.0,gloves,bag,wristwatch,blue,support,2,yes,no,,3,4.93,yes,43517,8150,2060,8069,660,786,734,2.46,1582,0.8127,100,100,0.0,1.0,hat,bag,wristwatch,yellow,red,support,1,no,yes,no,4,14.53,no,46530,7493,1804,8526,1160,191,1241,2.26,2194,0.8869,100,100,0.0,1.0,gloves,bag,wristwatch,blue,support,2,yes,no,3,4.93,yes,43517,8150,2060,8069,660,786,734,2.46,1582,0.8127,100,100,0.0,1.0,hat,bag,wristwatch,1.0,0.3,1.1,0.45,1.1,0.45,1.0,0.3,1.3,0.75,1.1,0.45,1.3,0.75,1.0,0.3,1.0,0.3,0.8,0.0,1.0,0.3,0.8,0.0,20,3.333333333333333,0.816496580927726,20,3.333333333333333,0.5163977794943222,0,0.0,-0.3000988014334038,40.760000000000005,6.793333333333334,4.044579912261182,46.58,7.763333333333333,3.868160630928693,5.819999999999993,0.9699999999999988,-0.1764192813324889,483330,80555.0,42080.67215717924,457605,76267.5,37805.916567384,-25725,-4287.5,-4274.755589795233,41454,6909.0,2905.222469966801,38656,6442.666666666667,1784.6629560414667,-2798,-466.333333333333,-1120.5595139253342,9882,1647.0,1139.650297240342,7025,1170.8333333333333,1192.854796975167,-2857,-476.16666666666674,53.20449973482482,41139,6856.5,1232.1829003845169,41298,6883.0,1219.8093293625852,159,26.5,-12.37357102193164,4061,676.8333333333334,272.07015026765924,4744,790.6666666666666,478.77872411654494,683,113.83333333333326,206.7085738488857,3339,556.5,414.1327081987125,4875,812.5,806.2969056123185,1536,256.0,392.164197413606,4899,816.5,326.14337338048125,4555,759.1666666666666,268.494630610496,-344,-57.33333333333337,-57.64874276998529,0.5,0.5,0.5,0.5,0.25,0.5,0.25,0.25,0.5,0.25,29.207609251213903,21.193893403441685,14.167518904177514,24.0255150304814,22.055838763926847,19.798139738687063,28.743936567164177,10.746680937554055,22.148634147328625,20.33614900183304,-1.8124851454955893,15.25281929801148,16.320598159509203,15.786708728760342,14.002352195382358,15.245782208588956,14.624067201985657,-1.162641526774685
hoshino,tshiroko,haruka,nymutsuki,sayane,sshiroko,marina,tshiroko,iori,hoshino,sayane,sshiroko,1,yellow,yellow,tank,sg,front,2,no,yes,yes,self,4,7.63,no,no,111386,4757,2792,0.6262,7077,615,246,505,520,2.0,1.0,1948,0.8608,350,100,100,0.0,1.0,200,0.0,0,8,1,shoes,bag,amulet,blue,blue,dealer,ar,middle,0,yes,yes,no,,3,3.33,no,no,69289,6276,108,0.0609,5932,709,1239,733,100,2.46,0.5,1380,0.7798,650,100,100,0.35,1.0,200,0.0,0,15,3,hat,badge,wristwatch,red,red,tank,sg,front,1,no,yes,no,,4,5.67,no,no,150581,3216,2700,0.6183,5596,593,237,497,520,2.0,0.8,2020,0.8689,350,100,100,0.0,1.0,200,0.0,0,8,1,shoes,bag,amulet,blue,yellow,dealer,mg,back,1,no,yes,no,,2,4.67,no,no,62027,11562,418,0.2005,5939,324,640,1189,100,2.26,0.5,1328,0.7704,750,100,100,0.35,1.0,200,0.0,684,25,5,gloves,badge,wristwatch,yellow,red,tank,smg,front,1,yes,yes,no,,3,8.83,no,no,134170,3913,148,0.0816,6197,109,2219,518,520,2.0,0.8,1264,0.7583,350,100,100,0.35,1.0,200,0.0,0,20,4,shoes,badge,amulet,blue,blue,dealer,ar,middle,0,yes,yes,no,,3,3.33,no,no,69289,6276,108,0.0609,5932,709,1239,733,100,2.46,0.5,1380,0.7798,650,100,100,0.35,1.0,200,0.0,0,15,3,hat,badge,wristwatch,yellow,yellow,dealer,sr,back,1,no,yes,no,,3,7.33,no,no,52713,8067,113,0.0635,5497,1491,194,824,100,2.46,0.5,2056,0.8728,650,100,136,0.0,1.0,200,0.0,0,5,1,hat,hairpin,wristwatch,yellow,yellow,tank,sg,front,2,no,yes,yes,self,4,7.63,no,no,111386,4757,2792,0.6262,7077,615,246,505,520,2.0,1.0,1948,0.8608,350,100,100,0.0,1.0,200,0.0,0,8,1,shoes,bag,amulet,yellow,red,support,1,no,yes,no,,4,14.53,no,46530,7493,1804,8526,1160,191,1241,2.26,2194,0.8869,100,100,0.0,1.0,gloves,bag,wristwatch,blue,support,2,yes,no,,3,4.93,yes,43517,8150,2060,8069,660,786,734,2.46,1582,0.8127,100,100,0.0,1.0,hat,bag,wristwatch,yellow,red,support,1,no,yes,no,4,14.53,no,46530,7493,1804,8526,1160,191,1241,2.26,2194,0.8869,100,100,0.0,1.0,gloves,bag,wristwatch,blue,support,2,yes,no,3,4.93,yes,43517,8150,2060,8069,660,786,734,2.46,1582,0.8127,100,100,0.0,1.0,hat,bag,wristwatch,1.0,0.3,1.1,0.45,1.1,0.45,1.0,0.3,1.3,0.75,1.1,0.45,1.3,0.75,1.0,0.3,1.0,0.3,0.8,0.0,1.0,0.3,0.8,0.0,20,3.333333333333333,0.816496580927726,20,3.333333333333333,0.5163977794943222,0,0.0,-0.3000988014334038,40.760000000000005,6.793333333333334,4.044579912261182,46.58,7.763333333333333,3.868160630928693,5.819999999999993,0.9699999999999988,-0.1764192813324889,483330,80555.0,42080.67215717924,457605,76267.5,37805.916567384,-25725,-4287.5,-4274.755589795233,41454,6909.0,2905.222469966801,38656,6442.666666666667,1784.6629560414667,-2798,-466.333333333333,-1120.5595139253342,9882,1647.0,1139.650297240342,7025,1170.8333333333333,1192.854796975167,-2857,-476.16666666666674,53.20449973482482,41139,6856.5,1232.1829003845169,41298,6883.0,1219.8093293625852,159,26.5,-12.37357102193164,4061,676.8333333333334,272.07015026765924,4744,790.6666666666666,478.77872411654494,683,113.83333333333326,206.7085738488857,3339,556.5,414.1327081987125,4875,812.5,806.2969056123185,1536,256.0,392.164197413606,4899,816.5,326.14337338048125,4555,759.1666666666666,268.494630610496,-344,-57.33333333333337,-57.64874276998529,0.5,0.5,0.5,0.5,0.25,0.5,0.25,0.25,0.5,0.25,29.207609251213903,21.193893403441685,14.167518904177514,24.0255150304814,22.055838763926847,19.798139738687063,28.743936567164177,10.746680937554055,22.148634147328625,20.33614900183304,-1.8124851454955893,15.25281929801148,16.320598159509203,15.786708728760342,14.002352195382358,15.245782208588956,14.624067201985657,-1.162641526774685
reisa,tshiroko,marina,shun,sayane,sshiroko,marina,tshiroko,iori,hoshino,sayane,sshiroko,0,yellow,yellow,tank,sg,front,1,no,yes,yes,self,3,4.93,no,yes,122892,5025,2597,0.6091,8080,655,217,518,520,2.0,0.8,1812,0.8444,350,100,100,0.0,1.0,200,0.0,0,8,2,shoes,bag,amulet,blue,blue,dealer,ar,middle,0,yes,yes,no,,3,3.33,no,no,69289,6276,108,0.0609,5932,709,1239,733,100,2.46,0.5,1380,0.7798,650,100,100,0.35,1.0,200,0.0,0,15,3,hat,badge,wristwatch,yellow,red,tank,smg,front,1,yes,yes,no,,3,8.83,no,no,134170,3913,148,0.0816,6197,109,2219,518,520,2.0,0.8,1264,0.7583,350,100,100,0.35,1.0,200,0.0,0,20,4,shoes,badge,amulet,red,red,dealer,sr,back,1,no,yes,no,,3,2.47,yes,no,46867,10930,108,0.0609,5715,1128,201,1382,100,2.26,0.5,1980,0.8644,750,100,136,0.0,1.0,200,0.0,0,20,1,gloves,hairpin,wristwatch,yellow,red,tank,smg,front,1,yes,yes,no,,3,8.83,no,no,134170,3913,148,0.0816,6197,109,2219,518,520,2.0,0.8,1264,0.7583,350,100,100,0.35,1.0,200,0.0,0,20,4,shoes,badge,amulet,blue,blue,dealer,ar,middle,0,yes,yes,no,,3,3.33,no,no,69289,6276,108,0.0609,5932,709,1239,733,100,2.46,0.5,1380,0.7798,650,100,100,0.35,1.0,200,0.0,0,15,3,hat,badge,wristwatch,yellow,yellow,dealer,sr,back,1,no,yes,no,,3,7.33,no,no,52713,8067,113,0.0635,5497,1491,194,824,100,2.46,0.5,2056,0.8728,650,100,136,0.0,1.0,200,0.0,0,5,1,hat,hairpin,wristwatch,yellow,yellow,tank,sg,front,2,no,yes,yes,self,4,7.63,no,no,111386,4757,2792,0.6262,7077,615,246,505,520,2.0,1.0,1948,0.8608,350,100,100,0.0,1.0,200,0.0,0,8,1,shoes,bag,amulet,yellow,red,support,1,no,yes,no,,4,14.53,no,46530,7493,1804,8526,1160,191,1241,2.26,2194,0.8869,100,100,0.0,1.0,gloves,bag,wristwatch,blue,support,2,yes,no,,3,4.93,yes,43517,8150,2060,8069,660,786,734,2.46,1582,0.8127,100,100,0.0,1.0,hat,bag,wristwatch,yellow,red,support,1,no,yes,no,4,14.53,no,46530,7493,1804,8526,1160,191,1241,2.26,2194,0.8869,100,100,0.0,1.0,gloves,bag,wristwatch,blue,support,2,yes,no,3,4.93,yes,43517,8150,2060,8069,660,786,734,2.46,1582,0.8127,100,100,0.0,1.0,hat,bag,wristwatch,1.3,0.75,1.1,0.45,1.3,0.75,0.8,0.0,1.3,0.75,1.1,0.45,1.3,0.75,1.0,0.3,1.0,0.3,0.8,0.0,1.0,0.3,0.8,0.0,19,3.1666666666666665,0.408248290463863,20,3.333333333333333,0.5163977794943222,1,0.1666666666666669,0.1081494890304591,39.02,6.503333333333333,4.497317719115102,46.58,7.763333333333333,3.868160630928693,7.560000000000002,1.2599999999999998,-0.6291570881864095,463265,77210.83333333333,40966.34535526286,457605,76267.5,37805.916567384,-5660,-943.3333333333284,-3160.42878787886,41787,6964.5,2488.262747380188,38656,6442.666666666667,1784.6629560414667,-3131,-521.833333333333,-703.5997913387209,6825,1137.5,1142.2976407224169,7025,1170.8333333333333,1192.854796975167,200,33.33333333333326,50.55715625275002,42519,7086.5,1267.2491073186834,41298,6883.0,1219.8093293625852,-1221,-203.5,-47.43977795609817,4421,736.8333333333334,384.6117089567954,4744,790.6666666666666,478.77872411654494,323,53.83333333333326,94.16701515974955,4853,808.8333333333334,809.3924676364777,4875,812.5,806.2969056123185,22,3.6666666666666288,-3.095562024159221,5126,854.3333333333334,369.6986159923603,4555,759.1666666666666,268.494630610496,-571,-95.16666666666674,-101.20398538186436,0.5,0.5,0.5,0.5,0.25,0.5,0.25,0.25,0.5,0.25,31.48536928188091,18.38215025493945,15.272375108466592,25.89914862308177,20.87952736318408,19.798139738687063,26.813090978788654,8.457502287282708,22.759760817092182,18.98706509198563,-3.772695725106552,16.442312825303617,14.15538343558282,15.298848130443218,14.002352195382358,15.245782208588956,14.624067201985657,-0.6747809284575617
reisa,tshiroko,marina,shun,sayane,sshiroko,marina,tshiroko,iori,hoshino,sayane,sshiroko,0,yellow,yellow,tank,sg,front,1,no,yes,yes,self,3,4.93,no,yes,122892,5025,2597,0.6091,8080,655,217,518,520,2.0,0.8,1812,0.8444,350,100,100,0.0,1.0,200,0.0,0,8,2,shoes,bag,amulet,blue,blue,dealer,ar,middle,0,yes,yes,no,,3,3.33,no,no,69289,6276,108,0.0609,5932,709,1239,733,100,2.46,0.5,1380,0.7798,650,100,100,0.35,1.0,200,0.0,0,15,3,hat,badge,wristwatch,yellow,red,tank,smg,front,1,yes,yes,no,,3,8.83,no,no,134170,3913,148,0.0816,6197,109,2219,518,520,2.0,0.8,1264,0.7583,350,100,100,0.35,1.0,200,0.0,0,20,4,shoes,badge,amulet,red,red,dealer,sr,back,1,no,yes,no,,3,2.47,yes,no,46867,10930,108,0.0609,5715,1128,201,1382,100,2.26,0.5,1980,0.8644,750,100,136,0.0,1.0,200,0.0,0,20,1,gloves,hairpin,wristwatch,yellow,red,tank,smg,front,1,yes,yes,no,,3,8.83,no,no,134170,3913,148,0.0816,6197,109,2219,518,520,2.0,0.8,1264,0.7583,350,100,100,0.35,1.0,200,0.0,0,20,4,shoes,badge,amulet,blue,blue,dealer,ar,middle,0,yes,yes,no,,3,3.33,no,no,69289,6276,108,0.0609,5932,709,1239,733,100,2.46,0.5,1380,0.7798,650,100,100,0.35,1.0,200,0.0,0,15,3,hat,badge,wristwatch,yellow,yellow,dealer,sr,back,1,no,yes,no,,3,7.33,no,no,52713,8067,113,0.0635,5497,1491,194,824,100,2.46,0.5,2056,0.8728,650,100,136,0.0,1.0,200,0.0,0,5,1,hat,hairpin,wristwatch,yellow,yellow,tank,sg,front,2,no,yes,yes,self,4,7.63,no,no,111386,4757,2792,0.6262,7077,615,246,505,520,2.0,1.0,1948,0.8608,350,100,100,0.0,1.0,200,0.0,0,8,1,shoes,bag,amulet,yellow,red,support,1,no,yes,no,,4,14.53,no,46530,7493,1804,8526,1160,191,1241,2.26,2194,0.8869,100,100,0.0,1.0,gloves,bag,wristwatch,blue,support,2,yes,no,,3,4.93,yes,43517,8150,2060,8069,660,786,734,2.46,1582,0.8127,100,100,0.0,1.0,hat,bag,wristwatch,yellow,red,support,1,no,yes,no,4,14.53,no,46530,7493,1804,8526,1160,191,1241,2.26,2194,0.8869,100,100,0.0,1.0,gloves,bag,wristwatch,blue,support,2,yes,no,3,4.93,yes,43517,8150,2060,8069,660,786,734,2.46,1582,0.8127,100,100,0.0,1.0,hat,bag,wristwatch,1.3,0.75,1.1,0.45,1.3,0.75,0.8,0.0,1.3,0.75,1.1,0.45,1.3,0.75,1.0,0.3,1.0,0.3,0.8,0.0,1.0,0.3,0.8,0.0,19,3.1666666666666665,0.408248290463863,20,3.333333333333333,0.5163977794943222,1,0.1666666666666669,0.1081494890304591,39.02,6.503333333333333,4.497317719115102,46.58,7.763333333333333,3.868160630928693,7.560000000000002,1.2599999999999998,-0.6291570881864095,463265,77210.83333333333,40966.34535526286,457605,76267.5,37805.916567384,-5660,-943.3333333333284,-3160.42878787886,41787,6964.5,2488.262747380188,38656,6442.666666666667,1784.6629560414667,-3131,-521.833333333333,-703.5997913387209,6825,1137.5,1142.2976407224169,7025,1170.8333333333333,1192.854796975167,200,33.33333333333326,50.55715625275002,42519,7086.5,1267.2491073186834,41298,6883.0,1219.8093293625852,-1221,-203.5,-47.43977795609817,4421,736.8333333333334,384.6117089567954,4744,790.6666666666666,478.77872411654494,323,53.83333333333326,94.16701515974955,4853,808.8333333333334,809.3924676364777,4875,812.5,806.2969056123185,22,3.6666666666666288,-3.095562024159221,5126,854.3333333333334,369.6986159923603,4555,759.1666666666666,268.494630610496,-571,-95.16666666666674,-101.20398538186436,0.5,0.5,0.5,0.5,0.25,0.5,0.25,0.25,0.5,0.25,31.48536928188091,18.38215025493945,15.272375108466592,25.89914862308177,20.87952736318408,19.798139738687063,26.813090978788654,8.457502287282708,22.759760817092182,18.98706509198563,-3.772695725106552,16.442312825303617,14.15538343558282,15.298848130443218,14.002352195382358,15.245782208588956,14.624067201985657,-0.6747809284575617
reisa,tshiroko,marina,shun,sayane,sshiroko,marina,tshiroko,iori,hoshino,sayane,sshiroko,1,yellow,yellow,tank,sg,front,1,no,yes,yes,self,3,4.93,no,yes,122892,5025,2597,0.6091,8080,655,217,518,520,2.0,0.8,1812,0.8444,350,100,100,0.0,1.0,200,0.0,0,8,2,shoes,bag,amulet,blue,blue,dealer,ar,middle,0,yes,yes,no,,3,3.33,no,no,69289,6276,108,0.0609,5932,709,1239,733,100,2.46,0.5,1380,0.7798,650,100,100,0.35,1.0,200,0.0,0,15,3,hat,badge,wristwatch,yellow,red,tank,smg,front,1,yes,yes,no,,3,8.83,no,no,134170,3913,148,0.0816,6197,109,2219,518,520,2.0,0.8,1264,0.7583,350,100,100,0.35,1.0,200,0.0,0,20,4,shoes,badge,amulet,red,red,dealer,sr,back,1,no,yes,no,,3,2.47,yes,no,46867,10930,108,0.0609,5715,1128,201,1382,100,2.26,0.5,1980,0.8644,750,100,136,0.0,1.0,200,0.0,0,20,1,gloves,hairpin,wristwatch,yellow,red,tank,smg,front,1,yes,yes,no,,3,8.83,no,no,134170,3913,148,0.0816,6197,109,2219,518,520,2.0,0.8,1264,0.7583,350,100,100,0.35,1.0,200,0.0,0,20,4,shoes,badge,amulet,blue,blue,dealer,ar,middle,0,yes,yes,no,,3,3.33,no,no,69289,6276,108,0.0609,5932,709,1239,733,100,2.46,0.5,1380,0.7798,650,100,100,0.35,1.0,200,0.0,0,15,3,hat,badge,wristwatch,yellow,yellow,dealer,sr,back,1,no,yes,no,,3,7.33,no,no,52713,8067,113,0.0635,5497,1491,194,824,100,2.46,0.5,2056,0.8728,650,100,136,0.0,1.0,200,0.0,0,5,1,hat,hairpin,wristwatch,yellow,yellow,tank,sg,front,2,no,yes,yes,self,4,7.63,no,no,111386,4757,2792,0.6262,7077,615,246,505,520,2.0,1.0,1948,0.8608,350,100,100,0.0,1.0,200,0.0,0,8,1,shoes,bag,amulet,yellow,red,support,1,no,yes,no,,4,14.53,no,46530,7493,1804,8526,1160,191,1241,2.26,2194,0.8869,100,100,0.0,1.0,gloves,bag,wristwatch,blue,support,2,yes,no,,3,4.93,yes,43517,8150,2060,8069,660,786,734,2.46,1582,0.8127,100,100,0.0,1.0,hat,bag,wristwatch,yellow,red,support,1,no,yes,no,4,14.53,no,46530,7493,1804,8526,1160,191,1241,2.26,2194,0.8869,100,100,0.0,1.0,gloves,bag,wristwatch,blue,support,2,yes,no,3,4.93,yes,43517,8150,2060,8069,660,786,734,2.46,1582,0.8127,100,100,0.0,1.0,hat,bag,wristwatch,1.3,0.75,1.1,0.45,1.3,0.75,0.8,0.0,1.3,0.75,1.1,0.45,1.3,0.75,1.0,0.3,1.0,0.3,0.8,0.0,1.0,0.3,0.8,0.0,19,3.1666666666666665,0.408248290463863,20,3.333333333333333,0.5163977794943222,1,0.1666666666666669,0.1081494890304591,39.02,6.503333333333333,4.497317719115102,46.58,7.763333333333333,3.868160630928693,7.560000000000002,1.2599999999999998,-0.6291570881864095,463265,77210.83333333333,40966.34535526286,457605,76267.5,37805.916567384,-5660,-943.3333333333284,-3160.42878787886,41787,6964.5,2488.262747380188,38656,6442.666666666667,1784.6629560414667,-3131,-521.833333333333,-703.5997913387209,6825,1137.5,1142.2976407224169,7025,1170.8333333333333,1192.854796975167,200,33.33333333333326,50.55715625275002,42519,7086.5,1267.2491073186834,41298,6883.0,1219.8093293625852,-1221,-203.5,-47.43977795609817,4421,736.8333333333334,384.6117089567954,4744,790.6666666666666,478.77872411654494,323,53.83333333333326,94.16701515974955,4853,808.8333333333334,809.3924676364777,4875,812.5,806.2969056123185,22,3.6666666666666288,-3.095562024159221,5126,854.3333333333334,369.6986159923603,4555,759.1666666666666,268.494630610496,-571,-95.16666666666674,-101.20398538186436,0.5,0.5,0.5,0.5,0.25,0.5,0.25,0.25,0.5,0.25,31.48536928188091,18.38215025493945,15.272375108466592,25.89914862308177,20.87952736318408,19.798139738687063,26.813090978788654,8.457502287282708,22.759760817092182,18.98706509198563,-3.772695725106552,16.442312825303617,14.15538343558282,15.298848130443218,14.002352195382358,15.245782208588956,14.624067201985657,-0.6747809284575617
reisa,tshiroko,marina,hoshino,sayane,sshiroko,marina,tshiroko,iori,hoshino,sayane,sshiroko,0,yellow,yellow,tank,sg,front,1,no,yes,yes,self,3,4.93,no,yes,122892,5025,2597,0.6091,8080,655,217,518,520,2.0,0.8,1812,0.8444,350,100,100,0.0,1.0,200,0.0,0,8,2,shoes,bag,amulet,blue,blue,dealer,ar,middle,0,yes,yes,no,,3,3.33,no,no,69289,6276,108,0.0609,5932,709,1239,733,100,2.46,0.5,1380,0.7798,650,100,100,0.35,1.0,200,0.0,0,15,3,hat,badge,wristwatch,yellow,red,tank,smg,front,1,yes,yes,no,,3,8.83,no,no,134170,3913,148,0.0816,6197,109,2219,518,520,2.0,0.8,1264,0.7583,350,100,100,0.35,1.0,200,0.0,0,20,4,shoes,badge,amulet,yellow,yellow,tank,sg,front,2,no,yes,yes,self,4,7.63,no,no,111386,4757,2792,0.6262,7077,615,246,505,520,2.0,1.0,1948,0.8608,350,100,100,0.0,1.0,200,0.0,0,8,1,shoes,bag,amulet,yellow,red,tank,smg,front,1,yes,yes,no,,3,8.83,no,no,134170,3913,148,0.0816,6197,109,2219,518,520,2.0,0.8,1264,0.7583,350,100,100,0.35,1.0,200,0.0,0,20,4,shoes,badge,amulet,blue,blue,dealer,ar,middle,0,yes,yes,no,,3,3.33,no,no,69289,6276,108,0.0609,5932,709,1239,733,100,2.46,0.5,1380,0.7798,650,100,100,0.35,1.0,200,0.0,0,15,3,hat,badge,wristwatch,yellow,yellow,dealer,sr,back,1,no,yes,no,,3,7.33,no,no,52713,8067,113,0.0635,5497,1491,194,824,100,2.46,0.5,2056,0.8728,650,100,136,0.0,1.0,200,0.0,0,5,1,hat,hairpin,wristwatch,yellow,yellow,tank,sg,front,2,no,yes,yes,self,4,7.63,no,no,111386,4757,2792,0.6262,7077,615,246,505,520,2.0,1.0,1948,0.8608,350,100,100,0.0,1.0,200,0.0,0,8,1,shoes,bag,amulet,yellow,red,support,1,no,yes,no,,4,14.53,no,46530,7493,1804,8526,1160,191,1241,2.26,2194,0.8869,100,100,0.0,1.0,gloves,bag,wristwatch,blue,support,2,yes,no,,3,4.93,yes,43517,8150,2060,8069,660,786,734,2.46,1582,0.8127,100,100,0.0,1.0,hat,bag,wristwatch,yellow,red,support,1,no,yes,no,4,14.53,no,46530,7493,1804,8526,1160,191,1241,2.26,2194,0.8869,100,100,0.0,1.0,gloves,bag,wristwatch,blue,support,2,yes,no,3,4.93,yes,43517,8150,2060,8069,660,786,734,2.46,1582,0.8127,100,100,0.0,1.0,hat,bag,wristwatch,1.3,0.75,1.1,0.45,1.3,0.75,1.0,0.3,1.3,0.75,1.1,0.45,1.3,0.75,1.0,0.3,1.0,0.3,0.8,0.0,1.0,0.3,0.8,0.0,20,3.333333333333333,0.5163977794943222,20,3.333333333333333,0.5163977794943222,0,0.0,0.0,44.18,7.363333333333333,4.042111659351664,46.58,7.763333333333333,3.868160630928693,2.3999999999999986,0.3999999999999994,-0.1739510284229712,527784,87964.0,39861.30327523173,457605,76267.5,37805.916567384,-70179,-11696.5,-2055.386707847727,35614,5935.666666666667,1658.561746413641,38656,6442.666666666667,1784.6629560414667,3042,507.0,126.10120962782572,9509,1584.8333333333333,1183.3069621474667,7025,1170.8333333333333,1192.854796975167,-2484,-414.0,9.547834827700171,43881,7313.5,1080.6947302545711,41298,6883.0,1219.8093293625852,-2583,-430.5,139.1145991080141,3908,651.3333333333334,333.94650270165533,4744,790.6666666666666,478.77872411654494,836,139.33333333333326,144.8322214148896,4898,816.3333333333334,802.8154623988421,4875,812.5,806.2969056123185,-23,-3.8333333333333712,3.481443213476382,4249,708.1666666666666,282.4177166302898,4555,759.1666666666666,268.494630610496,306,51.0,-13.923086019793857,0.25,0.75,0.5,0.5,0.0,0.75,0.25,0.25,0.5,0.25,29.05494505494506,25.38920092415551,14.093467212098671,23.89993693504309,20.87952736318408,19.798139738687063,26.813090978788654,22.055838763926847,23.109387531560586,22.38664921114666,-0.7227383204139244,15.17309488856266,19.551242331288343,17.3621686099255,14.002352195382358,15.245782208588956,14.624067201985657,-2.738101407939844
reisa,tshiroko,marina,hoshino,sayane,sshiroko,marina,tshiroko,iori,hoshino,sayane,sshiroko,0,yellow,yellow,tank,sg,front,1,no,yes,yes,self,3,4.93,no,yes,122892,5025,2597,0.6091,8080,655,217,518,520,2.0,0.8,1812,0.8444,350,100,100,0.0,1.0,200,0.0,0,8,2,shoes,bag,amulet,blue,blue,dealer,ar,middle,0,yes,yes,no,,3,3.33,no,no,69289,6276,108,0.0609,5932,709,1239,733,100,2.46,0.5,1380,0.7798,650,100,100,0.35,1.0,200,0.0,0,15,3,hat,badge,wristwatch,yellow,red,tank,smg,front,1,yes,yes,no,,3,8.83,no,no,134170,3913,148,0.0816,6197,109,2219,518,520,2.0,0.8,1264,0.7583,350,100,100,0.35,1.0,200,0.0,0,20,4,shoes,badge,amulet,yellow,yellow,tank,sg,front,2,no,yes,yes,self,4,7.63,no,no,111386,4757,2792,0.6262,7077,615,246,505,520,2.0,1.0,1948,0.8608,350,100,100,0.0,1.0,200,0.0,0,8,1,shoes,bag,amulet,yellow,red,tank,smg,front,1,yes,yes,no,,3,8.83,no,no,134170,3913,148,0.0816,6197,109,2219,518,520,2.0,0.8,1264,0.7583,350,100,100,0.35,1.0,200,0.0,0,20,4,shoes,badge,amulet,blue,blue,dealer,ar,middle,0,yes,yes,no,,3,3.33,no,no,69289,6276,108,0.0609,5932,709,1239,733,100,2.46,0.5,1380,0.7798,650,100,100,0.35,1.0,200,0.0,0,15,3,hat,badge,wristwatch,yellow,yellow,dealer,sr,back,1,no,yes,no,,3,7.33,no,no,52713,8067,113,0.0635,5497,1491,194,824,100,2.46,0.5,2056,0.8728,650,100,136,0.0,1.0,200,0.0,0,5,1,hat,hairpin,wristwatch,yellow,yellow,tank,sg,front,2,no,yes,yes,self,4,7.63,no,no,111386,4757,2792,0.6262,7077,615,246,505,520,2.0,1.0,1948,0.8608,350,100,100,0.0,1.0,200,0.0,0,8,1,shoes,bag,amulet,yellow,red,support,1,no,yes,no,,4,14.53,no,46530,7493,1804,8526,1160,191,1241,2.26,2194,0.8869,100,100,0.0,1.0,gloves,bag,wristwatch,blue,support,2,yes,no,,3,4.93,yes,43517,8150,2060,8069,660,786,734,2.46,1582,0.8127,100,100,0.0,1.0,hat,bag,wristwatch,yellow,red,support,1,no,yes,no,4,14.53,no,46530,7493,1804,8526,1160,191,1241,2.26,2194,0.8869,100,100,0.0,1.0,gloves,bag,wristwatch,blue,support,2,yes,no,3,4.93,yes,43517,8150,2060,8069,660,786,734,2.46,1582,0.8127,100,100,0.0,1.0,hat,bag,wristwatch,1.3,0.75,1.1,0.45,1.3,0.75,1.0,0.3,1.3,0.75,1.1,0.45,1.3,0.75,1.0,0.3,1.0,0.3,0.8,0.0,1.0,0.3,0.8,0.0,20,3.333333333333333,0.5163977794943222,20,3.333333333333333,0.5163977794943222,0,0.0,0.0,44.18,7.363333333333333,4.042111659351664,46.58,7.763333333333333,3.868160630928693,2.3999999999999986,0.3999999999999994,-0.1739510284229712,527784,87964.0,39861.30327523173,457605,76267.5,37805.916567384,-70179,-11696.5,-2055.386707847727,35614,5935.666666666667,1658.561746413641,38656,6442.666666666667,1784.6629560414667,3042,507.0,126.10120962782572,9509,1584.8333333333333,1183.3069621474667,7025,1170.8333333333333,1192.854796975167,-2484,-414.0,9.547834827700171,43881,7313.5,1080.6947302545711,41298,6883.0,1219.8093293625852,-2583,-430.5,139.1145991080141,3908,651.3333333333334,333.94650270165533,4744,790.6666666666666,478.77872411654494,836,139.33333333333326,144.8322214148896,4898,816.3333333333334,802.8154623988421,4875,812.5,806.2969056123185,-23,-3.8333333333333712,3.481443213476382,4249,708.1666666666666,282.4177166302898,4555,759.1666666666666,268.494630610496,306,51.0,-13.923086019793857,0.25,0.75,0.5,0.5,0.0,0.75,0.25,0.25,0.5,0.25,29.05494505494506,25.38920092415551,14.093467212098671,23.89993693504309,20.87952736318408,19.798139738687063,26.813090978788654,22.055838763926847,23.109387531560586,22.38664921114666,-0.7227383204139244,15.17309488856266,19.551242331288343,17.3621686099255,14.002352195382358,15.245782208588956,14.624067201985657,-2.738101407939844
tshiroko,iori,shun,hoshino,nagisa,sshiroko,marina,tshiroko,iori,hoshino,sayane,sshiroko,1,blue,blue,dealer,ar,middle,0,yes,yes,no,,3,3.33,no,no,69289,6276,108,0.0609,5932,709,1239,733,100,2.46,0.5,1380,0.7798,650,100,100,0.35,1.0,200,0.0,0,15,3,hat,badge,wristwatch,yellow,yellow,dealer,sr,back,1,no,yes,no,,3,7.33,no,no,52713,8067,113,0.0635,5497,1491,194,824,100,2.46,0.5,2056,0.8728,650,100,136,0.0,1.0,200,0.0,0,5,1,hat,hairpin,wristwatch,red,red,dealer,sr,back,1,no,yes,no,,3,2.47,yes,no,46867,10930,108,0.0609,5715,1128,201,1382,100,2.26,0.5,1980,0.8644,750,100,136,0.0,1.0,200,0.0,0,20,1,gloves,hairpin,wristwatch,yellow,yellow,tank,sg,front,2,no,yes,yes,self,4,7.63,no,no,111386,4757,2792,0.6262,7077,615,246,505,520,2.0,1.0,1948,0.8608,350,100,100,0.0,1.0,200,0.0,0,8,1,shoes,bag,amulet,yellow,red,tank,smg,front,1,yes,yes,no,,3,8.83,no,no,134170,3913,148,0.0816,6197,109,2219,518,520,2.0,0.8,1264,0.7583,350,100,100,0.35,1.0,200,0.0,0,20,4,shoes,badge,amulet,blue,blue,dealer,ar,middle,0,yes,yes,no,,3,3.33,no,no,69289,6276,108,0.0609,5932,709,1239,733,100,2.46,0.5,1380,0.7798,650,100,100,0.35,1.0,200,0.0,0,15,3,hat,badge,wristwatch,yellow,yellow,dealer,sr,back,1,no,yes,no,,3,7.33,no,no,52713,8067,113,0.0635,5497,1491,194,824,100,2.46,0.5,2056,0.8728,650,100,136,0.0,1.0,200,0.0,0,5,1,hat,hairpin,wristwatch,yellow,yellow,tank,sg,front,2,no,yes,yes,self,4,7.63,no,no,111386,4757,2792,0.6262,7077,615,246,505,520,2.0,1.0,1948,0.8608,350,100,100,0.0,1.0,200,0.0,0,8,1,shoes,bag,amulet,red,,support,1,,yes,yes,one,3,6.83,no,44099,7734,2061,11519,759,977,682,2.46,1132,0.731,100,100,0.0,1.0,hat,bag,wristwatch,blue,support,2,yes,no,,3,4.93,yes,43517,8150,2060,8069,660,786,734,2.46,1582,0.8127,100,100,0.0,1.0,hat,bag,wristwatch,yellow,red,support,1,no,yes,no,4,14.53,no,46530,7493,1804,8526,1160,191,1241,2.26,2194,0.8869,100,100,0.0,1.0,gloves,bag,wristwatch,blue,support,2,yes,no,3,4.93,yes,43517,8150,2060,8069,660,786,734,2.46,1582,0.8127,100,100,0.0,1.0,hat,bag,wristwatch,1.1,0.45,1.3,0.75,0.8,0.0,1.0,0.3,1.3,0.75,1.1,0.45,1.3,0.75,1.0,0.3,1.3,0.75,0.8,0.0,1.0,0.3,0.8,0.0,19,3.1666666666666665,0.4082482904638629,20,3.333333333333333,0.5163977794943222,1,0.1666666666666669,0.1081494890304592,32.52,5.420000000000001,2.183162843216236,46.58,7.763333333333333,3.868160630928693,14.059999999999995,2.343333333333332,1.684997787712457,367871,61311.833333333336,26330.925638242697,457605,76267.5,37805.916567384,89734,14955.666666666664,11474.990929141306,45914,7652.333333333333,2071.0691602809084,38656,6442.666666666667,1784.6629560414667,-7258,-1209.666666666666,-286.40620423944165,7242,1207.0,1231.3884845977732,7025,1170.8333333333333,1192.854796975167,-217,-36.16666666666674,-38.53368762260629,43809,7301.5,2283.659147070771,41298,6883.0,1219.8093293625852,-2511,-418.5,-1063.8498177081856,5362,893.6666666666666,345.3147356639544,4744,790.6666666666666,478.77872411654494,-618,-103.0,133.46398845259057,3643,607.1666666666666,454.77265382459694,4875,812.5,806.2969056123185,1232,205.33333333333337,351.52425178772154,4860,810.0,299.4975792890487,4555,759.1666666666666,268.494630610496,-305,-50.83333333333337,-31.00294867855274,0.75,0.25,0.5,0.5,0.5,0.25,0.25,0.25,0.5,0.25,15.657583695374392,16.320486775015933,7.594908268253379,12.879572209375656,19.798139738687063,13.006027643485806,8.457502287282708,22.055838763926847,13.11313773700484,15.829377108345604,2.716239371340764,8.176714933938342,12.567776073619632,10.372245503778986,11.952482544608223,15.245782208588956,13.59913237659859,3.226886872819604
reisa,hoshino,marina,tshiroko,saki,sshiroko,marina,tshiroko,iori,hoshino,sayane,sshiroko,0,yellow,yellow,tank,sg,front,1,no,yes,yes,self,3,4.93,no,yes,122892,5025,2597,0.6091,8080,655,217,518,520,2.0,0.8,1812,0.8444,350,100,100,0.0,1.0,200,0.0,0,8,2,shoes,bag,amulet,yellow,yellow,tank,sg,front,2,no,yes,yes,self,4,7.63,no,no,111386,4757,2792,0.6262,7077,615,246,505,520,2.0,1.0,1948,0.8608,350,100,100,0.0,1.0,200,0.0,0,8,1,shoes,bag,amulet,yellow,red,tank,smg,front,1,yes,yes,no,,3,8.83,no,no,134170,3913,148,0.0816,6197,109,2219,518,520,2.0,0.8,1264,0.7583,350,100,100,0.35,1.0,200,0.0,0,20,4,shoes,badge,amulet,blue,blue,dealer,ar,middle,0,yes,yes,no,,3,3.33,no,no,69289,6276,108,0.0609,5932,709,1239,733,100,2.46,0.5,1380,0.7798,650,100,100,0.35,1.0,200,0.0,0,15,3,hat,badge,wristwatch,yellow,red,tank,smg,front,1,yes,yes,no,,3,8.83,no,no,134170,3913,148,0.0816,6197,109,2219,518,520,2.0,0.8,1264,0.7583,350,100,100,0.35,1.0,200,0.0,0,20,4,shoes,badge,amulet,blue,blue,dealer,ar,middle,0,yes,yes,no,,3,3.33,no,no,69289,6276,108,0.0609,5932,709,1239,733,100,2.46,0.5,1380,0.7798,650,100,100,0.35,1.0,200,0.0,0,15,3,hat,badge,wristwatch,yellow,yellow,dealer,sr,back,1,no,yes,no,,3,7.33,no,no,52713,8067,113,0.0635,5497,1491,194,824,100,2.46,0.5,2056,0.8728,650,100,136,0.0,1.0,200,0.0,0,5,1,hat,hairpin,wristwatch,yellow,yellow,tank,sg,front,2,no,yes,yes,self,4,7.63,no,no,111386,4757,2792,0.6262,7077,615,246,505,520,2.0,1.0,1948,0.8608,350,100,100,0.0,1.0,200,0.0,0,8,1,shoes,bag,amulet,yellow,,support,1,,yes,no,,4,7.0,no,41990,8970,2132,11438,101,197,202,2.2,1582,0.8127,186,100,0.0,1.0,hat,bag,necklace,blue,support,2,yes,no,,3,4.93,yes,43517,8150,2060,8069,660,786,734,2.46,1582,0.8127,100,100,0.0,1.0,hat,bag,wristwatch,yellow,red,support,1,no,yes,no,4,14.53,no,46530,7493,1804,8526,1160,191,1241,2.26,2194,0.8869,100,100,0.0,1.0,gloves,bag,wristwatch,blue,support,2,yes,no,3,4.93,yes,43517,8150,2060,8069,660,786,734,2.46,1582,0.8127,100,100,0.0,1.0,hat,bag,wristwatch,1.3,0.75,1.0,0.3,1.3,0.75,1.1,0.45,1.3,0.75,1.1,0.45,1.3,0.75,1.0,0.3,1.0,0.3,0.8,0.0,1.0,0.3,0.8,0.0,20,3.333333333333333,0.5163977794943222,20,3.333333333333333,0.5163977794943222,0,0.0,0.0,36.65,6.108333333333333,2.050077234317446,46.58,7.763333333333333,3.868160630928693,9.93,1.6549999999999994,1.818083396611247,523244,87207.33333333333,40836.29402218897,457605,76267.5,37805.916567384,-65639,-10939.833333333328,-3030.3774548049696,37091,6181.833333333333,2008.603436885108,38656,6442.666666666667,1784.6629560414667,1565,260.83333333333394,-223.94048084364115,9837,1639.5,1202.871855186578,7025,1170.8333333333333,1192.854796975167,-2812,-468.66666666666674,-10.01705821141104,46793,7798.833333333333,1998.3772833643468,41298,6883.0,1219.8093293625852,-5495,-915.833333333333,-778.5679540017616,2849,474.8333333333333,288.0322319926481,4744,790.6666666666666,478.77872411654494,1895,315.8333333333333,190.7464921238968,4904,817.3333333333334,801.8839483782343,4875,812.5,806.2969056123185,-29,-4.833333333333371,4.4129572340841605,3210,535.0,195.53618590941167,4555,759.1666666666666,268.494630610496,1345,224.16666666666663,72.95844470108429,0.25,0.75,0.5,0.5,0.0,0.75,0.25,0.25,0.5,0.25,29.05494505494506,25.38920092415551,14.093467212098677,23.89993693504309,20.87952736318408,22.055838763926847,26.813090978788654,19.798139738687063,23.109387531560586,22.38664921114666,-0.7227383204139244,15.17309488856266,19.551242331288343,17.3621686099255,11.696725195094762,15.245782208588956,13.47125370184186,-3.8909149080836407
reisa,hoshino,marina,tshiroko,saki,sshiroko,marina,tshiroko,iori,hoshino,sayane,sshiroko,1,yellow,yellow,tank,sg,front,1,no,yes,yes,self,3,4.93,no,yes,122892,5025,2597,0.6091,8080,655,217,518,520,2.0,0.8,1812,0.8444,350,100,100,0.0,1.0,200,0.0,0,8,2,shoes,bag,amulet,yellow,yellow,tank,sg,front,2,no,yes,yes,self,4,7.63,no,no,111386,4757,2792,0.6262,7077,615,246,505,520,2.0,1.0,1948,0.8608,350,100,100,0.0,1.0,200,0.0,0,8,1,shoes,bag,amulet,yellow,red,tank,smg,front,1,yes,yes,no,,3,8.83,no,no,134170,3913,148,0.0816,6197,109,2219,518,520,2.0,0.8,1264,0.7583,350,100,100,0.35,1.0,200,0.0,0,20,4,shoes,badge,amulet,blue,blue,dealer,ar,middle,0,yes,yes,no,,3,3.33,no,no,69289,6276,108,0.0609,5932,709,1239,733,100,2.46,0.5,1380,0.7798,650,100,100,0.35,1.0,200,0.0,0,15,3,hat,badge,wristwatch,yellow,red,tank,smg,front,1,yes,yes,no,,3,8.83,no,no,134170,3913,148,0.0816,6197,109,2219,518,520,2.0,0.8,1264,0.7583,350,100,100,0.35,1.0,200,0.0,0,20,4,shoes,badge,amulet,blue,blue,dealer,ar,middle,0,yes,yes,no,,3,3.33,no,no,69289,6276,108,0.0609,5932,709,1239,733,100,2.46,0.5,1380,0.7798,650,100,100,0.35,1.0,200,0.0,0,15,3,hat,badge,wristwatch,yellow,yellow,dealer,sr,back,1,no,yes,no,,3,7.33,no,no,52713,8067,113,0.0635,5497,1491,194,824,100,2.46,0.5,2056,0.8728,650,100,136,0.0,1.0,200,0.0,0,5,1,hat,hairpin,wristwatch,yellow,yellow,tank,sg,front,2,no,yes,yes,self,4,7.63,no,no,111386,4757,2792,0.6262,7077,615,246,505,520,2.0,1.0,1948,0.8608,350,100,100,0.0,1.0,200,0.0,0,8,1,shoes,bag,amulet,yellow,,support,1,,yes,no,,4,7.0,no,41990,8970,2132,11438,101,197,202,2.2,1582,0.8127,186,100,0.0,1.0,hat,bag,necklace,blue,support,2,yes,no,,3,4.93,yes,43517,8150,2060,8069,660,786,734,2.46,1582,0.8127,100,100,0.0,1.0,hat,bag,wristwatch,yellow,red,support,1,no,yes,no,4,14.53,no,46530,7493,1804,8526,1160,191,1241,2.26,2194,0.8869,100,100,0.0,1.0,gloves,bag,wristwatch,blue,support,2,yes,no,3,4.93,yes,43517,8150,2060,8069,660,786,734,2.46,1582,0.8127,100,100,0.0,1.0,hat,bag,wristwatch,1.3,0.75,1.0,0.3,1.3,0.75,1.1,0.45,1.3,0.75,1.1,0.45,1.3,0.75,1.0,0.3,1.0,0.3,0.8,0.0,1.0,0.3,0.8,0.0,20,3.333333333333333,0.5163977794943222,20,3.333333333333333,0.5163977794943222,0,0.0,0.0,36.65,6.108333333333333,2.050077234317446,46.58,7.763333333333333,3.868160630928693,9.93,1.6549999999999994,1.818083396611247,523244,87207.33333333333,40836.29402218897,457605,76267.5,37805.916567384,-65639,-10939.833333333328,-3030.3774548049696,37091,6181.833333333333,2008.603436885108,38656,6442.666666666667,1784.6629560414667,1565,260.83333333333394,-223.94048084364115,9837,1639.5,1202.871855186578,7025,1170.8333333333333,1192.854796975167,-2812,-468.66666666666674,-10.01705821141104,46793,7798.833333333333,1998.3772833643468,41298,6883.0,1219.8093293625852,-5495,-915.833333333333,-778.5679540017616,2849,474.8333333333333,288.0322319926481,4744,790.6666666666666,478.77872411654494,1895,315.8333333333333,190.7464921238968,4904,817.3333333333334,801.8839483782343,4875,812.5,806.2969056123185,-29,-4.833333333333371,4.4129572340841605,3210,535.0,195.53618590941167,4555,759.1666666666666,268.494630610496,1345,224.16666666666663,72.95844470108429,0.25,0.75,0.5,0.5,0.0,0.75,0.25,0.25,0.5,0.25,29.05494505494506,25.38920092415551,14.093467212098677,23.89993693504309,20.87952736318408,22.055838763926847,26.813090978788654,19.798139738687063,23.109387531560586,22.38664921114666,-0.7227383204139244,15.17309488856266,19.551242331288343,17.3621686099255,11.696725195094762,15.245782208588956,13.47125370184186,-3.8909149080836407
tshiroko,marina,shun,hoshino,nagisa,sshiroko,marina,tshiroko,iori,hoshino,sayane,sshiroko,1,blue,blue,dealer,ar,middle,0,yes,yes,no,,3,3.33,no,no,69289,6276,108,0.0609,5932,709,1239,733,100,2.46,0.5,1380,0.7798,650,100,100,0.35,1.0,200,0.0,0,15,3,hat,badge,wristwatch,yellow,red,tank,smg,front,1,yes,yes,no,,3,8.83,no,no,134170,3913,148,0.0816,6197,109,2219,518,520,2.0,0.8,1264,0.7583,350,100,100,0.35,1.0,200,0.0,0,20,4,shoes,badge,amulet,red,red,dealer,sr,back,1,no,yes,no,,3,2.47,yes,no,46867,10930,108,0.0609,5715,1128,201,1382,100,2.26,0.5,1980,0.8644,750,100,136,0.0,1.0,200,0.0,0,20,1,gloves,hairpin,wristwatch,yellow,yellow,tank,sg,front,2,no,yes,yes,self,4,7.63,no,no,111386,4757,2792,0.6262,7077,615,246,505,520,2.0,1.0,1948,0.8608,350,100,100,0.0,1.0,200,0.0,0,8,1,shoes,bag,amulet,yellow,red,tank,smg,front,1,yes,yes,no,,3,8.83,no,no,134170,3913,148,0.0816,6197,109,2219,518,520,2.0,0.8,1264,0.7583,350,100,100,0.35,1.0,200,0.0,0,20,4,shoes,badge,amulet,blue,blue,dealer,ar,middle,0,yes,yes,no,,3,3.33,no,no,69289,6276,108,0.0609,5932,709,1239,733,100,2.46,0.5,1380,0.7798,650,100,100,0.35,1.0,200,0.0,0,15,3,hat,badge,wristwatch,yellow,yellow,dealer,sr,back,1,no,yes,no,,3,7.33,no,no,52713,8067,113,0.0635,5497,1491,194,824,100,2.46,0.5,2056,0.8728,650,100,136,0.0,1.0,200,0.0,0,5,1,hat,hairpin,wristwatch,yellow,yellow,tank,sg,front,2,no,yes,yes,self,4,7.63,no,no,111386,4757,2792,0.6262,7077,615,246,505,520,2.0,1.0,1948,0.8608,350,100,100,0.0,1.0,200,0.0,0,8,1,shoes,bag,amulet,red,,support,1,,yes,yes,one,3,6.83,no,44099,7734,2061,11519,759,977,682,2.46,1132,0.731,100,100,0.0,1.0,hat,bag,wristwatch,blue,support,2,yes,no,,3,4.93,yes,43517,8150,2060,8069,660,786,734,2.46,1582,0.8127,100,100,0.0,1.0,hat,bag,wristwatch,yellow,red,support,1,no,yes,no,4,14.53,no,46530,7493,1804,8526,1160,191,1241,2.26,2194,0.8869,100,100,0.0,1.0,gloves,bag,wristwatch,blue,support,2,yes,no,3,4.93,yes,43517,8150,2060,8069,660,786,734,2.46,1582,0.8127,100,100,0.0,1.0,hat,bag,wristwatch,1.1,0.45,1.3,0.75,0.8,0.0,1.0,0.3,1.3,0.75,1.1,0.45,1.3,0.75,1.0,0.3,1.3,0.75,0.8,0.0,1.0,0.3,0.8,0.0,19,3.1666666666666665,0.4082482904638629,20,3.333333333333333,0.5163977794943222,1,0.1666666666666669,0.1081494890304592,34.02,5.670000000000001,2.5074289621044104,46.58,7.763333333333333,3.868160630928693,12.559999999999995,2.093333333333332,1.3607316688242823,449328,74888.0,38974.5735884307,457605,76267.5,37805.916567384,8277,1379.5,-1168.6570210466962,41760,6960.0,2544.8516656182537,38656,6442.666666666667,1784.6629560414667,-3104,-517.333333333333,-760.188709576787,7277,1212.8333333333333,1225.2370246881485,7025,1170.8333333333333,1192.854796975167,-252,-42.0,-32.3822277129816,44509,7418.166666666667,2188.9508369688588,41298,6883.0,1219.8093293625852,-3211,-535.166666666667,-969.1415076062736,3980,663.3333333333334,327.6538824226972,4744,790.6666666666666,478.77872411654494,764,127.33333333333326,151.1248416938477,5668,944.6666666666666,745.3795453771634,4875,812.5,806.2969056123185,-793,-132.16666666666663,60.91736023515512,4554,759.0,321.8558683634648,4555,759.1666666666666,268.494630610496,1,0.1666666666666287,-53.36123775296886,0.5,0.5,0.5,0.5,0.25,0.5,0.25,0.25,0.5,0.25,31.117812420138,17.465483588272782,15.094087021197472,25.596804708850115,19.798139738687063,26.813090978788654,8.457502287282708,22.055838763926847,22.31854693461459,19.281142942171314,-3.037403992443277,16.250367009208595,13.449493865030677,14.849930437119635,11.952482544608223,15.245782208588956,13.59913237659859,-1.2507980605210456
reisa,tshiroko,shun,marina,sayane,sshiroko,marina,tshiroko,iori,hoshino,sayane,sshiroko,0,yellow,yellow,tank,sg,front,1,no,yes,yes,self,3,4.93,no,yes,122892,5025,2597,0.6091,8080,655,217,518,520,2.0,0.8,1812,0.8444,350,100,100,0.0,1.0,200,0.0,0,8,2,shoes,bag,amulet,blue,blue,dealer,ar,middle,0,yes,yes,no,,3,3.33,no,no,69289,6276,108,0.0609,5932,709,1239,733,100,2.46,0.5,1380,0.7798,650,100,100,0.35,1.0,200,0.0,0,15,3,hat,badge,wristwatch,red,red,dealer,sr,back,1,no,yes,no,,3,2.47,yes,no,46867,10930,108,0.0609,5715,1128,201,1382,100,2.26,0.5,1980,0.8644,750,100,136,0.0,1.0,200,0.0,0,20,1,gloves,hairpin,wristwatch,yellow,red,tank,smg,front,1,yes,yes,no,,3,8.83,no,no,134170,3913,148,0.0816,6197,109,2219,518,520,2.0,0.8,1264,0.7583,350,100,100,0.35,1.0,200,0.0,0,20,4,shoes,badge,amulet,yellow,red,tank,smg,front,1,yes,yes,no,,3,8.83,no,no,134170,3913,148,0.0816,6197,109,2219,518,520,2.0,0.8,1264,0.7583,350,100,100,0.35,1.0,200,0.0,0,20,4,shoes,badge,amulet,blue,blue,dealer,ar,middle,0,yes,yes,no,,3,3.33,no,no,69289,6276,108,0.0609,5932,709,1239,733,100,2.46,0.5,1380,0.7798,650,100,100,0.35,1.0,200,0.0,0,15,3,hat,badge,wristwatch,yellow,yellow,dealer,sr,back,1,no,yes,no,,3,7.33,no,no,52713,8067,113,0.0635,5497,1491,194,824,100,2.46,0.5,2056,0.8728,650,100,136,0.0,1.0,200,0.0,0,5,1,hat,hairpin,wristwatch,yellow,yellow,tank,sg,front,2,no,yes,yes,self,4,7.63,no,no,111386,4757,2792,0.6262,7077,615,246,505,520,2.0,1.0,1948,0.8608,350,100,100,0.0,1.0,200,0.0,0,8,1,shoes,bag,amulet,yellow,red,support,1,no,yes,no,,4,14.53,no,46530,7493,1804,8526,1160,191,1241,2.26,2194,0.8869,100,100,0.0,1.0,gloves,bag,wristwatch,blue,support,2,yes,no,,3,4.93,yes,43517,8150,2060,8069,660,786,734,2.46,1582,0.8127,100,100,0.0,1.0,hat,bag,wristwatch,yellow,red,support,1,no,yes,no,4,14.53,no,46530,7493,1804,8526,1160,191,1241,2.26,2194,0.8869,100,100,0.0,1.0,gloves,bag,wristwatch,blue,support,2,yes,no,3,4.93,yes,43517,8150,2060,8069,660,786,734,2.46,1582,0.8127,100,100,0.0,1.0,hat,bag,wristwatch,1.3,0.75,1.1,0.45,0.8,0.0,1.3,0.75,1.3,0.75,1.1,0.45,1.3,0.75,1.0,0.3,1.0,0.3,0.8,0.0,1.0,0.3,0.8,0.0,19,3.1666666666666665,0.408248290463863,20,3.333333333333333,0.5163977794943222,1,0.1666666666666669,0.1081494890304591,39.02,6.503333333333334,4.497317719115102,46.58,7.763333333333333,3.868160630928693,7.559999999999995,1.259999999999999,-0.6291570881864095,463265,77210.83333333333,40966.34535526286,457605,76267.5,37805.916567384,-5660,-943.3333333333284,-3160.42878787886,41787,6964.5,2488.262747380188,38656,6442.666666666667,1784.6629560414667,-3131,-521.833333333333,-703.5997913387209,6825,1137.5,1142.2976407224169,7025,1170.8333333333333,1192.854796975167,200,33.33333333333326,50.55715625275002,42519,7086.5,1267.2491073186834,41298,6883.0,1219.8093293625852,-1221,-203.5,-47.43977795609817,4421,736.8333333333334,384.6117089567954,4744,790.6666666666666,478.77872411654494,323,53.83333333333326,94.16701515974955,4853,808.8333333333334,809.3924676364777,4875,812.5,806.2969056123185,22,3.6666666666666288,-3.095562024159221,5126,854.3333333333334,369.6986159923603,4555,759.1666666666666,268.494630610496,-571,-95.16666666666674,-101.20398538186436,0.5,0.5,0.5,0.5,0.25,0.5,0.25,0.25,0.5,0.25,31.48536928188091,18.38215025493945,15.272375108466592,25.89914862308177,20.87952736318408,19.798139738687063,8.457502287282708,26.813090978788654,22.759760817092182,18.987065091985627,-3.7726957251065594,16.442312825303617,14.15538343558282,15.298848130443218,14.002352195382358,15.245782208588956,14.624067201985657,-0.6747809284575617
marina,tshiroko,shun,hoshino,sayane,sshiroko,marina,tshiroko,iori,hoshino,sayane,sshiroko,1,yellow,red,tank,smg,front,1,yes,yes,no,,3,8.83,no,no,134170,3913,148,0.0816,6197,109,2219,518,520,2.0,0.8,1264,0.7583,350,100,100,0.35,1.0,200,0.0,0,20,4,shoes,badge,amulet,blue,blue,dealer,ar,middle,0,yes,yes,no,,3,3.33,no,no,69289,6276,108,0.0609,5932,709,1239,733,100,2.46,0.5,1380,0.7798,650,100,100,0.35,1.0,200,0.0,0,15,3,hat,badge,wristwatch,red,red,dealer,sr,back,1,no,yes,no,,3,2.47,yes,no,46867,10930,108,0.0609,5715,1128,201,1382,100,2.26,0.5,1980,0.8644,750,100,136,0.0,1.0,200,0.0,0,20,1,gloves,hairpin,wristwatch,yellow,yellow,tank,sg,front,2,no,yes,yes,self,4,7.63,no,no,111386,4757,2792,0.6262,7077,615,246,505,520,2.0,1.0,1948,0.8608,350,100,100,0.0,1.0,200,0.0,0,8,1,shoes,bag,amulet,yellow,red,tank,smg,front,1,yes,yes,no,,3,8.83,no,no,134170,3913,148,0.0816,6197,109,2219,518,520,2.0,0.8,1264,0.7583,350,100,100,0.35,1.0,200,0.0,0,20,4,shoes,badge,amulet,blue,blue,dealer,ar,middle,0,yes,yes,no,,3,3.33,no,no,69289,6276,108,0.0609,5932,709,1239,733,100,2.46,0.5,1380,0.7798,650,100,100,0.35,1.0,200,0.0,0,15,3,hat,badge,wristwatch,yellow,yellow,dealer,sr,back,1,no,yes,no,,3,7.33,no,no,52713,8067,113,0.0635,5497,1491,194,824,100,2.46,0.5,2056,0.8728,650,100,136,0.0,1.0,200,0.0,0,5,1,hat,hairpin,wristwatch,yellow,yellow,tank,sg,front,2,no,yes,yes,self,4,7.63,no,no,111386,4757,2792,0.6262,7077,615,246,505,520,2.0,1.0,1948,0.8608,350,100,100,0.0,1.0,200,0.0,0,8,1,shoes,bag,amulet,yellow,red,support,1,no,yes,no,,4,14.53,no,46530,7493,1804,8526,1160,191,1241,2.26,2194,0.8869,100,100,0.0,1.0,gloves,bag,wristwatch,blue,support,2,yes,no,,3,4.93,yes,43517,8150,2060,8069,660,786,734,2.46,1582,0.8127,100,100,0.0,1.0,hat,bag,wristwatch,yellow,red,support,1,no,yes,no,4,14.53,no,46530,7493,1804,8526,1160,191,1241,2.26,2194,0.8869,100,100,0.0,1.0,gloves,bag,wristwatch,blue,support,2,yes,no,3,4.93,yes,43517,8150,2060,8069,660,786,734,2.46,1582,0.8127,100,100,0.0,1.0,hat,bag,wristwatch,1.3,0.75,1.1,0.45,0.8,0.0,1.0,0.3,1.3,0.75,1.1,0.45,1.3,0.75,1.0,0.3,1.0,0.3,0.8,0.0,1.0,0.3,0.8,0.0,20,3.333333333333333,0.5163977794943222,20,3.333333333333333,0.5163977794943222,0,0.0,0.0,41.72,6.953333333333333,4.44315953648602,46.58,7.763333333333333,3.868160630928693,4.859999999999999,0.8099999999999996,-0.5749989055573268,451759,75293.16666666667,38601.33576661132,457605,76267.5,37805.916567384,5846,974.3333333333284,-795.419199227319,41519,6919.833333333333,2532.061722523104,38656,6442.666666666667,1784.6629560414667,-2863,-477.16666666666606,-747.3987664816373,7020,1170.0,1193.7430209220072,7025,1170.8333333333333,1192.854796975167,5,0.8333333333332575,-0.8882239468402986,41516,6919.333333333333,1172.6023480560946,41298,6883.0,1219.8093293625852,-218,-36.33333333333303,47.20698130649066,4381,730.1666666666666,386.6551004017233,4744,790.6666666666666,478.77872411654494,363,60.5,92.12362371482168,4882,813.6666666666666,805.2273384993002,4875,812.5,806.2969056123185,-7,-1.1666666666666288,1.0695671130182518,5113,852.1666666666666,372.0942980840565,4555,759.1666666666666,268.494630610496,-558,-93.0,-103.59966747356049,0.5,0.5,0.5,0.5,0.25,0.5,0.25,0.25,0.5,0.25,31.117812420138,17.465483588272782,15.094087021197472,25.596804708850115,26.813090978788654,19.798139738687063,8.457502287282708,22.055838763926847,22.31854693461459,19.28114294217132,-3.0374039924432736,16.250367009208595,13.449493865030677,14.849930437119635,14.002352195382358,15.245782208588956,14.624067201985657,-0.2258632351339784
marina,hoshino,tshiroko,iori,sayane,sshiroko,marina,tshiroko,iori,hoshino,sayane,sshiroko,1,yellow,red,tank,smg,front,1,yes,yes,no,,3,8.83,no,no,134170,3913,148,0.0816,6197,109,2219,518,520,2.0,0.8,1264,0.7583,350,100,100,0.35,1.0,200,0.0,0,20,4,shoes,badge,amulet,yellow,yellow,tank,sg,front,2,no,yes,yes,self,4,7.63,no,no,111386,4757,2792,0.6262,7077,615,246,505,520,2.0,1.0,1948,0.8608,350,100,100,0.0,1.0,200,0.0,0,8,1,shoes,bag,amulet,blue,blue,dealer,ar,middle,0,yes,yes,no,,3,3.33,no,no,69289,6276,108,0.0609,5932,709,1239,733,100,2.46,0.5,1380,0.7798,650,100,100,0.35,1.0,200,0.0,0,15,3,hat,badge,wristwatch,yellow,yellow,dealer,sr,back,1,no,yes,no,,3,7.33,no,no,52713,8067,113,0.0635,5497,1491,194,824,100,2.46,0.5,2056,0.8728,650,100,136,0.0,1.0,200,0.0,0,5,1,hat,hairpin,wristwatch,yellow,red,tank,smg,front,1,yes,yes,no,,3,8.83,no,no,134170,3913,148,0.0816,6197,109,2219,518,520,2.0,0.8,1264,0.7583,350,100,100,0.35,1.0,200,0.0,0,20,4,shoes,badge,amulet,blue,blue,dealer,ar,middle,0,yes,yes,no,,3,3.33,no,no,69289,6276,108,0.0609,5932,709,1239,733,100,2.46,0.5,1380,0.7798,650,100,100,0.35,1.0,200,0.0,0,15,3,hat,badge,wristwatch,yellow,yellow,dealer,sr,back,1,no,yes,no,,3,7.33,no,no,52713,8067,113,0.0635,5497,1491,194,824,100,2.46,0.5,2056,0.8728,650,100,136,0.0,1.0,200,0.0,0,5,1,hat,hairpin,wristwatch,yellow,yellow,tank,sg,front,2,no,yes,yes,self,4,7.63,no,no,111386,4757,2792,0.6262,7077,615,246,505,520,2.0,1.0,1948,0.8608,350,100,100,0.0,1.0,200,0.0,0,8,1,shoes,bag,amulet,yellow,red,support,1,no,yes,no,,4,14.53,no,46530,7493,1804,8526,1160,191,1241,2.26,2194,0.8869,100,100,0.0,1.0,gloves,bag,wristwatch,blue,support,2,yes,no,,3,4.93,yes,43517,8150,2060,8069,660,786,734,2.46,1582,0.8127,100,100,0.0,1.0,hat,bag,wristwatch,yellow,red,support,1,no,yes,no,4,14.53,no,46530,7493,1804,8526,1160,191,1241,2.26,2194,0.8869,100,100,0.0,1.0,gloves,bag,wristwatch,blue,support,2,yes,no,3,4.93,yes,43517,8150,2060,8069,660,786,734,2.46,1582,0.8127,100,100,0.0,1.0,hat,bag,wristwatch,1.3,0.75,1.0,0.3,1.1,0.45,1.3,0.75,1.3,0.75,1.1,0.45,1.3,0.75,1.0,0.3,1.0,0.3,0.8,0.0,1.0,0.3,0.8,0.0,20,3.333333333333333,0.5163977794943222,20,3.333333333333333,0.5163977794943222,0,0.0,0.0,46.58,7.763333333333333,3.868160630928693,46.58,7.763333333333333,3.868160630928693,0.0,0.0,0.0,457605,76267.5,37805.916567384,457605,76267.5,37805.916567384,0,0.0,0.0,38656,6442.666666666667,1784.6629560414667,38656,6442.666666666667,1784.6629560414667,0,0.0,0.0,7025,1170.8333333333333,1192.854796975167,7025,1170.8333333333333,1192.854796975167,0,0.0,0.0,41298,6883.0,1219.8093293625852,41298,6883.0,1219.8093293625852,0,0.0,0.0,4744,790.6666666666666,478.77872411654494,4744,790.6666666666666,478.77872411654494,0,0.0,0.0,4875,812.5,806.2969056123185,4875,812.5,806.2969056123185,0,0.0,0.0,4555,759.1666666666666,268.494630610496,4555,759.1666666666666,268.494630610496,0,0.0,0.0,0.5,0.5,0.5,0.5,0.25,0.5,0.25,0.25,0.5,0.25,26.81309097878865,19.798139738687063,13.006027643485806,22.055838763926843,26.813090978788654,22.055838763926847,19.798139738687063,13.006027643485806,20.41827428122209,20.418274281222093,3.552713678800501e-15,14.002352195382356,15.245782208588956,14.624067201985657,14.002352195382358,15.245782208588956,14.624067201985657,0.0
hoshino,tshiroko,haruka,nymutsuki,sayane,sshiroko,marina,tshiroko,iori,hoshino,sayane,sshiroko,0,yellow,yellow,tank,sg,front,2,no,yes,yes,self,4,7.63,no,no,111386,4757,2792,0.6262,7077,615,246,505,520,2.0,1.0,1948,0.8608,350,100,100,0.0,1.0,200,0.0,0,8,1,shoes,bag,amulet,blue,blue,dealer,ar,middle,0,yes,yes,no,,3,3.33,no,no,69289,6276,108,0.0609,5932,709,1239,733,100,2.46,0.5,1380,0.7798,650,100,100,0.35,1.0,200,0.0,0,15,3,hat,badge,wristwatch,red,red,tank,sg,front,1,no,yes,no,,4,5.67,no,no,150581,3216,2700,0.6183,5596,593,237,497,520,2.0,0.8,2020,0.8689,350,100,100,0.0,1.0,200,0.0,0,8,1,shoes,bag,amulet,blue,yellow,dealer,mg,back,1,no,yes,no,,2,4.67,no,no,62027,11562,418,0.2005,5939,324,640,1189,100,2.26,0.5,1328,0.7704,750,100,100,0.35,1.0,200,0.0,684,25,5,gloves,badge,wristwatch,yellow,red,tank,smg,front,1,yes,yes,no,,3,8.83,no,no,134170,3913,148,0.0816,6197,109,2219,518,520,2.0,0.8,1264,0.7583,350,100,100,0.35,1.0,200,0.0,0,20,4,shoes,badge,amulet,blue,blue,dealer,ar,middle,0,yes,yes,no,,3,3.33,no,no,69289,6276,108,0.0609,5932,709,1239,733,100,2.46,0.5,1380,0.7798,650,100,100,0.35,1.0,200,0.0,0,15,3,hat,badge,wristwatch,yellow,yellow,dealer,sr,back,1,no,yes,no,,3,7.33,no,no,52713,8067,113,0.0635,5497,1491,194,824,100,2.46,0.5,2056,0.8728,650,100,136,0.0,1.0,200,0.0,0,5,1,hat,hairpin,wristwatch,yellow,yellow,tank,sg,front,2,no,yes,yes,self,4,7.63,no,no,111386,4757,2792,0.6262,7077,615,246,505,520,2.0,1.0,1948,0.8608,350,100,100,0.0,1.0,200,0.0,0,8,1,shoes,bag,amulet,yellow,red,support,1,no,yes,no,,4,14.53,no,46530,7493,1804,8526,1160,191,1241,2.26,2194,0.8869,100,100,0.0,1.0,gloves,bag,wristwatch,blue,support,2,yes,no,,3,4.93,yes,43517,8150,2060,8069,660,786,734,2.46,1582,0.8127,100,100,0.0,1.0,hat,bag,wristwatch,yellow,red,support,1,no,yes,no,4,14.53,no,46530,7493,1804,8526,1160,191,1241,2.26,2194,0.8869,100,100,0.0,1.0,gloves,bag,wristwatch,blue,support,2,yes,no,3,4.93,yes,43517,8150,2060,8069,660,786,734,2.46,1582,0.8127,100,100,0.0,1.0,hat,bag,wristwatch,1.0,0.3,1.1,0.45,1.1,0.45,1.0,0.3,1.3,0.75,1.1,0.45,1.3,0.75,1.0,0.3,1.0,0.3,0.8,0.0,1.0,0.3,0.8,0.0,20,3.333333333333333,0.816496580927726,20,3.333333333333333,0.5163977794943222,0,0.0,-0.3000988014334038,40.760000000000005,6.793333333333334,4.044579912261182,46.58,7.763333333333333,3.868160630928693,5.819999999999993,0.9699999999999988,-0.1764192813324889,483330,80555.0,42080.67215717924,457605,76267.5,37805.916567384,-25725,-4287.5,-4274.755589795233,41454,6909.0,2905.222469966801,38656,6442.666666666667,1784.6629560414667,-2798,-466.333333333333,-1120.5595139253342,9882,1647.0,1139.650297240342,7025,1170.8333333333333,1192.854796975167,-2857,-476.16666666666674,53.20449973482482,41139,6856.5,1232.1829003845169,41298,6883.0,1219.8093293625852,159,26.5,-12.37357102193164,4061,676.8333333333334,272.07015026765924,4744,790.6666666666666,478.77872411654494,683,113.83333333333326,206.7085738488857,3339,556.5,414.1327081987125,4875,812.5,806.2969056123185,1536,256.0,392.164197413606,4899,816.5,326.14337338048125,4555,759.1666666666666,268.494630610496,-344,-57.33333333333337,-57.64874276998529,0.5,0.5,0.5,0.5,0.25,0.5,0.25,0.25,0.5,0.25,29.207609251213903,21.193893403441685,14.167518904177514,24.0255150304814,22.055838763926847,19.798139738687063,28.743936567164177,10.746680937554055,22.148634147328625,20.33614900183304,-1.8124851454955893,15.25281929801148,16.320598159509203,15.786708728760342,14.002352195382358,15.245782208588956,14.624067201985657,-1.162641526774685
hoshino,tshiroko,shun,marina,sayane,sshiroko,hoshino,tshiroko,iori,marina,sayane,sshiroko,1,yellow,yellow,tank,sg,front,2,no,yes,yes,self,4,7.63,no,no,111386,4757,2792,0.6262,7077,615,246,505,520,2.0,1.0,1948,0.8608,350,100,100,0.0,1.0,200,0.0,0,8,1,shoes,bag,amulet,blue,blue,dealer,ar,middle,0,yes,yes,no,,3,3.33,no,no,69289,6276,108,0.0609,5932,709,1239,733,100,2.46,0.5,1380,0.7798,650,100,100,0.35,1.0,200,0.0,0,15,3,hat,badge,wristwatch,red,red,dealer,sr,back,1,no,yes,no,,3,2.47,yes,no,46867,10930,108,0.0609,5715,1128,201,1382,100,2.26,0.5,1980,0.8644,750,100,136,0.0,1.0,200,0.0,0,20,1,gloves,hairpin,wristwatch,yellow,red,tank,smg,front,1,yes,yes,no,,3,8.83,no,no,134170,3913,148,0.0816,6197,109,2219,518,520,2.0,0.8,1264,0.7583,350,100,100,0.35,1.0,200,0.0,0,20,4,shoes,badge,amulet,yellow,yellow,tank,sg,front,2,no,yes,yes,self,4,7.63,no,no,111386,4757,2792,0.6262,7077,615,246,505,520,2.0,1.0,1948,0.8608,350,100,100,0.0,1.0,200,0.0,0,8,1,shoes,bag,amulet,blue,blue,dealer,ar,middle,0,yes,yes,no,,3,3.33,no,no,69289,6276,108,0.0609,5932,709,1239,733,100,2.46,0.5,1380,0.7798,650,100,100,0.35,1.0,200,0.0,0,15,3,hat,badge,wristwatch,yellow,yellow,dealer,sr,back,1,no,yes,no,,3,7.33,no,no,52713,8067,113,0.0635,5497,1491,194,824,100,2.46,0.5,2056,0.8728,650,100,136,0.0,1.0,200,0.0,0,5,1,hat,hairpin,wristwatch,yellow,red,tank,smg,front,1,yes,yes,no,,3,8.83,no,no,134170,3913,148,0.0816,6197,109,2219,518,520,2.0,0.8,1264,0.7583,350,100,100,0.35,1.0,200,0.0,0,20,4,shoes,badge,amulet,yellow,red,support,1,no,yes,no,,4,14.53,no,46530,7493,1804,8526,1160,191,1241,2.26,2194,0.8869,100,100,0.0,1.0,gloves,bag,wristwatch,blue,support,2,yes,no,,3,4.93,yes,43517,8150,2060,8069,660,786,734,2.46,1582,0.8127,100,100,0.0,1.0,hat,bag,wristwatch,yellow,red,support,1,no,yes,no,4,14.53,no,46530,7493,1804,8526,1160,191,1241,2.26,2194,0.8869,100,100,0.0,1.0,gloves,bag,wristwatch,blue,support,2,yes,no,3,4.93,yes,43517,8150,2060,8069,660,786,734,2.46,1582,0.8127,100,100,0.0,1.0,hat,bag,wristwatch,1.0,0.3,1.1,0.45,0.8,0.0,1.3,0.75,1.0,0.3,1.1,0.45,1.3,0.75,1.3,0.75,1.0,0.3,0.8,0.0,1.0,0.3,0.8,0.0,20,3.333333333333333,0.5163977794943222,20,3.333333333333333,0.5163977794943222,0,0.0,0.0,41.72,6.953333333333333,4.44315953648602,46.58,7.763333333333333,3.868160630928693,4.859999999999999,0.8099999999999996,-0.5749989055573268,451759,75293.16666666667,38601.33576661132,457605,76267.5,37805.916567384,5846,974.3333333333284,-795.419199227319,41519,6919.833333333333,2532.061722523104,38656,6442.666666666667,1784.6629560414667,-2863,-477.16666666666606,-747.3987664816373,7020,1170.0,1193.7430209220072,7025,1170.8333333333333,1192.854796975167,5,0.8333333333332575,-0.8882239468402986,41516,6919.333333333333,1172.6023480560946,41298,6883.0,1219.8093293625852,-218,-36.33333333333303,47.20698130649066,4381,730.1666666666666,386.6551004017233,4744,790.6666666666666,478.77872411654494,363,60.5,92.12362371482168,4882,813.6666666666666,805.2273384993002,4875,812.5,806.2969056123185,-7,-1.1666666666666288,1.0695671130182518,5113,852.1666666666666,372.0942980840565,4555,759.1666666666666,268.494630610496,-558,-93.0,-103.59966747356054,0.5,0.5,0.5,0.5,0.25,0.5,0.25,0.25,0.5,0.25,25.596804708850115,17.465483588272786,15.09408702119747,31.117812420138,22.055838763926843,19.798139738687063,8.457502287282708,26.81309097878865,22.31854693461459,19.281142942171314,-3.037403992443277,16.250367009208595,13.449493865030677,14.849930437119635,14.002352195382358,15.245782208588956,14.62406720198566,-0.2258632351339766
marina,tshiroko,shun,hoshino,nagisa,sshiroko,hoshino,tshiroko,iori,marina,sayane,sshiroko,1,yellow,red,tank,smg,front,1,yes,yes,no,,3,8.83,no,no,134170,3913,148,0.0816,6197,109,2219,518,520,2.0,0.8,1264,0.7583,350,100,100,0.35,1.0,200,0.0,0,20,4,shoes,badge,amulet,blue,blue,dealer,ar,middle,0,yes,yes,no,,3,3.33,no,no,69289,6276,108,0.0609,5932,709,1239,733,100,2.46,0.5,1380,0.7798,650,100,100,0.35,1.0,200,0.0,0,15,3,hat,badge,wristwatch,red,red,dealer,sr,back,1,no,yes,no,,3,2.47,yes,no,46867,10930,108,0.0609,5715,1128,201,1382,100,2.26,0.5,1980,0.8644,750,100,136,0.0,1.0,200,0.0,0,20,1,gloves,hairpin,wristwatch,yellow,yellow,tank,sg,front,2,no,yes,yes,self,4,7.63,no,no,111386,4757,2792,0.6262,7077,615,246,505,520,2.0,1.0,1948,0.8608,350,100,100,0.0,1.0,200,0.0,0,8,1,shoes,bag,amulet,yellow,yellow,tank,sg,front,2,no,yes,yes,self,4,7.63,no,no,111386,4757,2792,0.6262,7077,615,246,505,520,2.0,1.0,1948,0.8608,350,100,100,0.0,1.0,200,0.0,0,8,1,shoes,bag,amulet,blue,blue,dealer,ar,middle,0,yes,yes,no,,3,3.33,no,no,69289,6276,108,0.0609,5932,709,1239,733,100,2.46,0.5,1380,0.7798,650,100,100,0.35,1.0,200,0.0,0,15,3,hat,badge,wristwatch,yellow,yellow,dealer,sr,back,1,no,yes,no,,3,7.33,no,no,52713,8067,113,0.0635,5497,1491,194,824,100,2.46,0.5,2056,0.8728,650,100,136,0.0,1.0,200,0.0,0,5,1,hat,hairpin,wristwatch,yellow,red,tank,smg,front,1,yes,yes,no,,3,8.83,no,no,134170,3913,148,0.0816,6197,109,2219,518,520,2.0,0.8,1264,0.7583,350,100,100,0.35,1.0,200,0.0,0,20,4,shoes,badge,amulet,red,,support,1,,yes,yes,one,3,6.83,no,44099,7734,2061,11519,759,977,682,2.46,1132,0.731,100,100,0.0,1.0,hat,bag,wristwatch,blue,support,2,yes,no,,3,4.93,yes,43517,8150,2060,8069,660,786,734,2.46,1582,0.8127,100,100,0.0,1.0,hat,bag,wristwatch,yellow,red,support,1,no,yes,no,4,14.53,no,46530,7493,1804,8526,1160,191,1241,2.26,2194,0.8869,100,100,0.0,1.0,gloves,bag,wristwatch,blue,support,2,yes,no,3,4.93,yes,43517,8150,2060,8069,660,786,734,2.46,1582,0.8127,100,100,0.0,1.0,hat,bag,wristwatch,1.3,0.75,1.1,0.45,0.8,0.0,1.0,0.3,1.0,0.3,1.1,0.45,1.3,0.75,1.3,0.75,1.3,0.75,0.8,0.0,1.0,0.3,0.8,0.0,19,3.1666666666666665,0.4082482904638629,20,3.333333333333333,0.5163977794943222,1,0.1666666666666669,0.1081494890304592,34.02,5.670000000000001,2.5074289621044104,46.58,7.763333333333333,3.868160630928693,12.559999999999995,2.093333333333332,1.3607316688242823,449328,74888.0,38974.5735884307,457605,76267.5,37805.916567384,8277,1379.5,-1168.6570210466962,41760,6960.0,2544.8516656182537,38656,6442.666666666667,1784.6629560414667,-3104,-517.333333333333,-760.188709576787,7277,1212.8333333333333,1225.2370246881485,7025,1170.8333333333333,1192.854796975167,-252,-42.0,-32.3822277129816,44509,7418.166666666667,2188.9508369688588,41298,6883.0,1219.8093293625852,-3211,-535.166666666667,-969.1415076062736,3980,663.3333333333334,327.6538824226972,4744,790.6666666666666,478.77872411654494,764,127.33333333333326,151.1248416938477,5668,944.6666666666666,745.3795453771634,4875,812.5,806.2969056123185,-793,-132.16666666666663,60.91736023515512,4554,759.0,321.8558683634648,4555,759.1666666666666,268.494630610496,1,0.1666666666666287,-53.36123775296886,0.5,0.5,0.5,0.5,0.25,0.5,0.25,0.25,0.5,0.25,25.596804708850115,17.465483588272782,15.094087021197472,31.117812420138,26.81309097878865,19.798139738687063,8.457502287282708,22.055838763926843,22.318546934614595,19.28114294217132,-3.037403992443277,16.250367009208595,13.449493865030677,14.849930437119635,11.952482544608223,15.245782208588956,13.599132376598591,-1.2507980605210438
reisa,tshiroko,shun,marina,sayane,sshiroko,hoshino,tshiroko,iori,marina,sayane,sshiroko,1,yellow,yellow,tank,sg,front,1,no,yes,yes,self,3,4.93,no,yes,122892,5025,2597,0.6091,8080,655,217,518,520,2.0,0.8,1812,0.8444,350,100,100,0.0,1.0,200,0.0,0,8,2,shoes,bag,amulet,blue,blue,dealer,ar,middle,0,yes,yes,no,,3,3.33,no,no,69289,6276,108,0.0609,5932,709,1239,733,100,2.46,0.5,1380,0.7798,650,100,100,0.35,1.0,200,0.0,0,15,3,hat,badge,wristwatch,red,red,dealer,sr,back,1,no,yes,no,,3,2.47,yes,no,46867,10930,108,0.0609,5715,1128,201,1382,100,2.26,0.5,1980,0.8644,750,100,136,0.0,1.0,200,0.0,0,20,1,gloves,hairpin,wristwatch,yellow,red,tank,smg,front,1,yes,yes,no,,3,8.83,no,no,134170,3913,148,0.0816,6197,109,2219,518,520,2.0,0.8,1264,0.7583,350,100,100,0.35,1.0,200,0.0,0,20,4,shoes,badge,amulet,yellow,yellow,tank,sg,front,2,no,yes,yes,self,4,7.63,no,no,111386,4757,2792,0.6262,7077,615,246,505,520,2.0,1.0,1948,0.8608,350,100,100,0.0,1.0,200,0.0,0,8,1,shoes,bag,amulet,blue,blue,dealer,ar,middle,0,yes,yes,no,,3,3.33,no,no,69289,6276,108,0.0609,5932,709,1239,733,100,2.46,0.5,1380,0.7798,650,100,100,0.35,1.0,200,0.0,0,15,3,hat,badge,wristwatch,yellow,yellow,dealer,sr,back,1,no,yes,no,,3,7.33,no,no,52713,8067,113,0.0635,5497,1491,194,824,100,2.46,0.5,2056,0.8728,650,100,136,0.0,1.0,200,0.0,0,5,1,hat,hairpin,wristwatch,yellow,red,tank,smg,front,1,yes,yes,no,,3,8.83,no,no,134170,3913,148,0.0816,6197,109,2219,518,520,2.0,0.8,1264,0.7583,350,100,100,0.35,1.0,200,0.0,0,20,4,shoes,badge,amulet,yellow,red,support,1,no,yes,no,,4,14.53,no,46530,7493,1804,8526,1160,191,1241,2.26,2194,0.8869,100,100,0.0,1.0,gloves,bag,wristwatch,blue,support,2,yes,no,,3,4.93,yes,43517,8150,2060,8069,660,786,734,2.46,1582,0.8127,100,100,0.0,1.0,hat,bag,wristwatch,yellow,red,support,1,no,yes,no,4,14.53,no,46530,7493,1804,8526,1160,191,1241,2.26,2194,0.8869,100,100,0.0,1.0,gloves,bag,wristwatch,blue,support,2,yes,no,3,4.93,yes,43517,8150,2060,8069,660,786,734,2.46,1582,0.8127,100,100,0.0,1.0,hat,bag,wristwatch,1.3,0.75,1.1,0.45,0.8,0.0,1.3,0.75,1.0,0.3,1.1,0.45,1.3,0.75,1.3,0.75,1.0,0.3,0.8,0.0,1.0,0.3,0.8,0.0,19,3.1666666666666665,0.408248290463863,20,3.333333333333333,0.5163977794943222,1,0.1666666666666669,0.1081494890304591,39.02,6.503333333333334,4.497317719115102,46.58,7.763333333333333,3.868160630928693,7.559999999999995,1.259999999999999,-0.6291570881864095,463265,77210.83333333333,40966.34535526286,457605,76267.5,37805.916567384,-5660,-943.3333333333284,-3160.42878787886,41787,6964.5,2488.262747380188,38656,6442.666666666667,1784.6629560414667,-3131,-521.833333333333,-703.5997913387209,6825,1137.5,1142.2976407224169,7025,1170.8333333333333,1192.854796975167,200,33.33333333333326,50.55715625275002,42519,7086.5,1267.2491073186834,41298,6883.0,1219.8093293625852,-1221,-203.5,-47.43977795609817,4421,736.8333333333334,384.6117089567954,4744,790.6666666666666,478.77872411654494,323,53.83333333333326,94.16701515974955,4853,808.8333333333334,809.3924676364777,4875,812.5,806.2969056123185,22,3.6666666666666288,-3.095562024159221,5126,854.3333333333334,369.6986159923603,4555,759.1666666666666,268.494630610496,-571,-95.16666666666674,-101.20398538186436,0.5,0.5,0.5,0.5,0.25,0.5,0.25,0.25,0.5,0.25,25.89914862308177,18.38215025493945,15.272375108466592,31.48536928188091,20.87952736318408,19.798139738687063,8.457502287282708,26.81309097878865,22.759760817092182,18.987065091985624,-3.7726957251065594,16.442312825303617,14.15538343558282,15.298848130443218,14.002352195382358,15.245782208588956,14.62406720198566,-0.6747809284575599
tshiroko,iori,shun,hoshino,nagisa,sshiroko,hoshino,tshiroko,iori,marina,sayane,sshiroko,1,blue,blue,dealer,ar,middle,0,yes,yes,no,,3,3.33,no,no,69289,6276,108,0.0609,5932,709,1239,733,100,2.46,0.5,1380,0.7798,650,100,100,0.35,1.0,200,0.0,0,15,3,hat,badge,wristwatch,yellow,yellow,dealer,sr,back,1,no,yes,no,,3,7.33,no,no,52713,8067,113,0.0635,5497,1491,194,824,100,2.46,0.5,2056,0.8728,650,100,136,0.0,1.0,200,0.0,0,5,1,hat,hairpin,wristwatch,red,red,dealer,sr,back,1,no,yes,no,,3,2.47,yes,no,46867,10930,108,0.0609,5715,1128,201,1382,100,2.26,0.5,1980,0.8644,750,100,136,0.0,1.0,200,0.0,0,20,1,gloves,hairpin,wristwatch,yellow,yellow,tank,sg,front,2,no,yes,yes,self,4,7.63,no,no,111386,4757,2792,0.6262,7077,615,246,505,520,2.0,1.0,1948,0.8608,350,100,100,0.0,1.0,200,0.0,0,8,1,shoes,bag,amulet,yellow,yellow,tank,sg,front,2,no,yes,yes,self,4,7.63,no,no,111386,4757,2792,0.6262,7077,615,246,505,520,2.0,1.0,1948,0.8608,350,100,100,0.0,1.0,200,0.0,0,8,1,shoes,bag,amulet,blue,blue,dealer,ar,middle,0,yes,yes,no,,3,3.33,no,no,69289,6276,108,0.0609,5932,709,1239,733,100,2.46,0.5,1380,0.7798,650,100,100,0.35,1.0,200,0.0,0,15,3,hat,badge,wristwatch,yellow,yellow,dealer,sr,back,1,no,yes,no,,3,7.33,no,no,52713,8067,113,0.0635,5497,1491,194,824,100,2.46,0.5,2056,0.8728,650,100,136,0.0,1.0,200,0.0,0,5,1,hat,hairpin,wristwatch,yellow,red,tank,smg,front,1,yes,yes,no,,3,8.83,no,no,134170,3913,148,0.0816,6197,109,2219,518,520,2.0,0.8,1264,0.7583,350,100,100,0.35,1.0,200,0.0,0,20,4,shoes,badge,amulet,red,,support,1,,yes,yes,one,3,6.83,no,44099,7734,2061,11519,759,977,682,2.46,1132,0.731,100,100,0.0,1.0,hat,bag,wristwatch,blue,support,2,yes,no,,3,4.93,yes,43517,8150,2060,8069,660,786,734,2.46,1582,0.8127,100,100,0.0,1.0,hat,bag,wristwatch,yellow,red,support,1,no,yes,no,4,14.53,no,46530,7493,1804,8526,1160,191,1241,2.26,2194,0.8869,100,100,0.0,1.0,gloves,bag,wristwatch,blue,support,2,yes,no,3,4.93,yes,43517,8150,2060,8069,660,786,734,2.46,1582,0.8127,100,100,0.0,1.0,hat,bag,wristwatch,1.1,0.45,1.3,0.75,0.8,0.0,1.0,0.3,1.0,0.3,1.1,0.45,1.3,0.75,1.3,0.75,1.3,0.75,0.8,0.0,1.0,0.3,0.8,0.0,19,3.1666666666666665,0.4082482904638629,20,3.333333333333333,0.5163977794943222,1,0.1666666666666669,0.1081494890304592,32.52,5.420000000000001,2.183162843216236,46.58,7.763333333333333,3.868160630928693,14.059999999999995,2.343333333333332,1.684997787712457,367871,61311.833333333336,26330.925638242697,457605,76267.5,37805.916567384,89734,14955.666666666664,11474.990929141306,45914,7652.333333333333,2071.0691602809084,38656,6442.666666666667,1784.6629560414667,-7258,-1209.666666666666,-286.40620423944165,7242,1207.0,1231.3884845977732,7025,1170.8333333333333,1192.854796975167,-217,-36.16666666666674,-38.53368762260629,43809,7301.5,2283.659147070771,41298,6883.0,1219.8093293625852,-2511,-418.5,-1063.8498177081856,5362,893.6666666666666,345.3147356639544,4744,790.6666666666666,478.77872411654494,-618,-103.0,133.46398845259057,3643,607.1666666666666,454.77265382459694,4875,812.5,806.2969056123185,1232,205.33333333333337,351.52425178772154,4860,810.0,299.4975792890487,4555,759.1666666666666,268.494630610496,-305,-50.83333333333337,-31.00294867855274,0.75,0.25,0.5,0.5,0.5,0.25,0.25,0.25,0.5,0.25,12.879572209375656,16.320486775015933,7.594908268253379,15.657583695374392,19.798139738687063,13.006027643485806,8.457502287282708,22.055838763926843,13.113137737004838,15.829377108345604,2.716239371340768,8.176714933938342,12.567776073619632,10.372245503778986,11.952482544608223,15.245782208588956,13.599132376598591,3.2268868728196054
reisa,iori,marina,tshiroko,sayane,sshiroko,hoshino,tshiroko,iori,marina,sayane,sshiroko,0,yellow,yellow,tank,sg,front,1,no,yes,yes,self,3,4.93,no,yes,122892,5025,2597,0.6091,8080,655,217,518,520,2.0,0.8,1812,0.8444,350,100,100,0.0,1.0,200,0.0,0,8,2,shoes,bag,amulet,yellow,yellow,dealer,sr,back,1,no,yes,no,,3,7.33,no,no,52713,8067,113,0.0635,5497,1491,194,824,100,2.46,0.5,2056,0.8728,650,100,136,0.0,1.0,200,0.0,0,5,1,hat,hairpin,wristwatch,yellow,red,tank,smg,front,1,yes,yes,no,,3,8.83,no,no,134170,3913,148,0.0816,6197,109,2219,518,520,2.0,0.8,1264,0.7583,350,100,100,0.35,1.0,200,0.0,0,20,4,shoes,badge,amulet,blue,blue,dealer,ar,middle,0,yes,yes,no,,3,3.33,no,no,69289,6276,108,0.0609,5932,709,1239,733,100,2.46,0.5,1380,0.7798,650,100,100,0.35,1.0,200,0.0,0,15,3,hat,badge,wristwatch,yellow,yellow,tank,sg,front,2,no,yes,yes,self,4,7.63,no,no,111386,4757,2792,0.6262,7077,615,246,505,520,2.0,1.0,1948,0.8608,350,100,100,0.0,1.0,200,0.0,0,8,1,shoes,bag,amulet,blue,blue,dealer,ar,middle,0,yes,yes,no,,3,3.33,no,no,69289,6276,108,0.0609,5932,709,1239,733,100,2.46,0.5,1380,0.7798,650,100,100,0.35,1.0,200,0.0,0,15,3,hat,badge,wristwatch,yellow,yellow,dealer,sr,back,1,no,yes,no,,3,7.33,no,no,52713,8067,113,0.0635,5497,1491,194,824,100,2.46,0.5,2056,0.8728,650,100,136,0.0,1.0,200,0.0,0,5,1,hat,hairpin,wristwatch,yellow,red,tank,smg,front,1,yes,yes,no,,3,8.83,no,no,134170,3913,148,0.0816,6197,109,2219,518,520,2.0,0.8,1264,0.7583,350,100,100,0.35,1.0,200,0.0,0,20,4,shoes,badge,amulet,yellow,red,support,1,no,yes,no,,4,14.53,no,46530,7493,1804,8526,1160,191,1241,2.26,2194,0.8869,100,100,0.0,1.0,gloves,bag,wristwatch,blue,support,2,yes,no,,3,4.93,yes,43517,8150,2060,8069,660,786,734,2.46,1582,0.8127,100,100,0.0,1.0,hat,bag,wristwatch,yellow,red,support,1,no,yes,no,4,14.53,no,46530,7493,1804,8526,1160,191,1241,2.26,2194,0.8869,100,100,0.0,1.0,gloves,bag,wristwatch,blue,support,2,yes,no,3,4.93,yes,43517,8150,2060,8069,660,786,734,2.46,1582,0.8127,100,100,0.0,1.0,hat,bag,wristwatch,1.3,0.75,1.3,0.75,1.3,0.75,1.1,0.45,1.0,0.3,1.1,0.45,1.3,0.75,1.3,0.75,1.0,0.3,0.8,0.0,1.0,0.3,0.8,0.0,19,3.1666666666666665,0.408248290463863,20,3.333333333333333,0.5163977794943222,1,0.1666666666666669,0.1081494890304591,43.88,7.313333333333333,4.0400082508166575,46.58,7.763333333333333,3.868160630928693,2.699999999999996,0.4499999999999993,-0.1718476198879646,469111,78185.16666666667,40161.939502054265,457605,76267.5,37805.916567384,-11506,-1917.6666666666715,-2356.0229346702617,38924,6487.333333333333,1736.746690414773,38656,6442.666666666667,1784.6629560414667,-268,-44.66666666666606,47.91626562669376,6830,1138.3333333333333,1141.397856431607,7025,1170.8333333333333,1192.854796975167,195,32.5,51.45694054356,42301,7050.166666666667,1316.6000784849844,41298,6883.0,1219.8093293625852,-1003,-167.16666666666697,-96.79074912239912,4784,797.3333333333334,476.1145520425381,4744,790.6666666666666,478.77872411654494,-40,-6.666666666666743,2.664172074006899,4846,807.6666666666666,810.4481887614203,4875,812.5,806.2969056123185,29,4.833333333333371,-4.1512831491018005,4568,761.3333333333334,266.0749267906818,4555,759.1666666666666,268.494630610496,-13,-2.1666666666667425,2.419703819814174,0.5,0.5,0.5,0.5,0.25,0.5,0.25,0.25,0.5,0.25,22.358182678158503,20.714806405353727,13.184315730754928,27.180647840531563,20.87952736318408,13.006027643485806,26.81309097878865,19.798139738687063,20.85948816369968,20.1241964310364,-0.7352917326632813,14.19429801147738,15.951671779141105,15.07298489530924,14.002352195382358,15.245782208588956,14.62406720198566,-0.4489176933235814
hoshino,iori,shun,tshiroko,nagisa,sshiroko,tshiroko,hoshino,iori,marina,sayane,sshiroko,1,yellow,yellow,tank,sg,front,2,no,yes,yes,self,4,7.63,no,no,111386,4757,2792,0.6262,7077,615,246,505,520,2.0,1.0,1948,0.8608,350,100,100,0.0,1.0,200,0.0,0,8,1,shoes,bag,amulet,yellow,yellow,dealer,sr,back,1,no,yes,no,,3,7.33,no,no,52713,8067,113,0.0635,5497,1491,194,824,100,2.46,0.5,2056,0.8728,650,100,136,0.0,1.0,200,0.0,0,5,1,hat,hairpin,wristwatch,red,red,dealer,sr,back,1,no,yes,no,,3,2.47,yes,no,46867,10930,108,0.0609,5715,1128,201,1382,100,2.26,0.5,1980,0.8644,750,100,136,0.0,1.0,200,0.0,0,20,1,gloves,hairpin,wristwatch,blue,blue,dealer,ar,middle,0,yes,yes,no,,3,3.33,no,no,69289,6276,108,0.0609,5932,709,1239,733,100,2.46,0.5,1380,0.7798,650,100,100,0.35,1.0,200,0.0,0,15,3,hat,badge,wristwatch,blue,blue,dealer,ar,middle,0,yes,yes,no,,3,3.33,no,no,69289,6276,108,0.0609,5932,709,1239,733,100,2.46,0.5,1380,0.7798,650,100,100,0.35,1.0,200,0.0,0,15,3,hat,badge,wristwatch,yellow,yellow,tank,sg,front,2,no,yes,yes,self,4,7.63,no,no,111386,4757,2792,0.6262,7077,615,246,505,520,2.0,1.0,1948,0.8608,350,100,100,0.0,1.0,200,0.0,0,8,1,shoes,bag,amulet,yellow,yellow,dealer,sr,back,1,no,yes,no,,3,7.33,no,no,52713,8067,113,0.0635,5497,1491,194,824,100,2.46,0.5,2056,0.8728,650,100,136,0.0,1.0,200,0.0,0,5,1,hat,hairpin,wristwatch,yellow,red,tank,smg,front,1,yes,yes,no,,3,8.83,no,no,134170,3913,148,0.0816,6197,109,2219,518,520,2.0,0.8,1264,0.7583,350,100,100,0.35,1.0,200,0.0,0,20,4,shoes,badge,amulet,red,,support,1,,yes,yes,one,3,6.83,no,44099,7734,2061,11519,759,977,682,2.46,1132,0.731,100,100,0.0,1.0,hat,bag,wristwatch,blue,support,2,yes,no,,3,4.93,yes,43517,8150,2060,8069,660,786,734,2.46,1582,0.8127,100,100,0.0,1.0,hat,bag,wristwatch,yellow,red,support,1,no,yes,no,4,14.53,no,46530,7493,1804,8526,1160,191,1241,2.26,2194,0.8869,100,100,0.0,1.0,gloves,bag,wristwatch,blue,support,2,yes,no,3,4.93,yes,43517,8150,2060,8069,660,786,734,2.46,1582,0.8127,100,100,0.0,1.0,hat,bag,wristwatch,1.0,0.3,1.3,0.75,0.8,0.0,1.1,0.45,1.1,0.45,1.0,0.3,1.3,0.75,1.3,0.75,1.3,0.75,0.8,0.0,1.0,0.3,0.8,0.0,19,3.1666666666666665,0.4082482904638629,20,3.333333333333333,0.5163977794943222,1,0.1666666666666669,0.1081494890304592,32.52,5.419999999999999,2.183162843216236,46.58,7.763333333333333,3.868160630928693,14.060000000000002,2.3433333333333337,1.684997787712457,367871,61311.833333333336,26330.925638242697,457605,76267.5,37805.916567384,89734,14955.666666666664,11474.990929141306,45914,7652.333333333333,2071.0691602809084,38656,6442.666666666667,1784.6629560414667,-7258,-1209.666666666666,-286.40620423944165,7242,1207.0,1231.3884845977732,7025,1170.8333333333333,1192.854796975167,-217,-36.16666666666674,-38.53368762260629,43809,7301.5,2283.659147070771,41298,6883.0,1219.8093293625852,-2511,-418.5,-1063.8498177081856,5362,893.6666666666666,345.3147356639544,4744,790.6666666666666,478.77872411654494,-618,-103.0,133.46398845259057,3643,607.1666666666666,454.77265382459694,4875,812.5,806.2969056123185,1232,205.33333333333337,351.52425178772154,4860,810.0,299.4975792890487,4555,759.1666666666666,268.494630610496,-305,-50.83333333333337,-31.00294867855274,0.75,0.25,0.5,0.5,0.5,0.25,0.25,0.25,0.5,0.25,16.320486775015933,12.879572209375656,7.594908268253379,15.657583695374392,22.055838763926843,13.006027643485806,8.457502287282708,19.798139738687063,13.11313773700484,15.829377108345604,2.716239371340766,8.176714933938342,12.56777607361963,10.372245503778986,11.952482544608223,15.245782208588956,13.599132376598591,3.2268868728196054
marina,tshiroko,shun,hoshino,nagisa,sshiroko,tshiroko,hoshino,iori,marina,sayane,sshiroko,1,yellow,red,tank,smg,front,1,yes,yes,no,,3,8.83,no,no,134170,3913,148,0.0816,6197,109,2219,518,520,2.0,0.8,1264,0.7583,350,100,100,0.35,1.0,200,0.0,0,20,4,shoes,badge,amulet,blue,blue,dealer,ar,middle,0,yes,yes,no,,3,3.33,no,no,69289,6276,108,0.0609,5932,709,1239,733,100,2.46,0.5,1380,0.7798,650,100,100,0.35,1.0,200,0.0,0,15,3,hat,badge,wristwatch,red,red,dealer,sr,back,1,no,yes,no,,3,2.47,yes,no,46867,10930,108,0.0609,5715,1128,201,1382,100,2.26,0.5,1980,0.8644,750,100,136,0.0,1.0,200,0.0,0,20,1,gloves,hairpin,wristwatch,yellow,yellow,tank,sg,front,2,no,yes,yes,self,4,7.63,no,no,111386,4757,2792,0.6262,7077,615,246,505,520,2.0,1.0,1948,0.8608,350,100,100,0.0,1.0,200,0.0,0,8,1,shoes,bag,amulet,blue,blue,dealer,ar,middle,0,yes,yes,no,,3,3.33,no,no,69289,6276,108,0.0609,5932,709,1239,733,100,2.46,0.5,1380,0.7798,650,100,100,0.35,1.0,200,0.0,0,15,3,hat,badge,wristwatch,yellow,yellow,tank,sg,front,2,no,yes,yes,self,4,7.63,no,no,111386,4757,2792,0.6262,7077,615,246,505,520,2.0,1.0,1948,0.8608,350,100,100,0.0,1.0,200,0.0,0,8,1,shoes,bag,amulet,yellow,yellow,dealer,sr,back,1,no,yes,no,,3,7.33,no,no,52713,8067,113,0.0635,5497,1491,194,824,100,2.46,0.5,2056,0.8728,650,100,136,0.0,1.0,200,0.0,0,5,1,hat,hairpin,wristwatch,yellow,red,tank,smg,front,1,yes,yes,no,,3,8.83,no,no,134170,3913,148,0.0816,6197,109,2219,518,520,2.0,0.8,1264,0.7583,350,100,100,0.35,1.0,200,0.0,0,20,4,shoes,badge,amulet,red,,support,1,,yes,yes,one,3,6.83,no,44099,7734,2061,11519,759,977,682,2.46,1132,0.731,100,100,0.0,1.0,hat,bag,wristwatch,blue,support,2,yes,no,,3,4.93,yes,43517,8150,2060,8069,660,786,734,2.46,1582,0.8127,100,100,0.0,1.0,hat,bag,wristwatch,yellow,red,support,1,no,yes,no,4,14.53,no,46530,7493,1804,8526,1160,191,1241,2.26,2194,0.8869,100,100,0.0,1.0,gloves,bag,wristwatch,blue,support,2,yes,no,3,4.93,yes,43517,8150,2060,8069,660,786,734,2.46,1582,0.8127,100,100,0.0,1.0,hat,bag,wristwatch,1.3,0.75,1.1,0.45,0.8,0.0,1.0,0.3,1.1,0.45,1.0,0.3,1.3,0.75,1.3,0.75,1.3,0.75,0.8,0.0,1.0,0.3,0.8,0.0,19,3.1666666666666665,0.4082482904638629,20,3.333333333333333,0.5163977794943222,1,0.1666666666666669,0.1081494890304592,34.02,5.670000000000001,2.5074289621044104,46.58,7.763333333333333,3.868160630928693,12.559999999999995,2.093333333333332,1.3607316688242823,449328,74888.0,38974.5735884307,457605,76267.5,37805.916567384,8277,1379.5,-1168.6570210466962,41760,6960.0,2544.8516656182537,38656,6442.666666666667,1784.6629560414667,-3104,-517.333333333333,-760.188709576787,7277,1212.8333333333333,1225.2370246881485,7025,1170.8333333333333,1192.854796975167,-252,-42.0,-32.3822277129816,44509,7418.166666666667,2188.9508369688588,41298,6883.0,1219.8093293625852,-3211,-535.166666666667,-969.1415076062736,3980,663.3333333333334,327.6538824226972,4744,790.6666666666666,478.77872411654494,764,127.33333333333326,151.1248416938477,5668,944.6666666666666,745.3795453771634,4875,812.5,806.2969056123185,-793,-132.16666666666663,60.91736023515512,4554,759.0,321.8558683634648,4555,759.1666666666666,268.494630610496,1,0.1666666666666287,-53.36123775296886,0.5,0.5,0.5,0.5,0.25,0.5,0.25,0.25,0.5,0.25,17.465483588272782,25.596804708850115,15.094087021197472,31.117812420138,26.81309097878865,19.798139738687063,8.457502287282708,22.055838763926843,22.318546934614595,19.28114294217132,-3.037403992443277,16.250367009208595,13.449493865030677,14.849930437119635,11.952482544608223,15.245782208588956,13.599132376598591,-1.2507980605210438
marina,tshiroko,shun,hoshino,sayane,sshiroko,tshiroko,hoshino,iori,marina,sayane,sshiroko,0,yellow,red,tank,smg,front,1,yes,yes,no,,3,8.83,no,no,134170,3913,148,0.0816,6197,109,2219,518,520,2.0,0.8,1264,0.7583,350,100,100,0.35,1.0,200,0.0,0,20,4,shoes,badge,amulet,blue,blue,dealer,ar,middle,0,yes,yes,no,,3,3.33,no,no,69289,6276,108,0.0609,5932,709,1239,733,100,2.46,0.5,1380,0.7798,650,100,100,0.35,1.0,200,0.0,0,15,3,hat,badge,wristwatch,red,red,dealer,sr,back,1,no,yes,no,,3,2.47,yes,no,46867,10930,108,0.0609,5715,1128,201,1382,100,2.26,0.5,1980,0.8644,750,100,136,0.0,1.0,200,0.0,0,20,1,gloves,hairpin,wristwatch,yellow,yellow,tank,sg,front,2,no,yes,yes,self,4,7.63,no,no,111386,4757,2792,0.6262,7077,615,246,505,520,2.0,1.0,1948,0.8608,350,100,100,0.0,1.0,200,0.0,0,8,1,shoes,bag,amulet,blue,blue,dealer,ar,middle,0,yes,yes,no,,3,3.33,no,no,69289,6276,108,0.0609,5932,709,1239,733,100,2.46,0.5,1380,0.7798,650,100,100,0.35,1.0,200,0.0,0,15,3,hat,badge,wristwatch,yellow,yellow,tank,sg,front,2,no,yes,yes,self,4,7.63,no,no,111386,4757,2792,0.6262,7077,615,246,505,520,2.0,1.0,1948,0.8608,350,100,100,0.0,1.0,200,0.0,0,8,1,shoes,bag,amulet,yellow,yellow,dealer,sr,back,1,no,yes,no,,3,7.33,no,no,52713,8067,113,0.0635,5497,1491,194,824,100,2.46,0.5,2056,0.8728,650,100,136,0.0,1.0,200,0.0,0,5,1,hat,hairpin,wristwatch,yellow,red,tank,smg,front,1,yes,yes,no,,3,8.83,no,no,134170,3913,148,0.0816,6197,109,2219,518,520,2.0,0.8,1264,0.7583,350,100,100,0.35,1.0,200,0.0,0,20,4,shoes,badge,amulet,yellow,red,support,1,no,yes,no,,4,14.53,no,46530,7493,1804,8526,1160,191,1241,2.26,2194,0.8869,100,100,0.0,1.0,gloves,bag,wristwatch,blue,support,2,yes,no,,3,4.93,yes,43517,8150,2060,8069,660,786,734,2.46,1582,0.8127,100,100,0.0,1.0,hat,bag,wristwatch,yellow,red,support,1,no,yes,no,4,14.53,no,46530,7493,1804,8526,1160,191,1241,2.26,2194,0.8869,100,100,0.0,1.0,gloves,bag,wristwatch,blue,support,2,yes,no,3,4.93,yes,43517,8150,2060,8069,660,786,734,2.46,1582,0.8127,100,100,0.0,1.0,hat,bag,wristwatch,1.3,0.75,1.1,0.45,0.8,0.0,1.0,0.3,1.1,0.45,1.0,0.3,1.3,0.75,1.3,0.75,1.0,0.3,0.8,0.0,1.0,0.3,0.8,0.0,20,3.333333333333333,0.5163977794943222,20,3.333333333333333,0.5163977794943222,0,0.0,0.0,41.72,6.953333333333333,4.44315953648602,46.58,7.763333333333333,3.868160630928693,4.859999999999999,0.8099999999999996,-0.5749989055573268,451759,75293.16666666667,38601.33576661132,457605,76267.5,37805.916567384,5846,974.3333333333284,-795.419199227319,41519,6919.833333333333,2532.061722523104,38656,6442.666666666667,1784.6629560414667,-2863,-477.16666666666606,-747.3987664816373,7020,1170.0,1193.7430209220072,7025,1170.8333333333333,1192.854796975167,5,0.8333333333332575,-0.8882239468402986,41516,6919.333333333333,1172.6023480560946,41298,6883.0,1219.8093293625852,-218,-36.33333333333303,47.20698130649066,4381,730.1666666666666,386.6551004017233,4744,790.6666666666666,478.77872411654494,363,60.5,92.12362371482168,4882,813.6666666666666,805.2273384993002,4875,812.5,806.2969056123185,-7,-1.1666666666666288,1.0695671130182518,5113,852.1666666666666,372.0942980840565,4555,759.1666666666666,268.494630610496,-558,-93.0,-103.59966747356049,0.5,0.5,0.5,0.5,0.25,0.5,0.25,0.25,0.5,0.25,17.465483588272782,25.596804708850115,15.094087021197472,31.117812420138,26.81309097878865,19.798139738687063,8.457502287282708,22.055838763926843,22.318546934614595,19.28114294217132,-3.037403992443277,16.250367009208595,13.449493865030677,14.849930437119635,14.002352195382358,15.245782208588956,14.62406720198566,-0.2258632351339766
reisa,iori,marina,tshiroko,sayane,sshiroko,tshiroko,hoshino,iori,marina,sayane,sshiroko,0,yellow,yellow,tank,sg,front,1,no,yes,yes,self,3,4.93,no,yes,122892,5025,2597,0.6091,8080,655,217,518,520,2.0,0.8,1812,0.8444,350,100,100,0.0,1.0,200,0.0,0,8,2,shoes,bag,amulet,yellow,yellow,dealer,sr,back,1,no,yes,no,,3,7.33,no,no,52713,8067,113,0.0635,5497,1491,194,824,100,2.46,0.5,2056,0.8728,650,100,136,0.0,1.0,200,0.0,0,5,1,hat,hairpin,wristwatch,yellow,red,tank,smg,front,1,yes,yes,no,,3,8.83,no,no,134170,3913,148,0.0816,6197,109,2219,518,520,2.0,0.8,1264,0.7583,350,100,100,0.35,1.0,200,0.0,0,20,4,shoes,badge,amulet,blue,blue,dealer,ar,middle,0,yes,yes,no,,3,3.33,no,no,69289,6276,108,0.0609,5932,709,1239,733,100,2.46,0.5,1380,0.7798,650,100,100,0.35,1.0,200,0.0,0,15,3,hat,badge,wristwatch,blue,blue,dealer,ar,middle,0,yes,yes,no,,3,3.33,no,no,69289,6276,108,0.0609,5932,709,1239,733,100,2.46,0.5,1380,0.7798,650,100,100,0.35,1.0,200,0.0,0,15,3,hat,badge,wristwatch,yellow,yellow,tank,sg,front,2,no,yes,yes,self,4,7.63,no,no,111386,4757,2792,0.6262,7077,615,246,505,520,2.0,1.0,1948,0.8608,350,100,100,0.0,1.0,200,0.0,0,8,1,shoes,bag,amulet,yellow,yellow,dealer,sr,back,1,no,yes,no,,3,7.33,no,no,52713,8067,113,0.0635,5497,1491,194,824,100,2.46,0.5,2056,0.8728,650,100,136,0.0,1.0,200,0.0,0,5,1,hat,hairpin,wristwatch,yellow,red,tank,smg,front,1,yes,yes,no,,3,8.83,no,no,134170,3913,148,0.0816,6197,109,2219,518,520,2.0,0.8,1264,0.7583,350,100,100,0.35,1.0,200,0.0,0,20,4,shoes,badge,amulet,yellow,red,support,1,no,yes,no,,4,14.53,no,46530,7493,1804,8526,1160,191,1241,2.26,2194,0.8869,100,100,0.0,1.0,gloves,bag,wristwatch,blue,support,2,yes,no,,3,4.93,yes,43517,8150,2060,8069,660,786,734,2.46,1582,0.8127,100,100,0.0,1.0,hat,bag,wristwatch,yellow,red,support,1,no,yes,no,4,14.53,no,46530,7493,1804,8526,1160,191,1241,2.26,2194,0.8869,100,100,0.0,1.0,gloves,bag,wristwatch,blue,support,2,yes,no,3,4.93,yes,43517,8150,2060,8069,660,786,734,2.46,1582,0.8127,100,100,0.0,1.0,hat,bag,wristwatch,1.3,0.75,1.3,0.75,1.3,0.75,1.1,0.45,1.1,0.45,1.0,0.3,1.3,0.75,1.3,0.75,1.0,0.3,0.8,0.0,1.0,0.3,0.8,0.0,19,3.1666666666666665,0.408248290463863,20,3.333333333333333,0.5163977794943222,1,0.1666666666666669,0.1081494890304591,43.88,7.313333333333333,4.0400082508166575,46.58,7.763333333333333,3.868160630928693,2.699999999999996,0.4499999999999993,-0.1718476198879646,469111,78185.16666666667,40161.939502054265,457605,76267.5,37805.916567384,-11506,-1917.6666666666715,-2356.0229346702617,38924,6487.333333333333,1736.746690414773,38656,6442.666666666667,1784.6629560414667,-268,-44.66666666666606,47.91626562669376,6830,1138.3333333333333,1141.397856431607,7025,1170.8333333333333,1192.854796975167,195,32.5,51.45694054356,42301,7050.166666666667,1316.6000784849844,41298,6883.0,1219.8093293625852,-1003,-167.16666666666697,-96.79074912239912,4784,797.3333333333334,476.1145520425381,4744,790.6666666666666,478.77872411654494,-40,-6.666666666666743,2.664172074006899,4846,807.6666666666666,810.4481887614203,4875,812.5,806.2969056123185,29,4.833333333333371,-4.1512831491018005,4568,761.3333333333334,266.0749267906818,4555,759.1666666666666,268.494630610496,-13,-2.1666666666667425,2.419703819814174,0.5,0.5,0.5,0.5,0.25,0.5,0.25,0.25,0.5,0.25,20.714806405353727,22.358182678158503,13.184315730754928,27.180647840531563,20.87952736318408,13.006027643485806,26.81309097878865,19.798139738687063,20.85948816369968,20.124196431036403,-0.7352917326632742,14.19429801147738,15.951671779141105,15.07298489530924,14.002352195382358,15.245782208588956,14.62406720198566,-0.4489176933235814
reisa,iori,marina,tshiroko,sayane,sshiroko,tshiroko,hoshino,iori,marina,sayane,sshiroko,1,yellow,yellow,tank,sg,front,1,no,yes,yes,self,3,4.93,no,yes,122892,5025,2597,0.6091,8080,655,217,518,520,2.0,0.8,1812,0.8444,350,100,100,0.0,1.0,200,0.0,0,8,2,shoes,bag,amulet,yellow,yellow,dealer,sr,back,1,no,yes,no,,3,7.33,no,no,52713,8067,113,0.0635,5497,1491,194,824,100,2.46,0.5,2056,0.8728,650,100,136,0.0,1.0,200,0.0,0,5,1,hat,hairpin,wristwatch,yellow,red,tank,smg,front,1,yes,yes,no,,3,8.83,no,no,134170,3913,148,0.0816,6197,109,2219,518,520,2.0,0.8,1264,0.7583,350,100,100,0.35,1.0,200,0.0,0,20,4,shoes,badge,amulet,blue,blue,dealer,ar,middle,0,yes,yes,no,,3,3.33,no,no,69289,6276,108,0.0609,5932,709,1239,733,100,2.46,0.5,1380,0.7798,650,100,100,0.35,1.0,200,0.0,0,15,3,hat,badge,wristwatch,blue,blue,dealer,ar,middle,0,yes,yes,no,,3,3.33,no,no,69289,6276,108,0.0609,5932,709,1239,733,100,2.46,0.5,1380,0.7798,650,100,100,0.35,1.0,200,0.0,0,15,3,hat,badge,wristwatch,yellow,yellow,tank,sg,front,2,no,yes,yes,self,4,7.63,no,no,111386,4757,2792,0.6262,7077,615,246,505,520,2.0,1.0,1948,0.8608,350,100,100,0.0,1.0,200,0.0,0,8,1,shoes,bag,amulet,yellow,yellow,dealer,sr,back,1,no,yes,no,,3,7.33,no,no,52713,8067,113,0.0635,5497,1491,194,824,100,2.46,0.5,2056,0.8728,650,100,136,0.0,1.0,200,0.0,0,5,1,hat,hairpin,wristwatch,yellow,red,tank,smg,front,1,yes,yes,no,,3,8.83,no,no,134170,3913,148,0.0816,6197,109,2219,518,520,2.0,0.8,1264,0.7583,350,100,100,0.35,1.0,200,0.0,0,20,4,shoes,badge,amulet,yellow,red,support,1,no,yes,no,,4,14.53,no,46530,7493,1804,8526,1160,191,1241,2.26,2194,0.8869,100,100,0.0,1.0,gloves,bag,wristwatch,blue,support,2,yes,no,,3,4.93,yes,43517,8150,2060,8069,660,786,734,2.46,1582,0.8127,100,100,0.0,1.0,hat,bag,wristwatch,yellow,red,support,1,no,yes,no,4,14.53,no,46530,7493,1804,8526,1160,191,1241,2.26,2194,0.8869,100,100,0.0,1.0,gloves,bag,wristwatch,blue,support,2,yes,no,3,4.93,yes,43517,8150,2060,8069,660,786,734,2.46,1582,0.8127,100,100,0.0,1.0,hat,bag,wristwatch,1.3,0.75,1.3,0.75,1.3,0.75,1.1,0.45,1.1,0.45,1.0,0.3,1.3,0.75,1.3,0.75,1.0,0.3,0.8,0.0,1.0,0.3,0.8,0.0,19,3.1666666666666665,0.408248290463863,20,3.333333333333333,0.5163977794943222,1,0.1666666666666669,0.1081494890304591,43.88,7.313333333333333,4.0400082508166575,46.58,7.763333333333333,3.868160630928693,2.699999999999996,0.4499999999999993,-0.1718476198879646,469111,78185.16666666667,40161.939502054265,457605,76267.5,37805.916567384,-11506,-1917.6666666666715,-2356.0229346702617,38924,6487.333333333333,1736.746690414773,38656,6442.666666666667,1784.6629560414667,-268,-44.66666666666606,47.91626562669376,6830,1138.3333333333333,1141.397856431607,7025,1170.8333333333333,1192.854796975167,195,32.5,51.45694054356,42301,7050.166666666667,1316.6000784849844,41298,6883.0,1219.8093293625852,-1003,-167.16666666666697,-96.79074912239912,4784,797.3333333333334,476.1145520425381,4744,790.6666666666666,478.77872411654494,-40,-6.666666666666743,2.664172074006899,4846,807.6666666666666,810.4481887614203,4875,812.5,806.2969056123185,29,4.833333333333371,-4.1512831491018005,4568,761.3333333333334,266.0749267906818,4555,759.1666666666666,268.494630610496,-13,-2.1666666666667425,2.419703819814174,0.5,0.5,0.5,0.5,0.25,0.5,0.25,0.25,0.5,0.25,20.714806405353727,22.358182678158503,13.184315730754928,27.180647840531563,20.87952736318408,13.006027643485806,26.81309097878865,19.798139738687063,20.85948816369968,20.124196431036403,-0.7352917326632742,14.19429801147738,15.951671779141105,15.07298489530924,14.002352195382358,15.245782208588956,14.62406720198566,-0.4489176933235814
marina,tshiroko,shun,hoshino,sayane,sshiroko,tshiroko,hoshino,marina,iori,sayane,sshiroko,1,yellow,red,tank,smg,front,1,yes,yes,no,,3,8.83,no,no,134170,3913,148,0.0816,6197,109,2219,518,520,2.0,0.8,1264,0.7583,350,100,100,0.35,1.0,200,0.0,0,20,4,shoes,badge,amulet,blue,blue,dealer,ar,middle,0,yes,yes,no,,3,3.33,no,no,69289,6276,108,0.0609,5932,709,1239,733,100,2.46,0.5,1380,0.7798,650,100,100,0.35,1.0,200,0.0,0,15,3,hat,badge,wristwatch,red,red,dealer,sr,back,1,no,yes,no,,3,2.47,yes,no,46867,10930,108,0.0609,5715,1128,201,1382,100,2.26,0.5,1980,0.8644,750,100,136,0.0,1.0,200,0.0,0,20,1,gloves,hairpin,wristwatch,yellow,yellow,tank,sg,front,2,no,yes,yes,self,4,7.63,no,no,111386,4757,2792,0.6262,7077,615,246,505,520,2.0,1.0,1948,0.8608,350,100,100,0.0,1.0,200,0.0,0,8,1,shoes,bag,amulet,blue,blue,dealer,ar,middle,0,yes,yes,no,,3,3.33,no,no,69289,6276,108,0.0609,5932,709,1239,733,100,2.46,0.5,1380,0.7798,650,100,100,0.35,1.0,200,0.0,0,15,3,hat,badge,wristwatch,yellow,yellow,tank,sg,front,2,no,yes,yes,self,4,7.63,no,no,111386,4757,2792,0.6262,7077,615,246,505,520,2.0,1.0,1948,0.8608,350,100,100,0.0,1.0,200,0.0,0,8,1,shoes,bag,amulet,yellow,red,tank,smg,front,1,yes,yes,no,,3,8.83,no,no,134170,3913,148,0.0816,6197,109,2219,518,520,2.0,0.8,1264,0.7583,350,100,100,0.35,1.0,200,0.0,0,20,4,shoes,badge,amulet,yellow,yellow,dealer,sr,back,1,no,yes,no,,3,7.33,no,no,52713,8067,113,0.0635,5497,1491,194,824,100,2.46,0.5,2056,0.8728,650,100,136,0.0,1.0,200,0.0,0,5,1,hat,hairpin,wristwatch,yellow,red,support,1,no,yes,no,,4,14.53,no,46530,7493,1804,8526,1160,191,1241,2.26,2194,0.8869,100,100,0.0,1.0,gloves,bag,wristwatch,blue,support,2,yes,no,,3,4.93,yes,43517,8150,2060,8069,660,786,734,2.46,1582,0.8127,100,100,0.0,1.0,hat,bag,wristwatch,yellow,red,support,1,no,yes,no,4,14.53,no,46530,7493,1804,8526,1160,191,1241,2.26,2194,0.8869,100,100,0.0,1.0,gloves,bag,wristwatch,blue,support,2,yes,no,3,4.93,yes,43517,8150,2060,8069,660,786,734,2.46,1582,0.8127,100,100,0.0,1.0,hat,bag,wristwatch,1.3,0.75,1.1,0.45,0.8,0.0,1.0,0.3,1.1,0.45,1.0,0.3,1.3,0.75,1.3,0.75,1.0,0.3,0.8,0.0,1.0,0.3,0.8,0.0,20,3.333333333333333,0.5163977794943222,20,3.333333333333333,0.5163977794943222,0,0.0,0.0,41.72,6.953333333333333,4.44315953648602,46.58,7.763333333333333,3.868160630928693,4.859999999999999,0.8099999999999996,-0.5749989055573268,451759,75293.16666666667,38601.33576661132,457605,76267.5,37805.916567384,5846,974.3333333333284,-795.419199227319,41519,6919.833333333333,2532.061722523104,38656,6442.666666666667,1784.6629560414667,-2863,-477.16666666666606,-747.3987664816373,7020,1170.0,1193.7430209220072,7025,1170.8333333333333,1192.854796975167,5,0.8333333333332575,-0.8882239468402986,41516,6919.333333333333,1172.6023480560946,41298,6883.0,1219.8093293625852,-218,-36.33333333333303,47.20698130649066,4381,730.1666666666666,386.6551004017233,4744,790.6666666666666,478.77872411654494,363,60.5,92.12362371482168,4882,813.6666666666666,805.2273384993002,4875,812.5,806.2969056123185,-7,-1.1666666666666288,1.0695671130182518,5113,852.1666666666666,372.0942980840565,4555,759.1666666666666,268.494630610496,-558,-93.0,-103.59966747356049,0.5,0.5,0.5,0.5,0.25,0.5,0.25,0.25,0.5,0.25,17.465483588272782,25.596804708850115,31.117812420138,15.094087021197472,26.81309097878865,19.798139738687063,8.45750228728271,22.055838763926847,22.3185469346146,19.28114294217132,-3.0374039924432807,16.250367009208595,13.449493865030677,14.849930437119635,14.002352195382356,15.245782208588958,14.624067201985657,-0.2258632351339784
tshiroko,iori,shun,hoshino,nagisa,sshiroko,tshiroko,hoshino,marina,iori,sayane,sshiroko,1,blue,blue,dealer,ar,middle,0,yes,yes,no,,3,3.33,no,no,69289,6276,108,0.0609,5932,709,1239,733,100,2.46,0.5,1380,0.7798,650,100,100,0.35,1.0,200,0.0,0,15,3,hat,badge,wristwatch,yellow,yellow,dealer,sr,back,1,no,yes,no,,3,7.33,no,no,52713,8067,113,0.0635,5497,1491,194,824,100,2.46,0.5,2056,0.8728,650,100,136,0.0,1.0,200,0.0,0,5,1,hat,hairpin,wristwatch,red,red,dealer,sr,back,1,no,yes,no,,3,2.47,yes,no,46867,10930,108,0.0609,5715,1128,201,1382,100,2.26,0.5,1980,0.8644,750,100,136,0.0,1.0,200,0.0,0,20,1,gloves,hairpin,wristwatch,yellow,yellow,tank,sg,front,2,no,yes,yes,self,4,7.63,no,no,111386,4757,2792,0.6262,7077,615,246,505,520,2.0,1.0,1948,0.8608,350,100,100,0.0,1.0,200,0.0,0,8,1,shoes,bag,amulet,blue,blue,dealer,ar,middle,0,yes,yes,no,,3,3.33,no,no,69289,6276,108,0.0609,5932,709,1239,733,100,2.46,0.5,1380,0.7798,650,100,100,0.35,1.0,200,0.0,0,15,3,hat,badge,wristwatch,yellow,yellow,tank,sg,front,2,no,yes,yes,self,4,7.63,no,no,111386,4757,2792,0.6262,7077,615,246,505,520,2.0,1.0,1948,0.8608,350,100,100,0.0,1.0,200,0.0,0,8,1,shoes,bag,amulet,yellow,red,tank,smg,front,1,yes,yes,no,,3,8.83,no,no,134170,3913,148,0.0816,6197,109,2219,518,520,2.0,0.8,1264,0.7583,350,100,100,0.35,1.0,200,0.0,0,20,4,shoes,badge,amulet,yellow,yellow,dealer,sr,back,1,no,yes,no,,3,7.33,no,no,52713,8067,113,0.0635,5497,1491,194,824,100,2.46,0.5,2056,0.8728,650,100,136,0.0,1.0,200,0.0,0,5,1,hat,hairpin,wristwatch,red,,support,1,,yes,yes,one,3,6.83,no,44099,7734,2061,11519,759,977,682,2.46,1132,0.731,100,100,0.0,1.0,hat,bag,wristwatch,blue,support,2,yes,no,,3,4.93,yes,43517,8150,2060,8069,660,786,734,2.46,1582,0.8127,100,100,0.0,1.0,hat,bag,wristwatch,yellow,red,support,1,no,yes,no,4,14.53,no,46530,7493,1804,8526,1160,191,1241,2.26,2194,0.8869,100,100,0.0,1.0,gloves,bag,wristwatch,blue,support,2,yes,no,3,4.93,yes,43517,8150,2060,8069,660,786,734,2.46,1582,0.8127,100,100,0.0,1.0,hat,bag,wristwatch,1.1,0.45,1.3,0.75,0.8,0.0,1.0,0.3,1.1,0.45,1.0,0.3,1.3,0.75,1.3,0.75,1.3,0.75,0.8,0.0,1.0,0.3,0.8,0.0,19,3.1666666666666665,0.4082482904638629,20,3.333333333333333,0.5163977794943222,1,0.1666666666666669,0.1081494890304592,32.52,5.420000000000001,2.183162843216236,46.58,7.763333333333333,3.868160630928693,14.059999999999995,2.343333333333332,1.684997787712457,367871,61311.833333333336,26330.925638242697,457605,76267.5,37805.916567384,89734,14955.666666666664,11474.990929141306,45914,7652.333333333333,2071.0691602809084,38656,6442.666666666667,1784.6629560414667,-7258,-1209.666666666666,-286.40620423944165,7242,1207.0,1231.3884845977732,7025,1170.8333333333333,1192.854796975167,-217,-36.16666666666674,-38.53368762260629,43809,7301.5,2283.659147070771,41298,6883.0,1219.8093293625852,-2511,-418.5,-1063.8498177081856,5362,893.6666666666666,345.3147356639544,4744,790.6666666666666,478.77872411654494,-618,-103.0,133.46398845259057,3643,607.1666666666666,454.77265382459694,4875,812.5,806.2969056123185,1232,205.33333333333337,351.52425178772154,4860,810.0,299.4975792890487,4555,759.1666666666666,268.494630610496,-305,-50.83333333333337,-31.00294867855274,0.75,0.25,0.5,0.5,0.5,0.25,0.25,0.25,0.5,0.25,16.320486775015933,12.879572209375656,15.657583695374392,7.594908268253379,19.798139738687063,13.006027643485806,8.45750228728271,22.055838763926847,13.113137737004838,15.829377108345604,2.716239371340768,8.176714933938342,12.567776073619632,10.372245503778986,11.952482544608223,15.245782208588958,13.59913237659859,3.226886872819604
tshiroko,shun,nyharuna,hoshino,sayane,sshiroko,tshiroko,hoshino,marina,iori,sayane,sshiroko,1,blue,blue,dealer,ar,middle,0,yes,yes,no,,3,3.33,no,no,69289,6276,108,0.0609,5932,709,1239,733,100,2.46,0.5,1380,0.7798,650,100,100,0.35,1.0,200,0.0,0,15,3,hat,badge,wristwatch,red,red,dealer,sr,back,1,no,yes,no,,3,2.47,yes,no,46867,10930,108,0.0609,5715,1128,201,1382,100,2.26,0.5,1980,0.8644,750,100,136,0.0,1.0,200,0.0,0,20,1,gloves,hairpin,wristwatch,red,red,dealer,sr,back,2,no,yes,no,,5,4.1,no,no,47527,10880,104,0.0587,6430,1161,190,1339,100,2.26,0.5,1908,0.8561,750,100,136,0.0,1.0,200,0.0,0,5,1,gloves,hairpin,wristwatch,yellow,yellow,tank,sg,front,2,no,yes,yes,self,4,7.63,no,no,111386,4757,2792,0.6262,7077,615,246,505,520,2.0,1.0,1948,0.8608,350,100,100,0.0,1.0,200,0.0,0,8,1,shoes,bag,amulet,blue,blue,dealer,ar,middle,0,yes,yes,no,,3,3.33,no,no,69289,6276,108,0.0609,5932,709,1239,733,100,2.46,0.5,1380,0.7798,650,100,100,0.35,1.0,200,0.0,0,15,3,hat,badge,wristwatch,yellow,yellow,tank,sg,front,2,no,yes,yes,self,4,7.63,no,no,111386,4757,2792,0.6262,7077,615,246,505,520,2.0,1.0,1948,0.8608,350,100,100,0.0,1.0,200,0.0,0,8,1,shoes,bag,amulet,yellow,red,tank,smg,front,1,yes,yes,no,,3,8.83,no,no,134170,3913,148,0.0816,6197,109,2219,518,520,2.0,0.8,1264,0.7583,350,100,100,0.35,1.0,200,0.0,0,20,4,shoes,badge,amulet,yellow,yellow,dealer,sr,back,1,no,yes,no,,3,7.33,no,no,52713,8067,113,0.0635,5497,1491,194,824,100,2.46,0.5,2056,0.8728,650,100,136,0.0,1.0,200,0.0,0,5,1,hat,hairpin,wristwatch,yellow,red,support,1,no,yes,no,,4,14.53,no,46530,7493,1804,8526,1160,191,1241,2.26,2194,0.8869,100,100,0.0,1.0,gloves,bag,wristwatch,blue,support,2,yes,no,,3,4.93,yes,43517,8150,2060,8069,660,786,734,2.46,1582,0.8127,100,100,0.0,1.0,hat,bag,wristwatch,yellow,red,support,1,no,yes,no,4,14.53,no,46530,7493,1804,8526,1160,191,1241,2.26,2194,0.8869,100,100,0.0,1.0,gloves,bag,wristwatch,blue,support,2,yes,no,3,4.93,yes,43517,8150,2060,8069,660,786,734,2.46,1582,0.8127,100,100,0.0,1.0,hat,bag,wristwatch,1.1,0.45,0.8,0.0,1.0,0.3,1.0,0.3,1.1,0.45,1.0,0.3,1.3,0.75,1.3,0.75,1.0,0.3,0.8,0.0,1.0,0.3,0.8,0.0,22,3.6666666666666665,0.816496580927726,20,3.333333333333333,0.5163977794943222,-2,-0.333333333333333,-0.3000988014334038,36.99,6.165,4.463163676138262,46.58,7.763333333333333,3.868160630928693,9.589999999999996,1.5983333333333327,-0.5950030452095687,365116,60852.66666666666,26471.214106396157,457605,76267.5,37805.916567384,92489,15414.833333333336,11334.70246098785,48486,8081.0,2474.2153503686777,38656,6442.666666666667,1784.6629560414667,-9830,-1638.333333333333,-689.552394327211,6976,1162.6666666666667,1201.3876421316588,7025,1170.8333333333333,1192.854796975167,49,8.166666666666515,-8.53284515649193,41749,6958.166666666667,1147.4854973665972,41298,6883.0,1219.8093293625852,-451,-75.16666666666697,72.32383199598803,5433,905.5,269.380585788954,4744,790.6666666666666,478.77872411654494,-689,-114.83333333333336,209.39813832759097,2853,475.5,440.4119662316182,4875,812.5,806.2969056123185,2022,337.0,365.8849393807003,5934,989.0,375.5715644188202,4555,759.1666666666666,268.494630610496,-1379,-229.83333333333337,-107.0769338083242,0.75,0.25,0.5,0.5,0.5,0.25,0.25,0.25,0.5,0.25,14.0141212555768,16.489909606895104,20.04663940710452,9.723875046485682,19.798139738687063,8.45750228728271,8.496369485294117,22.055838763926847,15.068636329015527,14.701962568797684,-0.3666737602178429,10.468770852795943,10.791733128834355,10.630251990815148,14.002352195382356,15.245782208588958,14.624067201985657,3.993815211170508
reisa,tshiroko,shun,marina,sayane,sshiroko,tshiroko,hoshino,marina,iori,sayane,sshiroko,1,yellow,yellow,tank,sg,front,1,no,yes,yes,self,3,4.93,no,yes,122892,5025,2597,0.6091,8080,655,217,518,520,2.0,0.8,1812,0.8444,350,100,100,0.0,1.0,200,0.0,0,8,2,shoes,bag,amulet,blue,blue,dealer,ar,middle,0,yes,yes,no,,3,3.33,no,no,69289,6276,108,0.0609,5932,709,1239,733,100,2.46,0.5,1380,0.7798,650,100,100,0.35,1.0,200,0.0,0,15,3,hat,badge,wristwatch,red,red,dealer,sr,back,1,no,yes,no,,3,2.47,yes,no,46867,10930,108,0.0609,5715,1128,201,1382,100,2.26,0.5,1980,0.8644,750,100,136,0.0,1.0,200,0.0,0,20,1,gloves,hairpin,wristwatch,yellow,red,tank,smg,front,1,yes,yes,no,,3,8.83,no,no,134170,3913,148,0.0816,6197,109,2219,518,520,2.0,0.8,1264,0.7583,350,100,100,0.35,1.0,200,0.0,0,20,4,shoes,badge,amulet,blue,blue,dealer,ar,middle,0,yes,yes,no,,3,3.33,no,no,69289,6276,108,0.0609,5932,709,1239,733,100,2.46,0.5,1380,0.7798,650,100,100,0.35,1.0,200,0.0,0,15,3,hat,badge,wristwatch,yellow,yellow,tank,sg,front,2,no,yes,yes,self,4,7.63,no,no,111386,4757,2792,0.6262,7077,615,246,505,520,2.0,1.0,1948,0.8608,350,100,100,0.0,1.0,200,0.0,0,8,1,shoes,bag,amulet,yellow,red,tank,smg,front,1,yes,yes,no,,3,8.83,no,no,134170,3913,148,0.0816,6197,109,2219,518,520,2.0,0.8,1264,0.7583,350,100,100,0.35,1.0,200,0.0,0,20,4,shoes,badge,amulet,yellow,yellow,dealer,sr,back,1,no,yes,no,,3,7.33,no,no,52713,8067,113,0.0635,5497,1491,194,824,100,2.46,0.5,2056,0.8728,650,100,136,0.0,1.0,200,0.0,0,5,1,hat,hairpin,wristwatch,yellow,red,support,1,no,yes,no,,4,14.53,no,46530,7493,1804,8526,1160,191,1241,2.26,2194,0.8869,100,100,0.0,1.0,gloves,bag,wristwatch,blue,support,2,yes,no,,3,4.93,yes,43517,8150,2060,8069,660,786,734,2.46,1582,0.8127,100,100,0.0,1.0,hat,bag,wristwatch,yellow,red,support,1,no,yes,no,4,14.53,no,46530,7493,1804,8526,1160,191,1241,2.26,2194,0.8869,100,100,0.0,1.0,gloves,bag,wristwatch,blue,support,2,yes,no,3,4.93,yes,43517,8150,2060,8069,660,786,734,2.46,1582,0.8127,100,100,0.0,1.0,hat,bag,wristwatch,1.3,0.75,1.1,0.45,0.8,0.0,1.3,0.75,1.1,0.45,1.0,0.3,1.3,0.75,1.3,0.75,1.0,0.3,0.8,0.0,1.0,0.3,0.8,0.0,19,3.1666666666666665,0.408248290463863,20,3.333333333333333,0.5163977794943222,1,0.1666666666666669,0.1081494890304591,39.02,6.503333333333334,4.497317719115102,46.58,7.763333333333333,3.868160630928693,7.559999999999995,1.259999999999999,-0.6291570881864095,463265,77210.83333333333,40966.34535526286,457605,76267.5,37805.916567384,-5660,-943.3333333333284,-3160.42878787886,41787,6964.5,2488.262747380188,38656,6442.666666666667,1784.6629560414667,-3131,-521.833333333333,-703.5997913387209,6825,1137.5,1142.2976407224169,7025,1170.8333333333333,1192.854796975167,200,33.33333333333326,50.55715625275002,42519,7086.5,1267.2491073186834,41298,6883.0,1219.8093293625852,-1221,-203.5,-47.43977795609817,4421,736.8333333333334,384.6117089567954,4744,790.6666666666666,478.77872411654494,323,53.83333333333326,94.16701515974955,4853,808.8333333333334,809.3924676364777,4875,812.5,806.2969056123185,22,3.6666666666666288,-3.095562024159221,5126,854.3333333333334,369.6986159923603,4555,759.1666666666666,268.494630610496,-571,-95.16666666666674,-101.20398538186436,0.5,0.5,0.5,0.5,0.25,0.5,0.25,0.25,0.5,0.25,18.38215025493945,25.89914862308177,31.48536928188091,15.272375108466592,20.87952736318408,19.798139738687063,8.45750228728271,26.81309097878865,22.759760817092182,18.987065091985624,-3.772695725106562,16.442312825303617,14.15538343558282,15.298848130443218,14.002352195382356,15.245782208588958,14.624067201985657,-0.6747809284575617
reisa,hoshino,marina,tshiroko,saki,sshiroko,tshiroko,hoshino,marina,iori,sayane,sshiroko,0,yellow,yellow,tank,sg,front,1,no,yes,yes,self,3,4.93,no,yes,122892,5025,2597,0.6091,8080,655,217,518,520,2.0,0.8,1812,0.8444,350,100,100,0.0,1.0,200,0.0,0,8,2,shoes,bag,amulet,yellow,yellow,tank,sg,front,2,no,yes,yes,self,4,7.63,no,no,111386,4757,2792,0.6262,7077,615,246,505,520,2.0,1.0,1948,0.8608,350,100,100,0.0,1.0,200,0.0,0,8,1,shoes,bag,amulet,yellow,red,tank,smg,front,1,yes,yes,no,,3,8.83,no,no,134170,3913,148,0.0816,6197,109,2219,518,520,2.0,0.8,1264,0.7583,350,100,100,0.35,1.0,200,0.0,0,20,4,shoes,badge,amulet,blue,blue,dealer,ar,middle,0,yes,yes,no,,3,3.33,no,no,69289,6276,108,0.0609,5932,709,1239,733,100,2.46,0.5,1380,0.7798,650,100,100,0.35,1.0,200,0.0,0,15,3,hat,badge,wristwatch,blue,blue,dealer,ar,middle,0,yes,yes,no,,3,3.33,no,no,69289,6276,108,0.0609,5932,709,1239,733,100,2.46,0.5,1380,0.7798,650,100,100,0.35,1.0,200,0.0,0,15,3,hat,badge,wristwatch,yellow,yellow,tank,sg,front,2,no,yes,yes,self,4,7.63,no,no,111386,4757,2792,0.6262,7077,615,246,505,520,2.0,1.0,1948,0.8608,350,100,100,0.0,1.0,200,0.0,0,8,1,shoes,bag,amulet,yellow,red,tank,smg,front,1,yes,yes,no,,3,8.83,no,no,134170,3913,148,0.0816,6197,109,2219,518,520,2.0,0.8,1264,0.7583,350,100,100,0.35,1.0,200,0.0,0,20,4,shoes,badge,amulet,yellow,yellow,dealer,sr,back,1,no,yes,no,,3,7.33,no,no,52713,8067,113,0.0635,5497,1491,194,824,100,2.46,0.5,2056,0.8728,650,100,136,0.0,1.0,200,0.0,0,5,1,hat,hairpin,wristwatch,yellow,,support,1,,yes,no,,4,7.0,no,41990,8970,2132,11438,101,197,202,2.2,1582,0.8127,186,100,0.0,1.0,hat,bag,necklace,blue,support,2,yes,no,,3,4.93,yes,43517,8150,2060,8069,660,786,734,2.46,1582,0.8127,100,100,0.0,1.0,hat,bag,wristwatch,yellow,red,support,1,no,yes,no,4,14.53,no,46530,7493,1804,8526,1160,191,1241,2.26,2194,0.8869,100,100,0.0,1.0,gloves,bag,wristwatch,blue,support,2,yes,no,3,4.93,yes,43517,8150,2060,8069,660,786,734,2.46,1582,0.8127,100,100,0.0,1.0,hat,bag,wristwatch,1.3,0.75,1.0,0.3,1.3,0.75,1.1,0.45,1.1,0.45,1.0,0.3,1.3,0.75,1.3,0.75,1.0,0.3,0.8,0.0,1.0,0.3,0.8,0.0,20,3.333333333333333,0.5163977794943222,20,3.333333333333333,0.5163977794943222,0,0.0,0.0,36.65,6.108333333333333,2.050077234317446,46.58,7.763333333333333,3.868160630928693,9.93,1.6549999999999994,1.818083396611247,523244,87207.33333333333,40836.29402218897,457605,76267.5,37805.916567384,-65639,-10939.833333333328,-3030.3774548049696,37091,6181.833333333333,2008.603436885108,38656,6442.666666666667,1784.6629560414667,1565,260.83333333333394,-223.94048084364115,9837,1639.5,1202.871855186578,7025,1170.8333333333333,1192.854796975167,-2812,-468.66666666666674,-10.01705821141104,46793,7798.833333333333,1998.3772833643468,41298,6883.0,1219.8093293625852,-5495,-915.833333333333,-778.5679540017616,2849,474.8333333333333,288.0322319926481,4744,790.6666666666666,478.77872411654494,1895,315.8333333333333,190.7464921238968,4904,817.3333333333334,801.8839483782343,4875,812.5,806.2969056123185,-29,-4.833333333333371,4.4129572340841605,3210,535.0,195.53618590941167,4555,759.1666666666666,268.494630610496,1345,224.16666666666663,72.95844470108429,0.25,0.75,0.5,0.5,0.0,0.75,0.25,0.25,0.5,0.25,25.38920092415551,23.89993693504309,29.05494505494506,14.093467212098677,20.87952736318408,22.055838763926847,26.81309097878865,19.798139738687063,23.109387531560586,22.38664921114665,-0.7227383204139315,15.17309488856266,19.551242331288343,17.3621686099255,11.696725195094762,15.245782208588958,13.47125370184186,-3.8909149080836407
marina,tshiroko,shun,hoshino,nagisa,sshiroko,iori,hoshino,marina,tshiroko,sayane,sshiroko,0,yellow,red,tank,smg,front,1,yes,yes,no,,3,8.83,no,no,134170,3913,148,0.0816,6197,109,2219,518,520,2.0,0.8,1264,0.7583,350,100,100,0.35,1.0,200,0.0,0,20,4,shoes,badge,amulet,blue,blue,dealer,ar,middle,0,yes,yes,no,,3,3.33,no,no,69289,6276,108,0.0609,5932,709,1239,733,100,2.46,0.5,1380,0.7798,650,100,100,0.35,1.0,200,0.0,0,15,3,hat,badge,wristwatch,red,red,dealer,sr,back,1,no,yes,no,,3,2.47,yes,no,46867,10930,108,0.0609,5715,1128,201,1382,100,2.26,0.5,1980,0.8644,750,100,136,0.0,1.0,200,0.0,0,20,1,gloves,hairpin,wristwatch,yellow,yellow,tank,sg,front,2,no,yes,yes,self,4,7.63,no,no,111386,4757,2792,0.6262,7077,615,246,505,520,2.0,1.0,1948,0.8608,350,100,100,0.0,1.0,200,0.0,0,8,1,shoes,bag,amulet,yellow,yellow,dealer,sr,back,1,no,yes,no,,3,7.33,no,no,52713,8067,113,0.0635,5497,1491,194,824,100,2.46,0.5,2056,0.8728,650,100,136,0.0,1.0,200,0.0,0,5,1,hat,hairpin,wristwatch,yellow,yellow,tank,sg,front,2,no,yes,yes,self,4,7.63,no,no,111386,4757,2792,0.6262,7077,615,246,505,520,2.0,1.0,1948,0.8608,350,100,100,0.0,1.0,200,0.0,0,8,1,shoes,bag,amulet,yellow,red,tank,smg,front,1,yes,yes,no,,3,8.83,no,no,134170,3913,148,0.0816,6197,109,2219,518,520,2.0,0.8,1264,0.7583,350,100,100,0.35,1.0,200,0.0,0,20,4,shoes,badge,amulet,blue,blue,dealer,ar,middle,0,yes,yes,no,,3,3.33,no,no,69289,6276,108,0.0609,5932,709,1239,733,100,2.46,0.5,1380,0.7798,650,100,100,0.35,1.0,200,0.0,0,15,3,hat,badge,wristwatch,red,,support,1,,yes,yes,one,3,6.83,no,44099,7734,2061,11519,759,977,682,2.46,1132,0.731,100,100,0.0,1.0,hat,bag,wristwatch,blue,support,2,yes,no,,3,4.93,yes,43517,8150,2060,8069,660,786,734,2.46,1582,0.8127,100,100,0.0,1.0,hat,bag,wristwatch,yellow,red,support,1,no,yes,no,4,14.53,no,46530,7493,1804,8526,1160,191,1241,2.26,2194,0.8869,100,100,0.0,1.0,gloves,bag,wristwatch,blue,support,2,yes,no,3,4.93,yes,43517,8150,2060,8069,660,786,734,2.46,1582,0.8127,100,100,0.0,1.0,hat,bag,wristwatch,1.3,0.75,1.1,0.45,0.8,0.0,1.0,0.3,1.3,0.75,1.0,0.3,1.3,0.75,1.1,0.45,1.3,0.75,0.8,0.0,1.0,0.3,0.8,0.0,19,3.1666666666666665,0.4082482904638629,20,3.333333333333333,0.5163977794943222,1,0.1666666666666669,0.1081494890304592,34.02,5.670000000000001,2.5074289621044104,46.58,7.763333333333333,3.868160630928693,12.559999999999995,2.093333333333332,1.3607316688242823,449328,74888.0,38974.5735884307,457605,76267.5,37805.916567384,8277,1379.5,-1168.6570210466962,41760,6960.0,2544.8516656182537,38656,6442.666666666667,1784.6629560414667,-3104,-517.333333333333,-760.188709576787,7277,1212.8333333333333,1225.2370246881485,7025,1170.8333333333333,1192.854796975167,-252,-42.0,-32.3822277129816,44509,7418.166666666667,2188.9508369688588,41298,6883.0,1219.8093293625852,-3211,-535.166666666667,-969.1415076062736,3980,663.3333333333334,327.6538824226972,4744,790.6666666666666,478.778724116545,764,127.33333333333326,151.12484169384777,5668,944.6666666666666,745.3795453771634,4875,812.5,806.2969056123185,-793,-132.16666666666663,60.91736023515512,4554,759.0,321.8558683634648,4555,759.1666666666666,268.494630610496,1,0.1666666666666287,-53.36123775296886,0.5,0.5,0.5,0.5,0.25,0.5,0.25,0.25,0.5,0.25,15.094087021197472,25.596804708850115,31.117812420138,17.465483588272782,26.81309097878865,19.798139738687063,8.457502287282708,22.055838763926843,22.318546934614595,19.28114294217132,-3.037403992443277,16.250367009208595,13.449493865030677,14.849930437119635,11.952482544608223,15.245782208588956,13.59913237659859,-1.2507980605210456
marina,tshiroko,shun,hoshino,nagisa,sshiroko,iori,hoshino,marina,tshiroko,sayane,sshiroko,0,yellow,red,tank,smg,front,1,yes,yes,no,,3,8.83,no,no,134170,3913,148,0.0816,6197,109,2219,518,520,2.0,0.8,1264,0.7583,350,100,100,0.35,1.0,200,0.0,0,20,4,shoes,badge,amulet,blue,blue,dealer,ar,middle,0,yes,yes,no,,3,3.33,no,no,69289,6276,108,0.0609,5932,709,1239,733,100,2.46,0.5,1380,0.7798,650,100,100,0.35,1.0,200,0.0,0,15,3,hat,badge,wristwatch,red,red,dealer,sr,back,1,no,yes,no,,3,2.47,yes,no,46867,10930,108,0.0609,5715,1128,201,1382,100,2.26,0.5,1980,0.8644,750,100,136,0.0,1.0,200,0.0,0,20,1,gloves,hairpin,wristwatch,yellow,yellow,tank,sg,front,2,no,yes,yes,self,4,7.63,no,no,111386,4757,2792,0.6262,7077,615,246,505,520,2.0,1.0,1948,0.8608,350,100,100,0.0,1.0,200,0.0,0,8,1,shoes,bag,amulet,yellow,yellow,dealer,sr,back,1,no,yes,no,,3,7.33,no,no,52713,8067,113,0.0635,5497,1491,194,824,100,2.46,0.5,2056,0.8728,650,100,136,0.0,1.0,200,0.0,0,5,1,hat,hairpin,wristwatch,yellow,yellow,tank,sg,front,2,no,yes,yes,self,4,7.63,no,no,111386,4757,2792,0.6262,7077,615,246,505,520,2.0,1.0,1948,0.8608,350,100,100,0.0,1.0,200,0.0,0,8,1,shoes,bag,amulet,yellow,red,tank,smg,front,1,yes,yes,no,,3,8.83,no,no,134170,3913,148,0.0816,6197,109,2219,518,520,2.0,0.8,1264,0.7583,350,100,100,0.35,1.0,200,0.0,0,20,4,shoes,badge,amulet,blue,blue,dealer,ar,middle,0,yes,yes,no,,3,3.33,no,no,69289,6276,108,0.0609,5932,709,1239,733,100,2.46,0.5,1380,0.7798,650,100,100,0.35,1.0,200,0.0,0,15,3,hat,badge,wristwatch,red,,support,1,,yes,yes,one,3,6.83,no,44099,7734,2061,11519,759,977,682,2.46,1132,0.731,100,100,0.0,1.0,hat,bag,wristwatch,blue,support,2,yes,no,,3,4.93,yes,43517,8150,2060,8069,660,786,734,2.46,1582,0.8127,100,100,0.0,1.0,hat,bag,wristwatch,yellow,red,support,1,no,yes,no,4,14.53,no,46530,7493,1804,8526,1160,191,1241,2.26,2194,0.8869,100,100,0.0,1.0,gloves,bag,wristwatch,blue,support,2,yes,no,3,4.93,yes,43517,8150,2060,8069,660,786,734,2.46,1582,0.8127,100,100,0.0,1.0,hat,bag,wristwatch,1.3,0.75,1.1,0.45,0.8,0.0,1.0,0.3,1.3,0.75,1.0,0.3,1.3,0.75,1.1,0.45,1.3,0.75,0.8,0.0,1.0,0.3,0.8,0.0,19,3.1666666666666665,0.4082482904638629,20,3.333333333333333,0.5163977794943222,1,0.1666666666666669,0.1081494890304592,34.02,5.670000000000001,2.5074289621044104,46.58,7.763333333333333,3.868160630928693,12.559999999999995,2.093333333333332,1.3607316688242823,449328,74888.0,38974.5735884307,457605,76267.5,37805.916567384,8277,1379.5,-1168.6570210466962,41760,6960.0,2544.8516656182537,38656,6442.666666666667,1784.6629560414667,-3104,-517.333333333333,-760.188709576787,7277,1212.8333333333333,1225.2370246881485,7025,1170.8333333333333,1192.854796975167,-252,-42.0,-32.3822277129816,44509,7418.166666666667,2188.9508369688588,41298,6883.0,1219.8093293625852,-3211,-535.166666666667,-969.1415076062736,3980,663.3333333333334,327.6538824226972,4744,790.6666666666666,478.778724116545,764,127.33333333333326,151.12484169384777,5668,944.6666666666666,745.3795453771634,4875,812.5,806.2969056123185,-793,-132.16666666666663,60.91736023515512,4554,759.0,321.8558683634648,4555,759.1666666666666,268.494630610496,1,0.1666666666666287,-53.36123775296886,0.5,0.5,0.5,0.5,0.25,0.5,0.25,0.25,0.5,0.25,15.094087021197472,25.596804708850115,31.117812420138,17.465483588272782,26.81309097878865,19.798139738687063,8.457502287282708,22.055838763926843,22.318546934614595,19.28114294217132,-3.037403992443277,16.250367009208595,13.449493865030677,14.849930437119635,11.952482544608223,15.245782208588956,13.59913237659859,-1.2507980605210456
marina,tshiroko,shun,hoshino,nagisa,sshiroko,iori,hoshino,marina,tshiroko,sayane,sshiroko,0,yellow,red,tank,smg,front,1,yes,yes,no,,3,8.83,no,no,134170,3913,148,0.0816,6197,109,2219,518,520,2.0,0.8,1264,0.7583,350,100,100,0.35,1.0,200,0.0,0,20,4,shoes,badge,amulet,blue,blue,dealer,ar,middle,0,yes,yes,no,,3,3.33,no,no,69289,6276,108,0.0609,5932,709,1239,733,100,2.46,0.5,1380,0.7798,650,100,100,0.35,1.0,200,0.0,0,15,3,hat,badge,wristwatch,red,red,dealer,sr,back,1,no,yes,no,,3,2.47,yes,no,46867,10930,108,0.0609,5715,1128,201,1382,100,2.26,0.5,1980,0.8644,750,100,136,0.0,1.0,200,0.0,0,20,1,gloves,hairpin,wristwatch,yellow,yellow,tank,sg,front,2,no,yes,yes,self,4,7.63,no,no,111386,4757,2792,0.6262,7077,615,246,505,520,2.0,1.0,1948,0.8608,350,100,100,0.0,1.0,200,0.0,0,8,1,shoes,bag,amulet,yellow,yellow,dealer,sr,back,1,no,yes,no,,3,7.33,no,no,52713,8067,113,0.0635,5497,1491,194,824,100,2.46,0.5,2056,0.8728,650,100,136,0.0,1.0,200,0.0,0,5,1,hat,hairpin,wristwatch,yellow,yellow,tank,sg,front,2,no,yes,yes,self,4,7.63,no,no,111386,4757,2792,0.6262,7077,615,246,505,520,2.0,1.0,1948,0.8608,350,100,100,0.0,1.0,200,0.0,0,8,1,shoes,bag,amulet,yellow,red,tank,smg,front,1,yes,yes,no,,3,8.83,no,no,134170,3913,148,0.0816,6197,109,2219,518,520,2.0,0.8,1264,0.7583,350,100,100,0.35,1.0,200,0.0,0,20,4,shoes,badge,amulet,blue,blue,dealer,ar,middle,0,yes,yes,no,,3,3.33,no,no,69289,6276,108,0.0609,5932,709,1239,733,100,2.46,0.5,1380,0.7798,650,100,100,0.35,1.0,200,0.0,0,15,3,hat,badge,wristwatch,red,,support,1,,yes,yes,one,3,6.83,no,44099,7734,2061,11519,759,977,682,2.46,1132,0.731,100,100,0.0,1.0,hat,bag,wristwatch,blue,support,2,yes,no,,3,4.93,yes,43517,8150,2060,8069,660,786,734,2.46,1582,0.8127,100,100,0.0,1.0,hat,bag,wristwatch,yellow,red,support,1,no,yes,no,4,14.53,no,46530,7493,1804,8526,1160,191,1241,2.26,2194,0.8869,100,100,0.0,1.0,gloves,bag,wristwatch,blue,support,2,yes,no,3,4.93,yes,43517,8150,2060,8069,660,786,734,2.46,1582,0.8127,100,100,0.0,1.0,hat,bag,wristwatch,1.3,0.75,1.1,0.45,0.8,0.0,1.0,0.3,1.3,0.75,1.0,0.3,1.3,0.75,1.1,0.45,1.3,0.75,0.8,0.0,1.0,0.3,0.8,0.0,19,3.1666666666666665,0.4082482904638629,20,3.333333333333333,0.5163977794943222,1,0.1666666666666669,0.1081494890304592,34.02,5.670000000000001,2.5074289621044104,46.58,7.763333333333333,3.868160630928693,12.559999999999995,2.093333333333332,1.3607316688242823,449328,74888.0,38974.5735884307,457605,76267.5,37805.916567384,8277,1379.5,-1168.6570210466962,41760,6960.0,2544.8516656182537,38656,6442.666666666667,1784.6629560414667,-3104,-517.333333333333,-760.188709576787,7277,1212.8333333333333,1225.2370246881485,7025,1170.8333333333333,1192.854796975167,-252,-42.0,-32.3822277129816,44509,7418.166666666667,2188.9508369688588,41298,6883.0,1219.8093293625852,-3211,-535.166666666667,-969.1415076062736,3980,663.3333333333334,327.6538824226972,4744,790.6666666666666,478.778724116545,764,127.33333333333326,151.12484169384777,5668,944.6666666666666,745.3795453771634,4875,812.5,806.2969056123185,-793,-132.16666666666663,60.91736023515512,4554,759.0,321.8558683634648,4555,759.1666666666666,268.494630610496,1,0.1666666666666287,-53.36123775296886,0.5,0.5,0.5,0.5,0.25,0.5,0.25,0.25,0.5,0.25,15.094087021197472,25.596804708850115,31.117812420138,17.465483588272782,26.81309097878865,19.798139738687063,8.457502287282708,22.055838763926843,22.318546934614595,19.28114294217132,-3.037403992443277,16.250367009208595,13.449493865030677,14.849930437119635,11.952482544608223,15.245782208588956,13.59913237659859,-1.2507980605210456
marina,tshiroko,shun,hoshino,nagisa,sshiroko,iori,hoshino,marina,tshiroko,sayane,sshiroko,1,yellow,red,tank,smg,front,1,yes,yes,no,,3,8.83,no,no,134170,3913,148,0.0816,6197,109,2219,518,520,2.0,0.8,1264,0.7583,350,100,100,0.35,1.0,200,0.0,0,20,4,shoes,badge,amulet,blue,blue,dealer,ar,middle,0,yes,yes,no,,3,3.33,no,no,69289,6276,108,0.0609,5932,709,1239,733,100,2.46,0.5,1380,0.7798,650,100,100,0.35,1.0,200,0.0,0,15,3,hat,badge,wristwatch,red,red,dealer,sr,back,1,no,yes,no,,3,2.47,yes,no,46867,10930,108,0.0609,5715,1128,201,1382,100,2.26,0.5,1980,0.8644,750,100,136,0.0,1.0,200,0.0,0,20,1,gloves,hairpin,wristwatch,yellow,yellow,tank,sg,front,2,no,yes,yes,self,4,7.63,no,no,111386,4757,2792,0.6262,7077,615,246,505,520,2.0,1.0,1948,0.8608,350,100,100,0.0,1.0,200,0.0,0,8,1,shoes,bag,amulet,yellow,yellow,dealer,sr,back,1,no,yes,no,,3,7.33,no,no,52713,8067,113,0.0635,5497,1491,194,824,100,2.46,0.5,2056,0.8728,650,100,136,0.0,1.0,200,0.0,0,5,1,hat,hairpin,wristwatch,yellow,yellow,tank,sg,front,2,no,yes,yes,self,4,7.63,no,no,111386,4757,2792,0.6262,7077,615,246,505,520,2.0,1.0,1948,0.8608,350,100,100,0.0,1.0,200,0.0,0,8,1,shoes,bag,amulet,yellow,red,tank,smg,front,1,yes,yes,no,,3,8.83,no,no,134170,3913,148,0.0816,6197,109,2219,518,520,2.0,0.8,1264,0.7583,350,100,100,0.35,1.0,200,0.0,0,20,4,shoes,badge,amulet,blue,blue,dealer,ar,middle,0,yes,yes,no,,3,3.33,no,no,69289,6276,108,0.0609,5932,709,1239,733,100,2.46,0.5,1380,0.7798,650,100,100,0.35,1.0,200,0.0,0,15,3,hat,badge,wristwatch,red,,support,1,,yes,yes,one,3,6.83,no,44099,7734,2061,11519,759,977,682,2.46,1132,0.731,100,100,0.0,1.0,hat,bag,wristwatch,blue,support,2,yes,no,,3,4.93,yes,43517,8150,2060,8069,660,786,734,2.46,1582,0.8127,100,100,0.0,1.0,hat,bag,wristwatch,yellow,red,support,1,no,yes,no,4,14.53,no,46530,7493,1804,8526,1160,191,1241,2.26,2194,0.8869,100,100,0.0,1.0,gloves,bag,wristwatch,blue,support,2,yes,no,3,4.93,yes,43517,8150,2060,8069,660,786,734,2.46,1582,0.8127,100,100,0.0,1.0,hat,bag,wristwatch,1.3,0.75,1.1,0.45,0.8,0.0,1.0,0.3,1.3,0.75,1.0,0.3,1.3,0.75,1.1,0.45,1.3,0.75,0.8,0.0,1.0,0.3,0.8,0.0,19,3.1666666666666665,0.4082482904638629,20,3.333333333333333,0.5163977794943222,1,0.1666666666666669,0.1081494890304592,34.02,5.670000000000001,2.5074289621044104,46.58,7.763333333333333,3.868160630928693,12.559999999999995,2.093333333333332,1.3607316688242823,449328,74888.0,38974.5735884307,457605,76267.5,37805.916567384,8277,1379.5,-1168.6570210466962,41760,6960.0,2544.8516656182537,38656,6442.666666666667,1784.6629560414667,-3104,-517.333333333333,-760.188709576787,7277,1212.8333333333333,1225.2370246881485,7025,1170.8333333333333,1192.854796975167,-252,-42.0,-32.3822277129816,44509,7418.166666666667,2188.9508369688588,41298,6883.0,1219.8093293625852,-3211,-535.166666666667,-969.1415076062736,3980,663.3333333333334,327.6538824226972,4744,790.6666666666666,478.778724116545,764,127.33333333333326,151.12484169384777,5668,944.6666666666666,745.3795453771634,4875,812.5,806.2969056123185,-793,-132.16666666666663,60.91736023515512,4554,759.0,321.8558683634648,4555,759.1666666666666,268.494630610496,1,0.1666666666666287,-53.36123775296886,0.5,0.5,0.5,0.5,0.25,0.5,0.25,0.25,0.5,0.25,15.094087021197472,25.596804708850115,31.117812420138,17.465483588272782,26.81309097878865,19.798139738687063,8.457502287282708,22.055838763926843,22.318546934614595,19.28114294217132,-3.037403992443277,16.250367009208595,13.449493865030677,14.849930437119635,11.952482544608223,15.245782208588956,13.59913237659859,-1.2507980605210456
marina,tshiroko,reisa,nymutsuki,saki,sshiroko,iori,hoshino,marina,tshiroko,sayane,sshiroko,1,yellow,red,tank,smg,front,1,yes,yes,no,,3,8.83,no,no,134170,3913,148,0.0816,6197,109,2219,518,520,2.0,0.8,1264,0.7583,350,100,100,0.35,1.0,200,0.0,0,20,4,shoes,badge,amulet,blue,blue,dealer,ar,middle,0,yes,yes,no,,3,3.33,no,no,69289,6276,108,0.0609,5932,709,1239,733,100,2.46,0.5,1380,0.7798,650,100,100,0.35,1.0,200,0.0,0,15,3,hat,badge,wristwatch,yellow,yellow,tank,sg,front,1,no,yes,yes,self,3,4.93,no,yes,122892,5025,2597,0.6091,8080,655,217,518,520,2.0,0.8,1812,0.8444,350,100,100,0.0,1.0,200,0.0,0,8,2,shoes,bag,amulet,blue,yellow,dealer,mg,back,1,no,yes,no,,2,4.67,no,no,62027,11562,418,0.2005,5939,324,640,1189,100,2.26,0.5,1328,0.7704,750,100,100,0.35,1.0,200,0.0,684,25,5,gloves,badge,wristwatch,yellow,yellow,dealer,sr,back,1,no,yes,no,,3,7.33,no,no,52713,8067,113,0.0635,5497,1491,194,824,100,2.46,0.5,2056,0.8728,650,100,136,0.0,1.0,200,0.0,0,5,1,hat,hairpin,wristwatch,yellow,yellow,tank,sg,front,2,no,yes,yes,self,4,7.63,no,no,111386,4757,2792,0.6262,7077,615,246,505,520,2.0,1.0,1948,0.8608,350,100,100,0.0,1.0,200,0.0,0,8,1,shoes,bag,amulet,yellow,red,tank,smg,front,1,yes,yes,no,,3,8.83,no,no,134170,3913,148,0.0816,6197,109,2219,518,520,2.0,0.8,1264,0.7583,350,100,100,0.35,1.0,200,0.0,0,20,4,shoes,badge,amulet,blue,blue,dealer,ar,middle,0,yes,yes,no,,3,3.33,no,no,69289,6276,108,0.0609,5932,709,1239,733,100,2.46,0.5,1380,0.7798,650,100,100,0.35,1.0,200,0.0,0,15,3,hat,badge,wristwatch,yellow,,support,1,,yes,no,,4,7.0,no,41990,8970,2132,11438,101,197,202,2.2,1582,0.8127,186,100,0.0,1.0,hat,bag,necklace,blue,support,2,yes,no,,3,4.93,yes,43517,8150,2060,8069,660,786,734,2.46,1582,0.8127,100,100,0.0,1.0,hat,bag,wristwatch,yellow,red,support,1,no,yes,no,4,14.53,no,46530,7493,1804,8526,1160,191,1241,2.26,2194,0.8869,100,100,0.0,1.0,gloves,bag,wristwatch,blue,support,2,yes,no,3,4.93,yes,43517,8150,2060,8069,660,786,734,2.46,1582,0.8127,100,100,0.0,1.0,hat,bag,wristwatch,1.3,0.75,1.1,0.45,1.3,0.75,1.0,0.3,1.3,0.75,1.0,0.3,1.3,0.75,1.1,0.45,1.0,0.3,0.8,0.0,1.0,0.3,0.8,0.0,18,3.0,0.6324555320336759,20,3.333333333333333,0.5163977794943222,2,0.3333333333333335,-0.1160577525393536,33.69,5.614999999999999,1.965052162157534,46.58,7.763333333333333,3.868160630928693,12.89,2.148333333333333,1.9031084687711588,473885,78980.83333333333,39953.48294913307,457605,76267.5,37805.916567384,-16280,-2713.3333333333285,-2147.566381749064,43896,7316.0,2806.0818947422044,38656,6442.666666666667,1784.6629560414667,-5240,-873.333333333333,-1021.4189387007376,7463,1243.8333333333333,1136.5735201326252,7025,1170.8333333333333,1192.854796975167,-438,-73.0,56.28127684254173,45655,7609.166666666667,2130.241997207516,41298,6883.0,1219.8093293625852,-4357,-726.166666666667,-910.4326678449306,2558,426.3333333333333,284.1842125570431,4744,790.6666666666666,478.778724116545,2186,364.3333333333333,194.59451155950188,5298,883.0,760.8208724791928,4875,812.5,806.2969056123185,-423,-70.5,45.476033133125725,3894,649.0,328.6371859665306,4555,759.1666666666666,268.494630610496,661,110.16666666666664,-60.14255535603462,0.5,0.5,0.5,0.5,0.25,0.5,0.25,0.25,0.5,0.25,13.328638279409942,22.60292726508304,27.47818170201891,21.45683954748247,26.81309097878865,19.798139738687063,20.87952736318408,10.746680937554055,21.21664669849859,19.559359754553466,-1.6572869439451274,14.34967636460697,16.52308282208589,15.43637959334643,11.69672519509476,15.245782208588956,13.471253701841858,-1.965125891504572
marina,iori,tshiroko,hoshino,hibiki,sshiroko,tshiroko,iori,marina,hoshino,sayane,sshiroko,0,yellow,red,tank,smg,front,1,yes,yes,no,,3,8.83,no,no,134170,3913,148,0.0816,6197,109,2219,518,520,2.0,0.8,1264,0.7583,350,100,100,0.35,1.0,200,0.0,0,20,4,shoes,badge,amulet,yellow,yellow,dealer,sr,back,1,no,yes,no,,3,7.33,no,no,52713,8067,113,0.0635,5497,1491,194,824,100,2.46,0.5,2056,0.8728,650,100,136,0.0,1.0,200,0.0,0,5,1,hat,hairpin,wristwatch,blue,blue,dealer,ar,middle,0,yes,yes,no,,3,3.33,no,no,69289,6276,108,0.0609,5932,709,1239,733,100,2.46,0.5,1380,0.7798,650,100,100,0.35,1.0,200,0.0,0,15,3,hat,badge,wristwatch,yellow,yellow,tank,sg,front,2,no,yes,yes,self,4,7.63,no,no,111386,4757,2792,0.6262,7077,615,246,505,520,2.0,1.0,1948,0.8608,350,100,100,0.0,1.0,200,0.0,0,8,1,shoes,bag,amulet,blue,blue,dealer,ar,middle,0,yes,yes,no,,3,3.33,no,no,69289,6276,108,0.0609,5932,709,1239,733,100,2.46,0.5,1380,0.7798,650,100,100,0.35,1.0,200,0.0,0,15,3,hat,badge,wristwatch,yellow,yellow,dealer,sr,back,1,no,yes,no,,3,7.33,no,no,52713,8067,113,0.0635,5497,1491,194,824,100,2.46,0.5,2056,0.8728,650,100,136,0.0,1.0,200,0.0,0,5,1,hat,hairpin,wristwatch,yellow,red,tank,smg,front,1,yes,yes,no,,3,8.83,no,no,134170,3913,148,0.0816,6197,109,2219,518,520,2.0,0.8,1264,0.7583,350,100,100,0.35,1.0,200,0.0,0,20,4,shoes,badge,amulet,yellow,yellow,tank,sg,front,2,no,yes,yes,self,4,7.63,no,no,111386,4757,2792,0.6262,7077,615,246,505,520,2.0,1.0,1948,0.8608,350,100,100,0.0,1.0,200,0.0,0,8,1,shoes,bag,amulet,red,,support,1,,yes,no,,4,4.0,no,43506,7070,437,7437,500,201,831,2.46,1141,0.7329,100,136,0.0,1.0,hat,hairpin,wristwatch,blue,support,2,yes,no,,3,4.93,yes,43517,8150,2060,8069,660,786,734,2.46,1582,0.8127,100,100,0.0,1.0,hat,bag,wristwatch,yellow,red,support,1,no,yes,no,4,14.53,no,46530,7493,1804,8526,1160,191,1241,2.26,2194,0.8869,100,100,0.0,1.0,gloves,bag,wristwatch,blue,support,2,yes,no,3,4.93,yes,43517,8150,2060,8069,660,786,734,2.46,1582,0.8127,100,100,0.0,1.0,hat,bag,wristwatch,1.3,0.75,1.3,0.75,1.1,0.45,1.0,0.3,1.1,0.45,1.3,0.75,1.3,0.75,1.0,0.3,1.0,0.3,0.8,0.0,1.0,0.3,0.8,0.0,20,3.333333333333333,0.5163977794943222,20,3.333333333333333,0.5163977794943222,0,0.0,0.0,36.05,6.008333333333333,2.2229747336995684,46.58,7.763333333333333,3.868160630928693,10.53,1.755,1.6451858972291244,454581,75763.5,38298.58879253908,457605,76267.5,37805.916567384,3024,504.0,-492.67222515507456,38233,6372.166666666667,1742.7354838490742,38656,6442.666666666667,1784.6629560414667,423,70.5,41.92747219239254,5658,943.0,1178.1914954709189,7025,1170.8333333333333,1192.854796975167,1367,227.8333333333333,14.663301504248238,40209,6701.5,984.8337423138994,41298,6883.0,1219.8093293625852,1089,181.5,234.97558704868584,4084,680.6666666666666,452.0233032340995,4744,790.6666666666666,478.77872411654494,660,110.0,26.755420882445435,4885,814.1666666666666,804.7641683541003,4875,812.5,806.2969056123185,-10,-1.6666666666666288,1.5327372582181624,4145,690.8333333333334,145.2080117165257,4555,759.1666666666666,268.494630610496,410,68.33333333333326,123.28661889397026,0.5,0.5,0.5,0.5,0.25,0.5,0.25,0.25,0.5,0.25,19.798139738687063,13.006027643485806,26.81309097878865,22.055838763926843,26.81309097878865,13.006027643485806,19.798139738687063,22.055838763926843,20.41827428122209,20.41827428122209,3.552713678800501e-15,14.002352195382356,15.245782208588956,14.624067201985657,13.075035360678925,15.245782208588956,14.160408784633942,-0.4636584173517128
tshiroko,iori,shun,hoshino,nagisa,sshiroko,tshiroko,iori,marina,hoshino,sayane,sshiroko,0,blue,blue,dealer,ar,middle,0,yes,yes,no,,3,3.33,no,no,69289,6276,108,0.0609,5932,709,1239,733,100,2.46,0.5,1380,0.7798,650,100,100,0.35,1.0,200,0.0,0,15,3,hat,badge,wristwatch,yellow,yellow,dealer,sr,back,1,no,yes,no,,3,7.33,no,no,52713,8067,113,0.0635,5497,1491,194,824,100,2.46,0.5,2056,0.8728,650,100,136,0.0,1.0,200,0.0,0,5,1,hat,hairpin,wristwatch,red,red,dealer,sr,back,1,no,yes,no,,3,2.47,yes,no,46867,10930,108,0.0609,5715,1128,201,1382,100,2.26,0.5,1980,0.8644,750,100,136,0.0,1.0,200,0.0,0,20,1,gloves,hairpin,wristwatch,yellow,yellow,tank,sg,front,2,no,yes,yes,self,4,7.63,no,no,111386,4757,2792,0.6262,7077,615,246,505,520,2.0,1.0,1948,0.8608,350,100,100,0.0,1.0,200,0.0,0,8,1,shoes,bag,amulet,blue,blue,dealer,ar,middle,0,yes,yes,no,,3,3.33,no,no,69289,6276,108,0.0609,5932,709,1239,733,100,2.46,0.5,1380,0.7798,650,100,100,0.35,1.0,200,0.0,0,15,3,hat,badge,wristwatch,yellow,yellow,dealer,sr,back,1,no,yes,no,,3,7.33,no,no,52713,8067,113,0.0635,5497,1491,194,824,100,2.46,0.5,2056,0.8728,650,100,136,0.0,1.0,200,0.0,0,5,1,hat,hairpin,wristwatch,yellow,red,tank,smg,front,1,yes,yes,no,,3,8.83,no,no,134170,3913,148,0.0816,6197,109,2219,518,520,2.0,0.8,1264,0.7583,350,100,100,0.35,1.0,200,0.0,0,20,4,shoes,badge,amulet,yellow,yellow,tank,sg,front,2,no,yes,yes,self,4,7.63,no,no,111386,4757,2792,0.6262,7077,615,246,505,520,2.0,1.0,1948,0.8608,350,100,100,0.0,1.0,200,0.0,0,8,1,shoes,bag,amulet,red,,support,1,,yes,yes,one,3,6.83,no,44099,7734,2061,11519,759,977,682,2.46,1132,0.731,100,100,0.0,1.0,hat,bag,wristwatch,blue,support,2,yes,no,,3,4.93,yes,43517,8150,2060,8069,660,786,734,2.46,1582,0.8127,100,100,0.0,1.0,hat,bag,wristwatch,yellow,red,support,1,no,yes,no,4,14.53,no,46530,7493,1804,8526,1160,191,1241,2.26,2194,0.8869,100,100,0.0,1.0,gloves,bag,wristwatch,blue,support,2,yes,no,3,4.93,yes,43517,8150,2060,8069,660,786,734,2.46,1582,0.8127,100,100,0.0,1.0,hat,bag,wristwatch,1.1,0.45,1.3,0.75,0.8,0.0,1.0,0.3,1.1,0.45,1.3,0.75,1.3,0.75,1.0,0.3,1.3,0.75,0.8,0.0,1.0,0.3,0.8,0.0,19,3.1666666666666665,0.4082482904638629,20,3.333333333333333,0.5163977794943222,1,0.1666666666666669,0.1081494890304592,32.52,5.420000000000001,2.183162843216236,46.58,7.763333333333333,3.868160630928693,14.059999999999995,2.343333333333332,1.684997787712457,367871,61311.833333333336,26330.925638242697,457605,76267.5,37805.916567384,89734,14955.666666666664,11474.990929141306,45914,7652.333333333333,2071.0691602809084,38656,6442.666666666667,1784.6629560414667,-7258,-1209.666666666666,-286.40620423944165,7242,1207.0,1231.3884845977732,7025,1170.8333333333333,1192.854796975167,-217,-36.16666666666674,-38.53368762260629,43809,7301.5,2283.659147070771,41298,6883.0,1219.8093293625852,-2511,-418.5,-1063.8498177081856,5362,893.6666666666666,345.3147356639544,4744,790.6666666666666,478.77872411654494,-618,-103.0,133.46398845259057,3643,607.1666666666666,454.77265382459694,4875,812.5,806.2969056123185,1232,205.33333333333337,351.52425178772154,4860,810.0,299.4975792890487,4555,759.1666666666666,268.494630610496,-305,-50.83333333333337,-31.00294867855274,0.75,0.25,0.5,0.5,0.5,0.25,0.25,0.25,0.5,0.25,16.320486775015933,7.594908268253379,15.657583695374392,12.879572209375656,19.798139738687063,13.006027643485806,8.457502287282708,22.055838763926843,13.11313773700484,15.829377108345604,2.716239371340764,8.176714933938342,12.567776073619632,10.372245503778986,11.952482544608223,15.245782208588956,13.599132376598591,3.2268868728196054
tshiroko,iori,hoshino,shun,nagisa,sshiroko,tshiroko,iori,marina,hoshino,sayane,sshiroko,1,blue,blue,dealer,ar,middle,0,yes,yes,no,,3,3.33,no,no,69289,6276,108,0.0609,5932,709,1239,733,100,2.46,0.5,1380,0.7798,650,100,100,0.35,1.0,200,0.0,0,15,3,hat,badge,wristwatch,yellow,yellow,dealer,sr,back,1,no,yes,no,,3,7.33,no,no,52713,8067,113,0.0635,5497,1491,194,824,100,2.46,0.5,2056,0.8728,650,100,136,0.0,1.0,200,0.0,0,5,1,hat,hairpin,wristwatch,yellow,yellow,tank,sg,front,2,no,yes,yes,self,4,7.63,no,no,111386,4757,2792,0.6262,7077,615,246,505,520,2.0,1.0,1948,0.8608,350,100,100,0.0,1.0,200,0.0,0,8,1,shoes,bag,amulet,red,red,dealer,sr,back,1,no,yes,no,,3,2.47,yes,no,46867,10930,108,0.0609,5715,1128,201,1382,100,2.26,0.5,1980,0.8644,750,100,136,0.0,1.0,200,0.0,0,20,1,gloves,hairpin,wristwatch,blue,blue,dealer,ar,middle,0,yes,yes,no,,3,3.33,no,no,69289,6276,108,0.0609,5932,709,1239,733,100,2.46,0.5,1380,0.7798,650,100,100,0.35,1.0,200,0.0,0,15,3,hat,badge,wristwatch,yellow,yellow,dealer,sr,back,1,no,yes,no,,3,7.33,no,no,52713,8067,113,0.0635,5497,1491,194,824,100,2.46,0.5,2056,0.8728,650,100,136,0.0,1.0,200,0.0,0,5,1,hat,hairpin,wristwatch,yellow,red,tank,smg,front,1,yes,yes,no,,3,8.83,no,no,134170,3913,148,0.0816,6197,109,2219,518,520,2.0,0.8,1264,0.7583,350,100,100,0.35,1.0,200,0.0,0,20,4,shoes,badge,amulet,yellow,yellow,tank,sg,front,2,no,yes,yes,self,4,7.63,no,no,111386,4757,2792,0.6262,7077,615,246,505,520,2.0,1.0,1948,0.8608,350,100,100,0.0,1.0,200,0.0,0,8,1,shoes,bag,amulet,red,,support,1,,yes,yes,one,3,6.83,no,44099,7734,2061,11519,759,977,682,2.46,1132,0.731,100,100,0.0,1.0,hat,bag,wristwatch,blue,support,2,yes,no,,3,4.93,yes,43517,8150,2060,8069,660,786,734,2.46,1582,0.8127,100,100,0.0,1.0,hat,bag,wristwatch,yellow,red,support,1,no,yes,no,4,14.53,no,46530,7493,1804,8526,1160,191,1241,2.26,2194,0.8869,100,100,0.0,1.0,gloves,bag,wristwatch,blue,support,2,yes,no,3,4.93,yes,43517,8150,2060,8069,660,786,734,2.46,1582,0.8127,100,100,0.0,1.0,hat,bag,wristwatch,1.1,0.45,1.3,0.75,1.0,0.3,0.8,0.0,1.1,0.45,1.3,0.75,1.3,0.75,1.0,0.3,1.3,0.75,0.8,0.0,1.0,0.3,0.8,0.0,19,3.1666666666666665,0.4082482904638629,20,3.333333333333333,0.5163977794943222,1,0.1666666666666669,0.1081494890304592,32.52,5.419999999999999,2.183162843216236,46.58,7.763333333333333,3.868160630928693,14.060000000000002,2.3433333333333337,1.684997787712457,367871,61311.833333333336,26330.925638242697,457605,76267.5,37805.916567384,89734,14955.666666666664,11474.990929141306,45914,7652.333333333333,2071.0691602809084,38656,6442.666666666667,1784.6629560414667,-7258,-1209.666666666666,-286.40620423944165,7242,1207.0,1231.3884845977732,7025,1170.8333333333333,1192.854796975167,-217,-36.16666666666674,-38.53368762260629,43809,7301.5,2283.659147070771,41298,6883.0,1219.8093293625852,-2511,-418.5,-1063.8498177081856,5362,893.6666666666666,345.3147356639544,4744,790.6666666666666,478.77872411654494,-618,-103.0,133.46398845259057,3643,607.1666666666666,454.77265382459694,4875,812.5,806.2969056123185,1232,205.33333333333337,351.52425178772154,4860,810.0,299.4975792890487,4555,759.1666666666666,268.494630610496,-305,-50.83333333333337,-31.00294867855274,0.75,0.25,0.5,0.5,0.5,0.25,0.25,0.25,0.5,0.25,16.320486775015933,7.594908268253379,15.657583695374392,12.879572209375656,19.798139738687063,13.006027643485806,22.055838763926843,8.457502287282708,13.11313773700484,15.829377108345604,2.716239371340764,8.176714933938342,12.56777607361963,10.372245503778986,11.952482544608223,15.245782208588956,13.599132376598591,3.2268868728196054
reisa,marina,hoshino,tshiroko,saki,sshiroko,tshiroko,iori,marina,hoshino,sayane,sshiroko,0,yellow,yellow,tank,sg,front,1,no,yes,yes,self,3,4.93,no,yes,122892,5025,2597,0.6091,8080,655,217,518,520,2.0,0.8,1812,0.8444,350,100,100,0.0,1.0,200,0.0,0,8,2,shoes,bag,amulet,yellow,red,tank,smg,front,1,yes,yes,no,,3,8.83,no,no,134170,3913,148,0.0816,6197,109,2219,518,520,2.0,0.8,1264,0.7583,350,100,100,0.35,1.0,200,0.0,0,20,4,shoes,badge,amulet,yellow,yellow,tank,sg,front,2,no,yes,yes,self,4,7.63,no,no,111386,4757,2792,0.6262,7077,615,246,505,520,2.0,1.0,1948,0.8608,350,100,100,0.0,1.0,200,0.0,0,8,1,shoes,bag,amulet,blue,blue,dealer,ar,middle,0,yes,yes,no,,3,3.33,no,no,69289,6276,108,0.0609,5932,709,1239,733,100,2.46,0.5,1380,0.7798,650,100,100,0.35,1.0,200,0.0,0,15,3,hat,badge,wristwatch,blue,blue,dealer,ar,middle,0,yes,yes,no,,3,3.33,no,no,69289,6276,108,0.0609,5932,709,1239,733,100,2.46,0.5,1380,0.7798,650,100,100,0.35,1.0,200,0.0,0,15,3,hat,badge,wristwatch,yellow,yellow,dealer,sr,back,1,no,yes,no,,3,7.33,no,no,52713,8067,113,0.0635,5497,1491,194,824,100,2.46,0.5,2056,0.8728,650,100,136,0.0,1.0,200,0.0,0,5,1,hat,hairpin,wristwatch,yellow,red,tank,smg,front,1,yes,yes,no,,3,8.83,no,no,134170,3913,148,0.0816,6197,109,2219,518,520,2.0,0.8,1264,0.7583,350,100,100,0.35,1.0,200,0.0,0,20,4,shoes,badge,amulet,yellow,yellow,tank,sg,front,2,no,yes,yes,self,4,7.63,no,no,111386,4757,2792,0.6262,7077,615,246,505,520,2.0,1.0,1948,0.8608,350,100,100,0.0,1.0,200,0.0,0,8,1,shoes,bag,amulet,yellow,,support,1,,yes,no,,4,7.0,no,41990,8970,2132,11438,101,197,202,2.2,1582,0.8127,186,100,0.0,1.0,hat,bag,necklace,blue,support,2,yes,no,,3,4.93,yes,43517,8150,2060,8069,660,786,734,2.46,1582,0.8127,100,100,0.0,1.0,hat,bag,wristwatch,yellow,red,support,1,no,yes,no,4,14.53,no,46530,7493,1804,8526,1160,191,1241,2.26,2194,0.8869,100,100,0.0,1.0,gloves,bag,wristwatch,blue,support,2,yes,no,3,4.93,yes,43517,8150,2060,8069,660,786,734,2.46,1582,0.8127,100,100,0.0,1.0,hat,bag,wristwatch,1.3,0.75,1.3,0.75,1.0,0.3,1.1,0.45,1.1,0.45,1.3,0.75,1.3,0.75,1.0,0.3,1.0,0.3,0.8,0.0,1.0,0.3,0.8,0.0,20,3.333333333333333,0.5163977794943222,20,3.333333333333333,0.5163977794943222,0,0.0,0.0,36.65,6.108333333333333,2.050077234317446,46.58,7.763333333333333,3.868160630928693,9.93,1.6549999999999994,1.818083396611247,523244,87207.33333333333,40836.29402218897,457605,76267.5,37805.916567384,-65639,-10939.833333333328,-3030.3774548049696,37091,6181.833333333333,2008.603436885108,38656,6442.666666666667,1784.6629560414667,1565,260.83333333333394,-223.94048084364115,9837,1639.5,1202.871855186578,7025,1170.8333333333333,1192.854796975167,-2812,-468.66666666666674,-10.01705821141104,46793,7798.833333333333,1998.3772833643463,41298,6883.0,1219.8093293625852,-5495,-915.833333333333,-778.5679540017613,2849,474.8333333333333,288.0322319926481,4744,790.6666666666666,478.77872411654494,1895,315.8333333333333,190.7464921238968,4904,817.3333333333334,801.8839483782343,4875,812.5,806.2969056123185,-29,-4.833333333333371,4.4129572340841605,3210,535.0,195.53618590941167,4555,759.1666666666666,268.494630610496,1345,224.16666666666663,72.95844470108429,0.25,0.75,0.5,0.5,0.0,0.75,0.25,0.25,0.5,0.25,25.389200924155517,14.093467212098677,29.05494505494505,23.89993693504309,20.87952736318408,26.81309097878865,22.055838763926843,19.798139738687063,23.109387531560586,22.38664921114665,-0.7227383204139315,15.17309488856266,19.551242331288343,17.3621686099255,11.696725195094762,15.245782208588956,13.47125370184186,-3.8909149080836407
marina,iori,tshiroko,hoshino,hibiki,sshiroko,tshiroko,iori,marina,hoshino,sayane,sshiroko,0,yellow,red,tank,smg,front,1,yes,yes,no,,3,8.83,no,no,134170,3913,148,0.0816,6197,109,2219,518,520,2.0,0.8,1264,0.7583,350,100,100,0.35,1.0,200,0.0,0,20,4,shoes,badge,amulet,yellow,yellow,dealer,sr,back,1,no,yes,no,,3,7.33,no,no,52713,8067,113,0.0635,5497,1491,194,824,100,2.46,0.5,2056,0.8728,650,100,136,0.0,1.0,200,0.0,0,5,1,hat,hairpin,wristwatch,blue,blue,dealer,ar,middle,0,yes,yes,no,,3,3.33,no,no,69289,6276,108,0.0609,5932,709,1239,733,100,2.46,0.5,1380,0.7798,650,100,100,0.35,1.0,200,0.0,0,15,3,hat,badge,wristwatch,yellow,yellow,tank,sg,front,2,no,yes,yes,self,4,7.63,no,no,111386,4757,2792,0.6262,7077,615,246,505,520,2.0,1.0,1948,0.8608,350,100,100,0.0,1.0,200,0.0,0,8,1,shoes,bag,amulet,blue,blue,dealer,ar,middle,0,yes,yes,no,,3,3.33,no,no,69289,6276,108,0.0609,5932,709,1239,733,100,2.46,0.5,1380,0.7798,650,100,100,0.35,1.0,200,0.0,0,15,3,hat,badge,wristwatch,yellow,yellow,dealer,sr,back,1,no,yes,no,,3,7.33,no,no,52713,8067,113,0.0635,5497,1491,194,824,100,2.46,0.5,2056,0.8728,650,100,136,0.0,1.0,200,0.0,0,5,1,hat,hairpin,wristwatch,yellow,red,tank,smg,front,1,yes,yes,no,,3,8.83,no,no,134170,3913,148,0.0816,6197,109,2219,518,520,2.0,0.8,1264,0.7583,350,100,100,0.35,1.0,200,0.0,0,20,4,shoes,badge,amulet,yellow,yellow,tank,sg,front,2,no,yes,yes,self,4,7.63,no,no,111386,4757,2792,0.6262,7077,615,246,505,520,2.0,1.0,1948,0.8608,350,100,100,0.0,1.0,200,0.0,0,8,1,shoes,bag,amulet,red,,support,1,,yes,no,,4,4.0,no,43506,7070,437,7437,500,201,831,2.46,1141,0.7329,100,136,0.0,1.0,hat,hairpin,wristwatch,blue,support,2,yes,no,,3,4.93,yes,43517,8150,2060,8069,660,786,734,2.46,1582,0.8127,100,100,0.0,1.0,hat,bag,wristwatch,yellow,red,support,1,no,yes,no,4,14.53,no,46530,7493,1804,8526,1160,191,1241,2.26,2194,0.8869,100,100,0.0,1.0,gloves,bag,wristwatch,blue,support,2,yes,no,3,4.93,yes,43517,8150,2060,8069,660,786,734,2.46,1582,0.8127,100,100,0.0,1.0,hat,bag,wristwatch,1.3,0.75,1.3,0.75,1.1,0.45,1.0,0.3,1.1,0.45,1.3,0.75,1.3,0.75,1.0,0.3,1.0,0.3,0.8,0.0,1.0,0.3,0.8,0.0,20,3.333333333333333,0.5163977794943222,20,3.333333333333333,0.5163977794943222,0,0.0,0.0,36.05,6.008333333333333,2.2229747336995684,46.58,7.763333333333333,3.868160630928693,10.53,1.755,1.6451858972291244,454581,75763.5,38298.58879253908,457605,76267.5,37805.916567384,3024,504.0,-492.67222515507456,38233,6372.166666666667,1742.7354838490742,38656,6442.666666666667,1784.6629560414667,423,70.5,41.92747219239254,5658,943.0,1178.1914954709189,7025,1170.8333333333333,1192.854796975167,1367,227.8333333333333,14.663301504248238,40209,6701.5,984.8337423138994,41298,6883.0,1219.8093293625852,1089,181.5,234.97558704868584,4084,680.6666666666666,452.0233032340995,4744,790.6666666666666,478.77872411654494,660,110.0,26.755420882445435,4885,814.1666666666666,804.7641683541003,4875,812.5,806.2969056123185,-10,-1.6666666666666288,1.5327372582181624,4145,690.8333333333334,145.2080117165257,4555,759.1666666666666,268.494630610496,410,68.33333333333326,123.28661889397026,0.5,0.5,0.5,0.5,0.25,0.5,0.25,0.25,0.5,0.25,19.798139738687063,13.006027643485806,26.81309097878865,22.055838763926843,26.81309097878865,13.006027643485806,19.798139738687063,22.055838763926843,20.41827428122209,20.41827428122209,3.552713678800501e-15,14.002352195382356,15.245782208588956,14.624067201985657,13.075035360678925,15.245782208588956,14.160408784633942,-0.4636584173517128
tshiroko,marina,shun,hoshino,nagisa,sshiroko,marina,iori,tshiroko,hoshino,sayane,sshiroko,1,blue,blue,dealer,ar,middle,0,yes,yes,no,,3,3.33,no,no,69289,6276,108,0.0609,5932,709,1239,733,100,2.46,0.5,1380,0.7798,650,100,100,0.35,1.0,200,0.0,0,15,3,hat,badge,wristwatch,yellow,red,tank,smg,front,1,yes,yes,no,,3,8.83,no,no,134170,3913,148,0.0816,6197,109,2219,518,520,2.0,0.8,1264,0.7583,350,100,100,0.35,1.0,200,0.0,0,20,4,shoes,badge,amulet,red,red,dealer,sr,back,1,no,yes,no,,3,2.47,yes,no,46867,10930,108,0.0609,5715,1128,201,1382,100,2.26,0.5,1980,0.8644,750,100,136,0.0,1.0,200,0.0,0,20,1,gloves,hairpin,wristwatch,yellow,yellow,tank,sg,front,2,no,yes,yes,self,4,7.63,no,no,111386,4757,2792,0.6262,7077,615,246,505,520,2.0,1.0,1948,0.8608,350,100,100,0.0,1.0,200,0.0,0,8,1,shoes,bag,amulet,yellow,red,tank,smg,front,1,yes,yes,no,,3,8.83,no,no,134170,3913,148,0.0816,6197,109,2219,518,520,2.0,0.8,1264,0.7583,350,100,100,0.35,1.0,200,0.0,0,20,4,shoes,badge,amulet,yellow,yellow,dealer,sr,back,1,no,yes,no,,3,7.33,no,no,52713,8067,113,0.0635,5497,1491,194,824,100,2.46,0.5,2056,0.8728,650,100,136,0.0,1.0,200,0.0,0,5,1,hat,hairpin,wristwatch,blue,blue,dealer,ar,middle,0,yes,yes,no,,3,3.33,no,no,69289,6276,108,0.0609,5932,709,1239,733,100,2.46,0.5,1380,0.7798,650,100,100,0.35,1.0,200,0.0,0,15,3,hat,badge,wristwatch,yellow,yellow,tank,sg,front,2,no,yes,yes,self,4,7.63,no,no,111386,4757,2792,0.6262,7077,615,246,505,520,2.0,1.0,1948,0.8608,350,100,100,0.0,1.0,200,0.0,0,8,1,shoes,bag,amulet,red,,support,1,,yes,yes,one,3,6.83,no,44099,7734,2061,11519,759,977,682,2.46,1132,0.731,100,100,0.0,1.0,hat,bag,wristwatch,blue,support,2,yes,no,,3,4.93,yes,43517,8150,2060,8069,660,786,734,2.46,1582,0.8127,100,100,0.0,1.0,hat,bag,wristwatch,yellow,red,support,1,no,yes,no,4,14.53,no,46530,7493,1804,8526,1160,191,1241,2.26,2194,0.8869,100,100,0.0,1.0,gloves,bag,wristwatch,blue,support,2,yes,no,3,4.93,yes,43517,8150,2060,8069,660,786,734,2.46,1582,0.8127,100,100,0.0,1.0,hat,bag,wristwatch,1.1,0.45,1.3,0.75,0.8,0.0,1.0,0.3,1.3,0.75,1.3,0.75,1.1,0.45,1.0,0.3,1.3,0.75,0.8,0.0,1.0,0.3,0.8,0.0,19,3.1666666666666665,0.4082482904638629,20,3.333333333333333,0.5163977794943222,1,0.1666666666666669,0.1081494890304592,34.02,5.670000000000001,2.5074289621044104,46.58,7.763333333333333,3.868160630928693,12.559999999999995,2.093333333333332,1.3607316688242823,449328,74888.0,38974.5735884307,457605,76267.5,37805.916567384,8277,1379.5,-1168.6570210466962,41760,6960.0,2544.8516656182537,38656,6442.666666666667,1784.6629560414667,-3104,-517.333333333333,-760.188709576787,7277,1212.8333333333333,1225.2370246881485,7025,1170.8333333333333,1192.854796975167,-252,-42.0,-32.3822277129816,44509,7418.166666666667,2188.9508369688588,41298,6883.0,1219.8093293625852,-3211,-535.166666666667,-969.1415076062736,3980,663.3333333333334,327.6538824226972,4744,790.6666666666666,478.778724116545,764,127.33333333333326,151.12484169384777,5668,944.6666666666666,745.3795453771634,4875,812.5,806.2969056123185,-793,-132.16666666666663,60.91736023515512,4554,759.0,321.8558683634648,4555,759.1666666666666,268.494630610496,1,0.1666666666666287,-53.36123775296886,0.5,0.5,0.5,0.5,0.25,0.5,0.25,0.25,0.5,0.25,31.117812420138,15.094087021197472,17.465483588272782,25.596804708850115,19.798139738687063,26.81309097878865,8.457502287282708,22.055838763926843,22.31854693461459,19.281142942171314,-3.037403992443277,16.250367009208595,13.449493865030677,14.849930437119635,11.952482544608223,15.245782208588956,13.599132376598591,-1.2507980605210438
marina,tshiroko,hoshino,iori,nagisa,sshiroko,marina,iori,tshiroko,hoshino,sayane,sshiroko,0,yellow,red,tank,smg,front,1,yes,yes,no,,3,8.83,no,no,134170,3913,148,0.0816,6197,109,2219,518,520,2.0,0.8,1264,0.7583,350,100,100,0.35,1.0,200,0.0,0,20,4,shoes,badge,amulet,blue,blue,dealer,ar,middle,0,yes,yes,no,,3,3.33,no,no,69289,6276,108,0.0609,5932,709,1239,733,100,2.46,0.5,1380,0.7798,650,100,100,0.35,1.0,200,0.0,0,15,3,hat,badge,wristwatch,yellow,yellow,tank,sg,front,2,no,yes,yes,self,4,7.63,no,no,111386,4757,2792,0.6262,7077,615,246,505,520,2.0,1.0,1948,0.8608,350,100,100,0.0,1.0,200,0.0,0,8,1,shoes,bag,amulet,yellow,yellow,dealer,sr,back,1,no,yes,no,,3,7.33,no,no,52713,8067,113,0.0635,5497,1491,194,824,100,2.46,0.5,2056,0.8728,650,100,136,0.0,1.0,200,0.0,0,5,1,hat,hairpin,wristwatch,yellow,red,tank,smg,front,1,yes,yes,no,,3,8.83,no,no,134170,3913,148,0.0816,6197,109,2219,518,520,2.0,0.8,1264,0.7583,350,100,100,0.35,1.0,200,0.0,0,20,4,shoes,badge,amulet,yellow,yellow,dealer,sr,back,1,no,yes,no,,3,7.33,no,no,52713,8067,113,0.0635,5497,1491,194,824,100,2.46,0.5,2056,0.8728,650,100,136,0.0,1.0,200,0.0,0,5,1,hat,hairpin,wristwatch,blue,blue,dealer,ar,middle,0,yes,yes,no,,3,3.33,no,no,69289,6276,108,0.0609,5932,709,1239,733,100,2.46,0.5,1380,0.7798,650,100,100,0.35,1.0,200,0.0,0,15,3,hat,badge,wristwatch,yellow,yellow,tank,sg,front,2,no,yes,yes,self,4,7.63,no,no,111386,4757,2792,0.6262,7077,615,246,505,520,2.0,1.0,1948,0.8608,350,100,100,0.0,1.0,200,0.0,0,8,1,shoes,bag,amulet,red,,support,1,,yes,yes,one,3,6.83,no,44099,7734,2061,11519,759,977,682,2.46,1132,0.731,100,100,0.0,1.0,hat,bag,wristwatch,blue,support,2,yes,no,,3,4.93,yes,43517,8150,2060,8069,660,786,734,2.46,1582,0.8127,100,100,0.0,1.0,hat,bag,wristwatch,yellow,red,support,1,no,yes,no,4,14.53,no,46530,7493,1804,8526,1160,191,1241,2.26,2194,0.8869,100,100,0.0,1.0,gloves,bag,wristwatch,blue,support,2,yes,no,3,4.93,yes,43517,8150,2060,8069,660,786,734,2.46,1582,0.8127,100,100,0.0,1.0,hat,bag,wristwatch,1.3,0.75,1.1,0.45,1.0,0.3,1.3,0.75,1.3,0.75,1.3,0.75,1.1,0.45,1.0,0.3,1.3,0.75,0.8,0.0,1.0,0.3,0.8,0.0,19,3.1666666666666665,0.4082482904638629,20,3.333333333333333,0.5163977794943222,1,0.1666666666666669,0.1081494890304592,38.88,6.48,2.0007498594277093,46.58,7.763333333333333,3.868160630928693,7.700000000000003,1.2833333333333332,1.867410771500984,455174,75862.33333333333,38199.33288248195,457605,76267.5,37805.916567384,2431,405.1666666666715,-393.4163150979439,38897,6482.833333333333,1815.476291959404,38656,6442.666666666667,1784.6629560414667,-241,-40.16666666666606,-30.813335917937135,7282,1213.6666666666667,1224.3366639395665,7025,1170.8333333333333,1192.854796975167,-257,-42.833333333333485,-31.48186696439961,44291,7381.833333333333,2224.397124316309,41298,6883.0,1219.8093293625852,-2993,-498.833333333333,-1004.587794953724,4343,723.8333333333334,443.60812285920406,4744,790.6666666666666,478.778724116545,401,66.83333333333326,35.170601257340934,5661,943.5,746.7804898362035,4875,812.5,806.2969056123185,-786,-131.0,59.51641577611497,3996,666.0,128.18580264600288,4555,759.1666666666666,268.494630610496,559,93.16666666666664,140.30882796449308,0.5,0.5,0.5,0.5,0.25,0.5,0.25,0.25,0.5,0.25,26.81309097878865,13.006027643485806,19.798139738687063,22.055838763926847,26.81309097878865,19.798139738687063,22.055838763926843,13.006027643485806,20.41827428122209,20.41827428122209,0.0,14.002352195382358,15.245782208588958,14.624067201985657,11.952482544608223,15.245782208588956,13.599132376598591,-1.0249348253870654
iori,marina,hoshino,tshiroko,hibiki,sshiroko,marina,iori,tshiroko,hoshino,sayane,sshiroko,1,yellow,yellow,dealer,sr,back,1,no,yes,no,,3,7.33,no,no,52713,8067,113,0.0635,5497,1491,194,824,100,2.46,0.5,2056,0.8728,650,100,136,0.0,1.0,200,0.0,0,5,1,hat,hairpin,wristwatch,yellow,red,tank,smg,front,1,yes,yes,no,,3,8.83,no,no,134170,3913,148,0.0816,6197,109,2219,518,520,2.0,0.8,1264,0.7583,350,100,100,0.35,1.0,200,0.0,0,20,4,shoes,badge,amulet,yellow,yellow,tank,sg,front,2,no,yes,yes,self,4,7.63,no,no,111386,4757,2792,0.6262,7077,615,246,505,520,2.0,1.0,1948,0.8608,350,100,100,0.0,1.0,200,0.0,0,8,1,shoes,bag,amulet,blue,blue,dealer,ar,middle,0,yes,yes,no,,3,3.33,no,no,69289,6276,108,0.0609,5932,709,1239,733,100,2.46,0.5,1380,0.7798,650,100,100,0.35,1.0,200,0.0,0,15,3,hat,badge,wristwatch,yellow,red,tank,smg,front,1,yes,yes,no,,3,8.83,no,no,134170,3913,148,0.0816,6197,109,2219,518,520,2.0,0.8,1264,0.7583,350,100,100,0.35,1.0,200,0.0,0,20,4,shoes,badge,amulet,yellow,yellow,dealer,sr,back,1,no,yes,no,,3,7.33,no,no,52713,8067,113,0.0635,5497,1491,194,824,100,2.46,0.5,2056,0.8728,650,100,136,0.0,1.0,200,0.0,0,5,1,hat,hairpin,wristwatch,blue,blue,dealer,ar,middle,0,yes,yes,no,,3,3.33,no,no,69289,6276,108,0.0609,5932,709,1239,733,100,2.46,0.5,1380,0.7798,650,100,100,0.35,1.0,200,0.0,0,15,3,hat,badge,wristwatch,yellow,yellow,tank,sg,front,2,no,yes,yes,self,4,7.63,no,no,111386,4757,2792,0.6262,7077,615,246,505,520,2.0,1.0,1948,0.8608,350,100,100,0.0,1.0,200,0.0,0,8,1,shoes,bag,amulet,red,,support,1,,yes,no,,4,4.0,no,43506,7070,437,7437,500,201,831,2.46,1141,0.7329,100,136,0.0,1.0,hat,hairpin,wristwatch,blue,support,2,yes,no,,3,4.93,yes,43517,8150,2060,8069,660,786,734,2.46,1582,0.8127,100,100,0.0,1.0,hat,bag,wristwatch,yellow,red,support,1,no,yes,no,4,14.53,no,46530,7493,1804,8526,1160,191,1241,2.26,2194,0.8869,100,100,0.0,1.0,gloves,bag,wristwatch,blue,support,2,yes,no,3,4.93,yes,43517,8150,2060,8069,660,786,734,2.46,1582,0.8127,100,100,0.0,1.0,hat,bag,wristwatch,1.3,0.75,1.3,0.75,1.0,0.3,1.1,0.45,1.3,0.75,1.3,0.75,1.1,0.45,1.0,0.3,1.0,0.3,0.8,0.0,1.0,0.3,0.8,0.0,20,3.333333333333333,0.5163977794943222,20,3.333333333333333,0.5163977794943222,0,0.0,0.0,36.05,6.008333333333333,2.2229747336995684,46.58,7.763333333333333,3.868160630928693,10.53,1.755,1.6451858972291244,454581,75763.5,38298.58879253908,457605,76267.5,37805.916567384,3024,504.0,-492.67222515507456,38233,6372.166666666667,1742.7354838490742,38656,6442.666666666667,1784.6629560414667,423,70.5,41.92747219239254,5658,943.0,1178.1914954709189,7025,1170.8333333333333,1192.854796975167,1367,227.8333333333333,14.663301504248238,40209,6701.5,984.8337423138994,41298,6883.0,1219.8093293625852,1089,181.5,234.97558704868584,4084,680.6666666666666,452.0233032340995,4744,790.6666666666666,478.778724116545,660,110.0,26.75542088244549,4885,814.1666666666666,804.7641683541003,4875,812.5,806.2969056123185,-10,-1.6666666666666288,1.5327372582181624,4145,690.8333333333334,145.2080117165257,4555,759.1666666666666,268.494630610496,410,68.33333333333326,123.28661889397026,0.5,0.5,0.5,0.5,0.25,0.5,0.25,0.25,0.5,0.25,26.81309097878865,13.006027643485806,19.798139738687063,22.055838763926843,13.006027643485806,26.81309097878865,22.055838763926843,19.798139738687063,20.41827428122209,20.41827428122209,0.0,14.002352195382358,15.245782208588956,14.624067201985657,13.075035360678925,15.245782208588956,14.160408784633942,-0.4636584173517146
shun,marina,hoshino,iori,sayane,sshiroko,marina,iori,tshiroko,hoshino,sayane,sshiroko,1,red,red,dealer,sr,back,1,no,yes,no,,3,2.47,yes,no,46867,10930,108,0.0609,5715,1128,201,1382,100,2.26,0.5,1980,0.8644,750,100,136,0.0,1.0,200,0.0,0,20,1,gloves,hairpin,wristwatch,yellow,red,tank,smg,front,1,yes,yes,no,,3,8.83,no,no,134170,3913,148,0.0816,6197,109,2219,518,520,2.0,0.8,1264,0.7583,350,100,100,0.35,1.0,200,0.0,0,20,4,shoes,badge,amulet,yellow,yellow,tank,sg,front,2,no,yes,yes,self,4,7.63,no,no,111386,4757,2792,0.6262,7077,615,246,505,520,2.0,1.0,1948,0.8608,350,100,100,0.0,1.0,200,0.0,0,8,1,shoes,bag,amulet,yellow,yellow,dealer,sr,back,1,no,yes,no,,3,7.33,no,no,52713,8067,113,0.0635,5497,1491,194,824,100,2.46,0.5,2056,0.8728,650,100,136,0.0,1.0,200,0.0,0,5,1,hat,hairpin,wristwatch,yellow,red,tank,smg,front,1,yes,yes,no,,3,8.83,no,no,134170,3913,148,0.0816,6197,109,2219,518,520,2.0,0.8,1264,0.7583,350,100,100,0.35,1.0,200,0.0,0,20,4,shoes,badge,amulet,yellow,yellow,dealer,sr,back,1,no,yes,no,,3,7.33,no,no,52713,8067,113,0.0635,5497,1491,194,824,100,2.46,0.5,2056,0.8728,650,100,136,0.0,1.0,200,0.0,0,5,1,hat,hairpin,wristwatch,blue,blue,dealer,ar,middle,0,yes,yes,no,,3,3.33,no,no,69289,6276,108,0.0609,5932,709,1239,733,100,2.46,0.5,1380,0.7798,650,100,100,0.35,1.0,200,0.0,0,15,3,hat,badge,wristwatch,yellow,yellow,tank,sg,front,2,no,yes,yes,self,4,7.63,no,no,111386,4757,2792,0.6262,7077,615,246,505,520,2.0,1.0,1948,0.8608,350,100,100,0.0,1.0,200,0.0,0,8,1,shoes,bag,amulet,yellow,red,support,1,no,yes,no,,4,14.53,no,46530,7493,1804,8526,1160,191,1241,2.26,2194,0.8869,100,100,0.0,1.0,gloves,bag,wristwatch,blue,support,2,yes,no,,3,4.93,yes,43517,8150,2060,8069,660,786,734,2.46,1582,0.8127,100,100,0.0,1.0,hat,bag,wristwatch,yellow,red,support,1,no,yes,no,4,14.53,no,46530,7493,1804,8526,1160,191,1241,2.26,2194,0.8869,100,100,0.0,1.0,gloves,bag,wristwatch,blue,support,2,yes,no,3,4.93,yes,43517,8150,2060,8069,660,786,734,2.46,1582,0.8127,100,100,0.0,1.0,hat,bag,wristwatch,0.8,0.0,1.3,0.75,1.0,0.3,1.3,0.75,1.3,0.75,1.3,0.75,1.1,0.45,1.0,0.3,1.0,0.3,0.8,0.0,1.0,0.3,0.8,0.0,20,3.333333333333333,0.5163977794943222,20,3.333333333333333,0.5163977794943222,0,0.0,0.0,45.72,7.62,4.075659455842698,46.58,7.763333333333333,3.868160630928693,0.8599999999999994,0.1433333333333326,-0.2074988249140048,435183,72530.5,39694.67360112689,457605,76267.5,37805.916567384,22422,3737.0,-1888.757033742884,43310,7218.333333333333,2546.508956722255,38656,6442.666666666667,1784.6629560414667,-4654,-775.6666666666661,-761.8460006807882,7025,1170.8333333333333,1192.854796975167,7025,1170.8333333333333,1192.854796975167,0,0.0,0.0,41081,6846.833333333333,1256.3159501760165,41298,6883.0,1219.8093293625852,217,36.16666666666697,-36.50662081343103,5163,860.5,494.7745951440919,4744,790.6666666666666,478.778724116545,-419,-69.83333333333337,-15.995871027546857,3837,639.5,807.8402688650771,4875,812.5,806.2969056123185,1038,173.0,-1.5433632527585814,5204,867.3333333333334,368.0987186430655,4555,759.1666666666666,268.494630610496,-649,-108.16666666666674,-99.6040880325695,0.5,0.5,0.5,0.5,0.5,0.5,0.0,0.25,0.5,0.25,28.37487222080245,13.763589314491137,20.28501434034417,23.340524490224933,8.457502287282708,26.81309097878865,22.055838763926843,13.006027643485806,21.44100009146567,17.583114918371002,-3.857885173094669,14.81794675030028,15.620705521472392,15.219326135886336,14.002352195382356,15.245782208588956,14.624067201985657,-0.5952589339006824
hoshino,tshiroko,haruka,iori,nagisa,sshiroko,marina,iori,tshiroko,hoshino,sayane,sshiroko,0,yellow,yellow,tank,sg,front,2,no,yes,yes,self,4,7.63,no,no,111386,4757,2792,0.6262,7077,615,246,505,520,2.0,1.0,1948,0.8608,350,100,100,0.0,1.0,200,0.0,0,8,1,shoes,bag,amulet,blue,blue,dealer,ar,middle,0,yes,yes,no,,3,3.33,no,no,69289,6276,108,0.0609,5932,709,1239,733,100,2.46,0.5,1380,0.7798,650,100,100,0.35,1.0,200,0.0,0,15,3,hat,badge,wristwatch,red,red,tank,sg,front,1,no,yes,no,,4,5.67,no,no,150581,3216,2700,0.6183,5596,593,237,497,520,2.0,0.8,2020,0.8689,350,100,100,0.0,1.0,200,0.0,0,8,1,shoes,bag,amulet,yellow,yellow,dealer,sr,back,1,no,yes,no,,3,7.33,no,no,52713,8067,113,0.0635,5497,1491,194,824,100,2.46,0.5,2056,0.8728,650,100,136,0.0,1.0,200,0.0,0,5,1,hat,hairpin,wristwatch,yellow,red,tank,smg,front,1,yes,yes,no,,3,8.83,no,no,134170,3913,148,0.0816,6197,109,2219,518,520,2.0,0.8,1264,0.7583,350,100,100,0.35,1.0,200,0.0,0,20,4,shoes,badge,amulet,yellow,yellow,dealer,sr,back,1,no,yes,no,,3,7.33,no,no,52713,8067,113,0.0635,5497,1491,194,824,100,2.46,0.5,2056,0.8728,650,100,136,0.0,1.0,200,0.0,0,5,1,hat,hairpin,wristwatch,blue,blue,dealer,ar,middle,0,yes,yes,no,,3,3.33,no,no,69289,6276,108,0.0609,5932,709,1239,733,100,2.46,0.5,1380,0.7798,650,100,100,0.35,1.0,200,0.0,0,15,3,hat,badge,wristwatch,yellow,yellow,tank,sg,front,2,no,yes,yes,self,4,7.63,no,no,111386,4757,2792,0.6262,7077,615,246,505,520,2.0,1.0,1948,0.8608,350,100,100,0.0,1.0,200,0.0,0,8,1,shoes,bag,amulet,red,,support,1,,yes,yes,one,3,6.83,no,44099,7734,2061,11519,759,977,682,2.46,1132,0.731,100,100,0.0,1.0,hat,bag,wristwatch,blue,support,2,yes,no,,3,4.93,yes,43517,8150,2060,8069,660,786,734,2.46,1582,0.8127,100,100,0.0,1.0,hat,bag,wristwatch,yellow,red,support,1,no,yes,no,4,14.53,no,46530,7493,1804,8526,1160,191,1241,2.26,2194,0.8869,100,100,0.0,1.0,gloves,bag,wristwatch,blue,support,2,yes,no,3,4.93,yes,43517,8150,2060,8069,660,786,734,2.46,1582,0.8127,100,100,0.0,1.0,hat,bag,wristwatch,1.0,0.3,1.1,0.45,1.1,0.45,1.3,0.75,1.3,0.75,1.3,0.75,1.1,0.45,1.0,0.3,1.3,0.75,0.8,0.0,1.0,0.3,0.8,0.0,20,3.333333333333333,0.5163977794943222,20,3.333333333333333,0.5163977794943222,0,0.0,0.0,35.72,5.953333333333333,1.6422139527682336,46.58,7.763333333333333,3.868160630928693,10.86,1.81,2.2259466781604598,471585,78597.5,43437.66453091142,457605,76267.5,37805.916567384,-13980,-2330.0,-5631.747963527414,38200,6366.666666666667,2023.2132528892416,38656,6442.666666666667,1784.6629560414667,456,76.0,-238.5502968477749,9834,1639.0,1223.363560026209,7025,1170.8333333333333,1192.854796975167,-2809,-468.16666666666674,-30.508763051042024,43690,7281.666666666667,2300.6470104443806,41298,6883.0,1219.8093293625852,-2392,-398.66666666666697,-1080.8376810817954,4827,804.5,341.7588330972588,4744,790.6666666666666,478.778724116545,-83,-13.833333333333371,137.0198910192862,3679,613.1666666666666,448.5369178414043,4875,812.5,806.2969056123185,1196,199.33333333333337,357.75998777091417,3975,662.5,133.22274580566187,4555,759.1666666666666,268.494630610496,580,96.66666666666664,135.2718848048341,0.5,0.5,0.5,0.5,0.25,0.5,0.25,0.25,0.5,0.25,28.910075389726558,14.0231963555225,20.45186026131294,23.780770443556865,22.055838763926843,19.798139738687063,28.743936567164177,13.006027643485806,21.791475612529712,20.900985678315973,-0.8904899342137398,15.09744094488189,15.749187116564418,15.423314030723152,11.952482544608223,15.245782208588956,13.599132376598591,-1.82418165412456
tshiroko,marina,hoshino,shanako,nagisa,sshiroko,hoshino,iori,tshiroko,marina,sayane,sshiroko,1,blue,blue,dealer,ar,middle,0,yes,yes,no,,3,3.33,no,no,69289,6276,108,0.0609,5932,709,1239,733,100,2.46,0.5,1380,0.7798,650,100,100,0.35,1.0,200,0.0,0,15,3,hat,badge,wristwatch,yellow,red,tank,smg,front,1,yes,yes,no,,3,8.83,no,no,134170,3913,148,0.0816,6197,109,2219,518,520,2.0,0.8,1264,0.7583,350,100,100,0.35,1.0,200,0.0,0,20,4,shoes,badge,amulet,yellow,yellow,tank,sg,front,2,no,yes,yes,self,4,7.63,no,no,111386,4757,2792,0.6262,7077,615,246,505,520,2.0,1.0,1948,0.8608,350,100,100,0.0,1.0,200,0.0,0,8,1,shoes,bag,amulet,purple,yellow,dealer,ar,middle,2,no,yes,no,,2,3.83,no,no,53852,9363,109,0.0614,6158,701,797,830,100,3.1292,0.5,1396,0.7826,650,100,136,0.0,1.0,200,0.0,0,15,3,hat,hairpin,wristwatch,yellow,yellow,tank,sg,front,2,no,yes,yes,self,4,7.63,no,no,111386,4757,2792,0.6262,7077,615,246,505,520,2.0,1.0,1948,0.8608,350,100,100,0.0,1.0,200,0.0,0,8,1,shoes,bag,amulet,yellow,yellow,dealer,sr,back,1,no,yes,no,,3,7.33,no,no,52713,8067,113,0.0635,5497,1491,194,824,100,2.46,0.5,2056,0.8728,650,100,136,0.0,1.0,200,0.0,0,5,1,hat,hairpin,wristwatch,blue,blue,dealer,ar,middle,0,yes,yes,no,,3,3.33,no,no,69289,6276,108,0.0609,5932,709,1239,733,100,2.46,0.5,1380,0.7798,650,100,100,0.35,1.0,200,0.0,0,15,3,hat,badge,wristwatch,yellow,red,tank,smg,front,1,yes,yes,no,,3,8.83,no,no,134170,3913,148,0.0816,6197,109,2219,518,520,2.0,0.8,1264,0.7583,350,100,100,0.35,1.0,200,0.0,0,20,4,shoes,badge,amulet,red,,support,1,,yes,yes,one,3,6.83,no,44099,7734,2061,11519,759,977,682,2.46,1132,0.731,100,100,0.0,1.0,hat,bag,wristwatch,blue,support,2,yes,no,,3,4.93,yes,43517,8150,2060,8069,660,786,734,2.46,1582,0.8127,100,100,0.0,1.0,hat,bag,wristwatch,yellow,red,support,1,no,yes,no,4,14.53,no,46530,7493,1804,8526,1160,191,1241,2.26,2194,0.8869,100,100,0.0,1.0,gloves,bag,wristwatch,blue,support,2,yes,no,3,4.93,yes,43517,8150,2060,8069,660,786,734,2.46,1582,0.8127,100,100,0.0,1.0,hat,bag,wristwatch,1.1,0.45,1.3,0.75,1.0,0.3,0.8,0.0,1.0,0.3,1.3,0.75,1.1,0.45,1.3,0.75,1.3,0.75,0.8,0.0,1.0,0.3,0.8,0.0,18,3.0,0.6324555320336759,20,3.333333333333333,0.5163977794943222,2,0.3333333333333335,-0.1160577525393536,35.379999999999995,5.896666666666666,2.203330811899717,46.58,7.763333333333333,3.868160630928693,11.200000000000005,1.8666666666666671,1.664829819028976,456313,76052.16666666667,38063.87285296474,457605,76267.5,37805.916567384,1292,215.33333333332848,-257.95628558073804,40193,6698.833333333333,2096.931607531983,38656,6442.666666666667,1784.6629560414667,-1537,-256.16666666666606,-312.2686514905163,7278,1213.0,1225.056733380132,7025,1170.8333333333333,1192.854796975167,-253,-42.16666666666674,-32.20193640496518,44952,7492.0,2126.596529668945,41298,6883.0,1219.8093293625852,-3654,-609.0,-906.78720030636,3553,592.1666666666666,241.6198805286243,4744,790.6666666666666,478.77872411654494,1191,198.5,237.15884358792064,6264,1044.0,661.4402467343517,4875,812.5,806.2969056123185,-1389,-231.5,144.85665887796677,4002,667.0,129.6796051813854,4555,759.1666666666666,268.494630610496,553,92.16666666666664,138.81502542911056,0.5,0.5,0.5,0.5,0.0,0.5,0.5,0.25,0.5,0.25,22.085768341391635,13.023676707574069,19.888882249840663,26.84947610529006,19.798139738687063,26.81309097878865,22.055838763926843,13.578998896365125,20.461950851024103,20.56151709444192,0.099566243417815,14.02135326304551,15.315659509202456,14.66850638612398,11.952482544608223,15.245782208588956,13.59913237659859,-1.069374009525392
hoshino,tshiroko,haruka,iori,nagisa,sshiroko,hoshino,iori,tshiroko,marina,sayane,sshiroko,1,yellow,yellow,tank,sg,front,2,no,yes,yes,self,4,7.63,no,no,111386,4757,2792,0.6262,7077,615,246,505,520,2.0,1.0,1948,0.8608,350,100,100,0.0,1.0,200,0.0,0,8,1,shoes,bag,amulet,blue,blue,dealer,ar,middle,0,yes,yes,no,,3,3.33,no,no,69289,6276,108,0.0609,5932,709,1239,733,100,2.46,0.5,1380,0.7798,650,100,100,0.35,1.0,200,0.0,0,15,3,hat,badge,wristwatch,red,red,tank,sg,front,1,no,yes,no,,4,5.67,no,no,150581,3216,2700,0.6183,5596,593,237,497,520,2.0,0.8,2020,0.8689,350,100,100,0.0,1.0,200,0.0,0,8,1,shoes,bag,amulet,yellow,yellow,dealer,sr,back,1,no,yes,no,,3,7.33,no,no,52713,8067,113,0.0635,5497,1491,194,824,100,2.46,0.5,2056,0.8728,650,100,136,0.0,1.0,200,0.0,0,5,1,hat,hairpin,wristwatch,yellow,yellow,tank,sg,front,2,no,yes,yes,self,4,7.63,no,no,111386,4757,2792,0.6262,7077,615,246,505,520,2.0,1.0,1948,0.8608,350,100,100,0.0,1.0,200,0.0,0,8,1,shoes,bag,amulet,yellow,yellow,dealer,sr,back,1,no,yes,no,,3,7.33,no,no,52713,8067,113,0.0635,5497,1491,194,824,100,2.46,0.5,2056,0.8728,650,100,136,0.0,1.0,200,0.0,0,5,1,hat,hairpin,wristwatch,blue,blue,dealer,ar,middle,0,yes,yes,no,,3,3.33,no,no,69289,6276,108,0.0609,5932,709,1239,733,100,2.46,0.5,1380,0.7798,650,100,100,0.35,1.0,200,0.0,0,15,3,hat,badge,wristwatch,yellow,red,tank,smg,front,1,yes,yes,no,,3,8.83,no,no,134170,3913,148,0.0816,6197,109,2219,518,520,2.0,0.8,1264,0.7583,350,100,100,0.35,1.0,200,0.0,0,20,4,shoes,badge,amulet,red,,support,1,,yes,yes,one,3,6.83,no,44099,7734,2061,11519,759,977,682,2.46,1132,0.731,100,100,0.0,1.0,hat,bag,wristwatch,blue,support,2,yes,no,,3,4.93,yes,43517,8150,2060,8069,660,786,734,2.46,1582,0.8127,100,100,0.0,1.0,hat,bag,wristwatch,yellow,red,support,1,no,yes,no,4,14.53,no,46530,7493,1804,8526,1160,191,1241,2.26,2194,0.8869,100,100,0.0,1.0,gloves,bag,wristwatch,blue,support,2,yes,no,3,4.93,yes,43517,8150,2060,8069,660,786,734,2.46,1582,0.8127,100,100,0.0,1.0,hat,bag,wristwatch,1.0,0.3,1.1,0.45,1.1,0.45,1.3,0.75,1.0,0.3,1.3,0.75,1.1,0.45,1.3,0.75,1.3,0.75,0.8,0.0,1.0,0.3,0.8,0.0,20,3.333333333333333,0.5163977794943222,20,3.333333333333333,0.5163977794943222,0,0.0,0.0,35.72,5.953333333333333,1.6422139527682336,46.58,7.763333333333333,3.868160630928693,10.86,1.81,2.2259466781604598,471585,78597.5,43437.66453091142,457605,76267.5,37805.916567384,-13980,-2330.0,-5631.747963527414,38200,6366.666666666667,2023.2132528892416,38656,6442.666666666667,1784.6629560414667,456,76.0,-238.5502968477749,9834,1639.0,1223.363560026209,7025,1170.8333333333333,1192.854796975167,-2809,-468.16666666666674,-30.508763051042024,43690,7281.666666666667,2300.6470104443806,41298,6883.0,1219.8093293625852,-2392,-398.66666666666697,-1080.8376810817954,4827,804.5,341.7588330972588,4744,790.6666666666666,478.77872411654494,-83,-13.833333333333371,137.01989101928615,3679,613.1666666666666,448.5369178414043,4875,812.5,806.2969056123185,1196,199.33333333333337,357.75998777091417,3975,662.5,133.22274580566187,4555,759.1666666666666,268.494630610496,580,96.66666666666664,135.2718848048341,0.5,0.5,0.5,0.5,0.25,0.5,0.25,0.25,0.5,0.25,23.780770443556865,14.0231963555225,20.45186026131294,28.910075389726558,22.055838763926843,19.798139738687063,28.74393656716418,13.006027643485806,21.791475612529712,20.900985678315973,-0.8904899342137398,15.09744094488189,15.749187116564418,15.423314030723152,11.952482544608223,15.245782208588956,13.59913237659859,-1.824181654124562
reisa,tshiroko,shun,haruka,saki,sshiroko,hoshino,iori,tshiroko,marina,sayane,sshiroko,0,yellow,yellow,tank,sg,front,1,no,yes,yes,self,3,4.93,no,yes,122892,5025,2597,0.6091,8080,655,217,518,520,2.0,0.8,1812,0.8444,350,100,100,0.0,1.0,200,0.0,0,8,2,shoes,bag,amulet,blue,blue,dealer,ar,middle,0,yes,yes,no,,3,3.33,no,no,69289,6276,108,0.0609,5932,709,1239,733,100,2.46,0.5,1380,0.7798,650,100,100,0.35,1.0,200,0.0,0,15,3,hat,badge,wristwatch,red,red,dealer,sr,back,1,no,yes,no,,3,2.47,yes,no,46867,10930,108,0.0609,5715,1128,201,1382,100,2.26,0.5,1980,0.8644,750,100,136,0.0,1.0,200,0.0,0,20,1,gloves,hairpin,wristwatch,red,red,tank,sg,front,1,no,yes,no,,4,5.67,no,no,150581,3216,2700,0.6183,5596,593,237,497,520,2.0,0.8,2020,0.8689,350,100,100,0.0,1.0,200,0.0,0,8,1,shoes,bag,amulet,yellow,yellow,tank,sg,front,2,no,yes,yes,self,4,7.63,no,no,111386,4757,2792,0.6262,7077,615,246,505,520,2.0,1.0,1948,0.8608,350,100,100,0.0,1.0,200,0.0,0,8,1,shoes,bag,amulet,yellow,yellow,dealer,sr,back,1,no,yes,no,,3,7.33,no,no,52713,8067,113,0.0635,5497,1491,194,824,100,2.46,0.5,2056,0.8728,650,100,136,0.0,1.0,200,0.0,0,5,1,hat,hairpin,wristwatch,blue,blue,dealer,ar,middle,0,yes,yes,no,,3,3.33,no,no,69289,6276,108,0.0609,5932,709,1239,733,100,2.46,0.5,1380,0.7798,650,100,100,0.35,1.0,200,0.0,0,15,3,hat,badge,wristwatch,yellow,red,tank,smg,front,1,yes,yes,no,,3,8.83,no,no,134170,3913,148,0.0816,6197,109,2219,518,520,2.0,0.8,1264,0.7583,350,100,100,0.35,1.0,200,0.0,0,20,4,shoes,badge,amulet,yellow,,support,1,,yes,no,,4,7.0,no,41990,8970,2132,11438,101,197,202,2.2,1582,0.8127,186,100,0.0,1.0,hat,bag,necklace,blue,support,2,yes,no,,3,4.93,yes,43517,8150,2060,8069,660,786,734,2.46,1582,0.8127,100,100,0.0,1.0,hat,bag,wristwatch,yellow,red,support,1,no,yes,no,4,14.53,no,46530,7493,1804,8526,1160,191,1241,2.26,2194,0.8869,100,100,0.0,1.0,gloves,bag,wristwatch,blue,support,2,yes,no,3,4.93,yes,43517,8150,2060,8069,660,786,734,2.46,1582,0.8127,100,100,0.0,1.0,hat,bag,wristwatch,1.3,0.75,1.1,0.45,0.8,0.0,1.1,0.45,1.0,0.3,1.3,0.75,1.1,0.45,1.3,0.75,1.0,0.3,0.8,0.0,1.0,0.3,0.8,0.0,20,3.333333333333333,0.5163977794943222,20,3.333333333333333,0.5163977794943222,0,0.0,0.0,28.33,4.721666666666667,1.6238031489890228,46.58,7.763333333333333,3.868160630928693,18.25,3.041666666666666,2.2443574819396703,475136,79189.33333333333,46488.16783082193,457605,76267.5,37805.916567384,-17531,-2921.8333333333285,-8682.251263437924,42567,7094.5,2804.930498247684,38656,6442.666666666667,1784.6629560414667,-3911,-651.833333333333,-1020.2675422062172,9705,1617.5,1195.7360494691125,7025,1170.8333333333333,1192.854796975167,-2680,-446.66666666666674,-2.881252493945567,44830,7471.666666666667,2255.360429436206,41298,6883.0,1219.8093293625852,-3532,-588.666666666667,-1035.5511000736203,3846,641.0,327.49167928361175,4744,790.6666666666666,478.77872411654494,898,149.66666666666663,151.2870448329332,2877,479.5,437.2330042437328,4875,812.5,806.2969056123185,1998,333.0,369.0639013685857,4066,677.6666666666666,396.66442576397833,4555,759.1666666666666,268.494630610496,489,81.5,-128.16979515348237,0.5,0.5,0.5,0.5,0.25,0.5,0.25,0.25,0.5,0.25,27.624080302711796,16.289543820503283,19.035870777565325,33.58235369281881,20.87952736318408,19.798139738687063,8.457502287282708,28.74393656716418,24.1329621483998,19.469776489079504,-4.663185659320298,17.537401574803148,14.658788343558282,16.098094959180713,11.69672519509476,15.245782208588956,13.47125370184186,-2.626841257338853
reisa,tshiroko,shun,haruka,saki,sshiroko,hoshino,iori,tshiroko,marina,sayane,sshiroko,0,yellow,yellow,tank,sg,front,1,no,yes,yes,self,3,4.93,no,yes,122892,5025,2597,0.6091,8080,655,217,518,520,2.0,0.8,1812,0.8444,350,100,100,0.0,1.0,200,0.0,0,8,2,shoes,bag,amulet,blue,blue,dealer,ar,middle,0,yes,yes,no,,3,3.33,no,no,69289,6276,108,0.0609,5932,709,1239,733,100,2.46,0.5,1380,0.7798,650,100,100,0.35,1.0,200,0.0,0,15,3,hat,badge,wristwatch,red,red,dealer,sr,back,1,no,yes,no,,3,2.47,yes,no,46867,10930,108,0.0609,5715,1128,201,1382,100,2.26,0.5,1980,0.8644,750,100,136,0.0,1.0,200,0.0,0,20,1,gloves,hairpin,wristwatch,red,red,tank,sg,front,1,no,yes,no,,4,5.67,no,no,150581,3216,2700,0.6183,5596,593,237,497,520,2.0,0.8,2020,0.8689,350,100,100,0.0,1.0,200,0.0,0,8,1,shoes,bag,amulet,yellow,yellow,tank,sg,front,2,no,yes,yes,self,4,7.63,no,no,111386,4757,2792,0.6262,7077,615,246,505,520,2.0,1.0,1948,0.8608,350,100,100,0.0,1.0,200,0.0,0,8,1,shoes,bag,amulet,yellow,yellow,dealer,sr,back,1,no,yes,no,,3,7.33,no,no,52713,8067,113,0.0635,5497,1491,194,824,100,2.46,0.5,2056,0.8728,650,100,136,0.0,1.0,200,0.0,0,5,1,hat,hairpin,wristwatch,blue,blue,dealer,ar,middle,0,yes,yes,no,,3,3.33,no,no,69289,6276,108,0.0609,5932,709,1239,733,100,2.46,0.5,1380,0.7798,650,100,100,0.35,1.0,200,0.0,0,15,3,hat,badge,wristwatch,yellow,red,tank,smg,front,1,yes,yes,no,,3,8.83,no,no,134170,3913,148,0.0816,6197,109,2219,518,520,2.0,0.8,1264,0.7583,350,100,100,0.35,1.0,200,0.0,0,20,4,shoes,badge,amulet,yellow,,support,1,,yes,no,,4,7.0,no,41990,8970,2132,11438,101,197,202,2.2,1582,0.8127,186,100,0.0,1.0,hat,bag,necklace,blue,support,2,yes,no,,3,4.93,yes,43517,8150,2060,8069,660,786,734,2.46,1582,0.8127,100,100,0.0,1.0,hat,bag,wristwatch,yellow,red,support,1,no,yes,no,4,14.53,no,46530,7493,1804,8526,1160,191,1241,2.26,2194,0.8869,100,100,0.0,1.0,gloves,bag,wristwatch,blue,support,2,yes,no,3,4.93,yes,43517,8150,2060,8069,660,786,734,2.46,1582,0.8127,100,100,0.0,1.0,hat,bag,wristwatch,1.3,0.75,1.1,0.45,0.8,0.0,1.1,0.45,1.0,0.3,1.3,0.75,1.1,0.45,1.3,0.75,1.0,0.3,0.8,0.0,1.0,0.3,0.8,0.0,20,3.333333333333333,0.5163977794943222,20,3.333333333333333,0.5163977794943222,0,0.0,0.0,28.33,4.721666666666667,1.6238031489890228,46.58,7.763333333333333,3.868160630928693,18.25,3.041666666666666,2.2443574819396703,475136,79189.33333333333,46488.16783082193,457605,76267.5,37805.916567384,-17531,-2921.8333333333285,-8682.251263437924,42567,7094.5,2804.930498247684,38656,6442.666666666667,1784.6629560414667,-3911,-651.833333333333,-1020.2675422062172,9705,1617.5,1195.7360494691125,7025,1170.8333333333333,1192.854796975167,-2680,-446.66666666666674,-2.881252493945567,44830,7471.666666666667,2255.360429436206,41298,6883.0,1219.8093293625852,-3532,-588.666666666667,-1035.5511000736203,3846,641.0,327.49167928361175,4744,790.6666666666666,478.77872411654494,898,149.66666666666663,151.2870448329332,2877,479.5,437.2330042437328,4875,812.5,806.2969056123185,1998,333.0,369.0639013685857,4066,677.6666666666666,396.66442576397833,4555,759.1666666666666,268.494630610496,489,81.5,-128.16979515348237,0.5,0.5,0.5,0.5,0.25,0.5,0.25,0.25,0.5,0.25,27.624080302711796,16.289543820503283,19.035870777565325,33.58235369281881,20.87952736318408,19.798139738687063,8.457502287282708,28.74393656716418,24.1329621483998,19.469776489079504,-4.663185659320298,17.537401574803148,14.658788343558282,16.098094959180713,11.69672519509476,15.245782208588956,13.47125370184186,-2.626841257338853
reisa,tshiroko,shun,haruka,saki,sshiroko,hoshino,iori,tshiroko,marina,sayane,sshiroko,0,yellow,yellow,tank,sg,front,1,no,yes,yes,self,3,4.93,no,yes,122892,5025,2597,0.6091,8080,655,217,518,520,2.0,0.8,1812,0.8444,350,100,100,0.0,1.0,200,0.0,0,8,2,shoes,bag,amulet,blue,blue,dealer,ar,middle,0,yes,yes,no,,3,3.33,no,no,69289,6276,108,0.0609,5932,709,1239,733,100,2.46,0.5,1380,0.7798,650,100,100,0.35,1.0,200,0.0,0,15,3,hat,badge,wristwatch,red,red,dealer,sr,back,1,no,yes,no,,3,2.47,yes,no,46867,10930,108,0.0609,5715,1128,201,1382,100,2.26,0.5,1980,0.8644,750,100,136,0.0,1.0,200,0.0,0,20,1,gloves,hairpin,wristwatch,red,red,tank,sg,front,1,no,yes,no,,4,5.67,no,no,150581,3216,2700,0.6183,5596,593,237,497,520,2.0,0.8,2020,0.8689,350,100,100,0.0,1.0,200,0.0,0,8,1,shoes,bag,amulet,yellow,yellow,tank,sg,front,2,no,yes,yes,self,4,7.63,no,no,111386,4757,2792,0.6262,7077,615,246,505,520,2.0,1.0,1948,0.8608,350,100,100,0.0,1.0,200,0.0,0,8,1,shoes,bag,amulet,yellow,yellow,dealer,sr,back,1,no,yes,no,,3,7.33,no,no,52713,8067,113,0.0635,5497,1491,194,824,100,2.46,0.5,2056,0.8728,650,100,136,0.0,1.0,200,0.0,0,5,1,hat,hairpin,wristwatch,blue,blue,dealer,ar,middle,0,yes,yes,no,,3,3.33,no,no,69289,6276,108,0.0609,5932,709,1239,733,100,2.46,0.5,1380,0.7798,650,100,100,0.35,1.0,200,0.0,0,15,3,hat,badge,wristwatch,yellow,red,tank,smg,front,1,yes,yes,no,,3,8.83,no,no,134170,3913,148,0.0816,6197,109,2219,518,520,2.0,0.8,1264,0.7583,350,100,100,0.35,1.0,200,0.0,0,20,4,shoes,badge,amulet,yellow,,support,1,,yes,no,,4,7.0,no,41990,8970,2132,11438,101,197,202,2.2,1582,0.8127,186,100,0.0,1.0,hat,bag,necklace,blue,support,2,yes,no,,3,4.93,yes,43517,8150,2060,8069,660,786,734,2.46,1582,0.8127,100,100,0.0,1.0,hat,bag,wristwatch,yellow,red,support,1,no,yes,no,4,14.53,no,46530,7493,1804,8526,1160,191,1241,2.26,2194,0.8869,100,100,0.0,1.0,gloves,bag,wristwatch,blue,support,2,yes,no,3,4.93,yes,43517,8150,2060,8069,660,786,734,2.46,1582,0.8127,100,100,0.0,1.0,hat,bag,wristwatch,1.3,0.75,1.1,0.45,0.8,0.0,1.1,0.45,1.0,0.3,1.3,0.75,1.1,0.45,1.3,0.75,1.0,0.3,0.8,0.0,1.0,0.3,0.8,0.0,20,3.333333333333333,0.5163977794943222,20,3.333333333333333,0.5163977794943222,0,0.0,0.0,28.33,4.721666666666667,1.6238031489890228,46.58,7.763333333333333,3.868160630928693,18.25,3.041666666666666,2.2443574819396703,475136,79189.33333333333,46488.16783082193,457605,76267.5,37805.916567384,-17531,-2921.8333333333285,-8682.251263437924,42567,7094.5,2804.930498247684,38656,6442.666666666667,1784.6629560414667,-3911,-651.833333333333,-1020.2675422062172,9705,1617.5,1195.7360494691125,7025,1170.8333333333333,1192.854796975167,-2680,-446.66666666666674,-2.881252493945567,44830,7471.666666666667,2255.360429436206,41298,6883.0,1219.8093293625852,-3532,-588.666666666667,-1035.5511000736203,3846,641.0,327.49167928361175,4744,790.6666666666666,478.77872411654494,898,149.66666666666663,151.2870448329332,2877,479.5,437.2330042437328,4875,812.5,806.2969056123185,1998,333.0,369.0639013685857,4066,677.6666666666666,396.66442576397833,4555,759.1666666666666,268.494630610496,489,81.5,-128.16979515348237,0.5,0.5,0.5,0.5,0.25,0.5,0.25,0.25,0.5,0.25,27.624080302711796,16.289543820503283,19.035870777565325,33.58235369281881,20.87952736318408,19.798139738687063,8.457502287282708,28.74393656716418,24.1329621483998,19.469776489079504,-4.663185659320298,17.537401574803148,14.658788343558282,16.098094959180713,11.69672519509476,15.245782208588956,13.47125370184186,-2.626841257338853
tshiroko,hoshino,marina,iori,nagisa,sshiroko,hoshino,iori,tshiroko,marina,sayane,sshiroko,0,blue,blue,dealer,ar,middle,0,yes,yes,no,,3,3.33,no,no,69289,6276,108,0.0609,5932,709,1239,733,100,2.46,0.5,1380,0.7798,650,100,100,0.35,1.0,200,0.0,0,15,3,hat,badge,wristwatch,yellow,yellow,tank,sg,front,2,no,yes,yes,self,4,7.63,no,no,111386,4757,2792,0.6262,7077,615,246,505,520,2.0,1.0,1948,0.8608,350,100,100,0.0,1.0,200,0.0,0,8,1,shoes,bag,amulet,yellow,red,tank,smg,front,1,yes,yes,no,,3,8.83,no,no,134170,3913,148,0.0816,6197,109,2219,518,520,2.0,0.8,1264,0.7583,350,100,100,0.35,1.0,200,0.0,0,20,4,shoes,badge,amulet,yellow,yellow,dealer,sr,back,1,no,yes,no,,3,7.33,no,no,52713,8067,113,0.0635,5497,1491,194,824,100,2.46,0.5,2056,0.8728,650,100,136,0.0,1.0,200,0.0,0,5,1,hat,hairpin,wristwatch,yellow,yellow,tank,sg,front,2,no,yes,yes,self,4,7.63,no,no,111386,4757,2792,0.6262,7077,615,246,505,520,2.0,1.0,1948,0.8608,350,100,100,0.0,1.0,200,0.0,0,8,1,shoes,bag,amulet,yellow,yellow,dealer,sr,back,1,no,yes,no,,3,7.33,no,no,52713,8067,113,0.0635,5497,1491,194,824,100,2.46,0.5,2056,0.8728,650,100,136,0.0,1.0,200,0.0,0,5,1,hat,hairpin,wristwatch,blue,blue,dealer,ar,middle,0,yes,yes,no,,3,3.33,no,no,69289,6276,108,0.0609,5932,709,1239,733,100,2.46,0.5,1380,0.7798,650,100,100,0.35,1.0,200,0.0,0,15,3,hat,badge,wristwatch,yellow,red,tank,smg,front,1,yes,yes,no,,3,8.83,no,no,134170,3913,148,0.0816,6197,109,2219,518,520,2.0,0.8,1264,0.7583,350,100,100,0.35,1.0,200,0.0,0,20,4,shoes,badge,amulet,red,,support,1,,yes,yes,one,3,6.83,no,44099,7734,2061,11519,759,977,682,2.46,1132,0.731,100,100,0.0,1.0,hat,bag,wristwatch,blue,support,2,yes,no,,3,4.93,yes,43517,8150,2060,8069,660,786,734,2.46,1582,0.8127,100,100,0.0,1.0,hat,bag,wristwatch,yellow,red,support,1,no,yes,no,4,14.53,no,46530,7493,1804,8526,1160,191,1241,2.26,2194,0.8869,100,100,0.0,1.0,gloves,bag,wristwatch,blue,support,2,yes,no,3,4.93,yes,43517,8150,2060,8069,660,786,734,2.46,1582,0.8127,100,100,0.0,1.0,hat,bag,wristwatch,1.1,0.45,1.0,0.3,1.3,0.75,1.3,0.75,1.0,0.3,1.3,0.75,1.1,0.45,1.3,0.75,1.3,0.75,0.8,0.0,1.0,0.3,0.8,0.0,19,3.1666666666666665,0.4082482904638629,20,3.333333333333333,0.5163977794943222,1,0.1666666666666669,0.1081494890304592,38.88,6.48,2.0007498594277093,46.58,7.763333333333333,3.868160630928693,7.700000000000003,1.2833333333333332,1.867410771500984,455174,75862.33333333333,38199.33288248195,457605,76267.5,37805.916567384,2431,405.1666666666715,-393.4163150979439,38897,6482.833333333333,1815.476291959404,38656,6442.666666666667,1784.6629560414667,-241,-40.16666666666606,-30.813335917937135,7282,1213.6666666666667,1224.3366639395665,7025,1170.8333333333333,1192.854796975167,-257,-42.833333333333485,-31.48186696439961,44291,7381.833333333333,2224.397124316309,41298,6883.0,1219.8093293625852,-2993,-498.833333333333,-1004.587794953724,4343,723.8333333333334,443.60812285920406,4744,790.6666666666666,478.77872411654494,401,66.83333333333326,35.17060125734088,5661,943.5,746.7804898362035,4875,812.5,806.2969056123185,-786,-131.0,59.51641577611497,3996,666.0,128.18580264600288,4555,759.1666666666666,268.494630610496,559,93.16666666666664,140.30882796449308,0.5,0.5,0.5,0.5,0.25,0.5,0.25,0.25,0.5,0.25,22.055838763926847,13.006027643485806,19.798139738687063,26.81309097878865,19.798139738687063,22.055838763926843,26.81309097878865,13.006027643485806,20.41827428122209,20.41827428122209,0.0,14.002352195382356,15.245782208588958,14.624067201985657,11.952482544608223,15.245782208588956,13.59913237659859,-1.0249348253870671
tshiroko,hoshino,marina,iori,nagisa,sshiroko,hoshino,iori,tshiroko,marina,sayane,sshiroko,0,blue,blue,dealer,ar,middle,0,yes,yes,no,,3,3.33,no,no,69289,6276,108,0.0609,5932,709,1239,733,100,2.46,0.5,1380,0.7798,650,100,100,0.35,1.0,200,0.0,0,15,3,hat,badge,wristwatch,yellow,yellow,tank,sg,front,2,no,yes,yes,self,4,7.63,no,no,111386,4757,2792,0.6262,7077,615,246,505,520,2.0,1.0,1948,0.8608,350,100,100,0.0,1.0,200,0.0,0,8,1,shoes,bag,amulet,yellow,red,tank,smg,front,1,yes,yes,no,,3,8.83,no,no,134170,3913,148,0.0816,6197,109,2219,518,520,2.0,0.8,1264,0.7583,350,100,100,0.35,1.0,200,0.0,0,20,4,shoes,badge,amulet,yellow,yellow,dealer,sr,back,1,no,yes,no,,3,7.33,no,no,52713,8067,113,0.0635,5497,1491,194,824,100,2.46,0.5,2056,0.8728,650,100,136,0.0,1.0,200,0.0,0,5,1,hat,hairpin,wristwatch,yellow,yellow,tank,sg,front,2,no,yes,yes,self,4,7.63,no,no,111386,4757,2792,0.6262,7077,615,246,505,520,2.0,1.0,1948,0.8608,350,100,100,0.0,1.0,200,0.0,0,8,1,shoes,bag,amulet,yellow,yellow,dealer,sr,back,1,no,yes,no,,3,7.33,no,no,52713,8067,113,0.0635,5497,1491,194,824,100,2.46,0.5,2056,0.8728,650,100,136,0.0,1.0,200,0.0,0,5,1,hat,hairpin,wristwatch,blue,blue,dealer,ar,middle,0,yes,yes,no,,3,3.33,no,no,69289,6276,108,0.0609,5932,709,1239,733,100,2.46,0.5,1380,0.7798,650,100,100,0.35,1.0,200,0.0,0,15,3,hat,badge,wristwatch,yellow,red,tank,smg,front,1,yes,yes,no,,3,8.83,no,no,134170,3913,148,0.0816,6197,109,2219,518,520,2.0,0.8,1264,0.7583,350,100,100,0.35,1.0,200,0.0,0,20,4,shoes,badge,amulet,red,,support,1,,yes,yes,one,3,6.83,no,44099,7734,2061,11519,759,977,682,2.46,1132,0.731,100,100,0.0,1.0,hat,bag,wristwatch,blue,support,2,yes,no,,3,4.93,yes,43517,8150,2060,8069,660,786,734,2.46,1582,0.8127,100,100,0.0,1.0,hat,bag,wristwatch,yellow,red,support,1,no,yes,no,4,14.53,no,46530,7493,1804,8526,1160,191,1241,2.26,2194,0.8869,100,100,0.0,1.0,gloves,bag,wristwatch,blue,support,2,yes,no,3,4.93,yes,43517,8150,2060,8069,660,786,734,2.46,1582,0.8127,100,100,0.0,1.0,hat,bag,wristwatch,1.1,0.45,1.0,0.3,1.3,0.75,1.3,0.75,1.0,0.3,1.3,0.75,1.1,0.45,1.3,0.75,1.3,0.75,0.8,0.0,1.0,0.3,0.8,0.0,19,3.1666666666666665,0.4082482904638629,20,3.333333333333333,0.5163977794943222,1,0.1666666666666669,0.1081494890304592,38.88,6.48,2.0007498594277093,46.58,7.763333333333333,3.868160630928693,7.700000000000003,1.2833333333333332,1.867410771500984,455174,75862.33333333333,38199.33288248195,457605,76267.5,37805.916567384,2431,405.1666666666715,-393.4163150979439,38897,6482.833333333333,1815.476291959404,38656,6442.666666666667,1784.6629560414667,-241,-40.16666666666606,-30.813335917937135,7282,1213.6666666666667,1224.3366639395665,7025,1170.8333333333333,1192.854796975167,-257,-42.833333333333485,-31.48186696439961,44291,7381.833333333333,2224.397124316309,41298,6883.0,1219.8093293625852,-2993,-498.833333333333,-1004.587794953724,4343,723.8333333333334,443.60812285920406,4744,790.6666666666666,478.77872411654494,401,66.83333333333326,35.17060125734088,5661,943.5,746.7804898362035,4875,812.5,806.2969056123185,-786,-131.0,59.51641577611497,3996,666.0,128.18580264600288,4555,759.1666666666666,268.494630610496,559,93.16666666666664,140.30882796449308,0.5,0.5,0.5,0.5,0.25,0.5,0.25,0.25,0.5,0.25,22.055838763926847,13.006027643485806,19.798139738687063,26.81309097878865,19.798139738687063,22.055838763926843,26.81309097878865,13.006027643485806,20.41827428122209,20.41827428122209,0.0,14.002352195382356,15.245782208588958,14.624067201985657,11.952482544608223,15.245782208588956,13.59913237659859,-1.0249348253870671
tshiroko,hoshino,marina,iori,nagisa,sshiroko,hoshino,iori,tshiroko,marina,sayane,sshiroko,0,blue,blue,dealer,ar,middle,0,yes,yes,no,,3,3.33,no,no,69289,6276,108,0.0609,5932,709,1239,733,100,2.46,0.5,1380,0.7798,650,100,100,0.35,1.0,200,0.0,0,15,3,hat,badge,wristwatch,yellow,yellow,tank,sg,front,2,no,yes,yes,self,4,7.63,no,no,111386,4757,2792,0.6262,7077,615,246,505,520,2.0,1.0,1948,0.8608,350,100,100,0.0,1.0,200,0.0,0,8,1,shoes,bag,amulet,yellow,red,tank,smg,front,1,yes,yes,no,,3,8.83,no,no,134170,3913,148,0.0816,6197,109,2219,518,520,2.0,0.8,1264,0.7583,350,100,100,0.35,1.0,200,0.0,0,20,4,shoes,badge,amulet,yellow,yellow,dealer,sr,back,1,no,yes,no,,3,7.33,no,no,52713,8067,113,0.0635,5497,1491,194,824,100,2.46,0.5,2056,0.8728,650,100,136,0.0,1.0,200,0.0,0,5,1,hat,hairpin,wristwatch,yellow,yellow,tank,sg,front,2,no,yes,yes,self,4,7.63,no,no,111386,4757,2792,0.6262,7077,615,246,505,520,2.0,1.0,1948,0.8608,350,100,100,0.0,1.0,200,0.0,0,8,1,shoes,bag,amulet,yellow,yellow,dealer,sr,back,1,no,yes,no,,3,7.33,no,no,52713,8067,113,0.0635,5497,1491,194,824,100,2.46,0.5,2056,0.8728,650,100,136,0.0,1.0,200,0.0,0,5,1,hat,hairpin,wristwatch,blue,blue,dealer,ar,middle,0,yes,yes,no,,3,3.33,no,no,69289,6276,108,0.0609,5932,709,1239,733,100,2.46,0.5,1380,0.7798,650,100,100,0.35,1.0,200,0.0,0,15,3,hat,badge,wristwatch,yellow,red,tank,smg,front,1,yes,yes,no,,3,8.83,no,no,134170,3913,148,0.0816,6197,109,2219,518,520,2.0,0.8,1264,0.7583,350,100,100,0.35,1.0,200,0.0,0,20,4,shoes,badge,amulet,red,,support,1,,yes,yes,one,3,6.83,no,44099,7734,2061,11519,759,977,682,2.46,1132,0.731,100,100,0.0,1.0,hat,bag,wristwatch,blue,support,2,yes,no,,3,4.93,yes,43517,8150,2060,8069,660,786,734,2.46,1582,0.8127,100,100,0.0,1.0,hat,bag,wristwatch,yellow,red,support,1,no,yes,no,4,14.53,no,46530,7493,1804,8526,1160,191,1241,2.26,2194,0.8869,100,100,0.0,1.0,gloves,bag,wristwatch,blue,support,2,yes,no,3,4.93,yes,43517,8150,2060,8069,660,786,734,2.46,1582,0.8127,100,100,0.0,1.0,hat,bag,wristwatch,1.1,0.45,1.0,0.3,1.3,0.75,1.3,0.75,1.0,0.3,1.3,0.75,1.1,0.45,1.3,0.75,1.3,0.75,0.8,0.0,1.0,0.3,0.8,0.0,19,3.1666666666666665,0.4082482904638629,20,3.333333333333333,0.5163977794943222,1,0.1666666666666669,0.1081494890304592,38.88,6.48,2.0007498594277093,46.58,7.763333333333333,3.868160630928693,7.700000000000003,1.2833333333333332,1.867410771500984,455174,75862.33333333333,38199.33288248195,457605,76267.5,37805.916567384,2431,405.1666666666715,-393.4163150979439,38897,6482.833333333333,1815.476291959404,38656,6442.666666666667,1784.6629560414667,-241,-40.16666666666606,-30.813335917937135,7282,1213.6666666666667,1224.3366639395665,7025,1170.8333333333333,1192.854796975167,-257,-42.833333333333485,-31.48186696439961,44291,7381.833333333333,2224.397124316309,41298,6883.0,1219.8093293625852,-2993,-498.833333333333,-1004.587794953724,4343,723.8333333333334,443.60812285920406,4744,790.6666666666666,478.77872411654494,401,66.83333333333326,35.17060125734088,5661,943.5,746.7804898362035,4875,812.5,806.2969056123185,-786,-131.0,59.51641577611497,3996,666.0,128.18580264600288,4555,759.1666666666666,268.494630610496,559,93.16666666666664,140.30882796449308,0.5,0.5,0.5,0.5,0.25,0.5,0.25,0.25,0.5,0.25,22.055838763926847,13.006027643485806,19.798139738687063,26.81309097878865,19.798139738687063,22.055838763926843,26.81309097878865,13.006027643485806,20.41827428122209,20.41827428122209,0.0,14.002352195382356,15.245782208588958,14.624067201985657,11.952482544608223,15.245782208588956,13.59913237659859,-1.0249348253870671
tshiroko,hoshino,marina,iori,nagisa,sshiroko,hoshino,iori,tshiroko,marina,sayane,sshiroko,1,blue,blue,dealer,ar,middle,0,yes,yes,no,,3,3.33,no,no,69289,6276,108,0.0609,5932,709,1239,733,100,2.46,0.5,1380,0.7798,650,100,100,0.35,1.0,200,0.0,0,15,3,hat,badge,wristwatch,yellow,yellow,tank,sg,front,2,no,yes,yes,self,4,7.63,no,no,111386,4757,2792,0.6262,7077,615,246,505,520,2.0,1.0,1948,0.8608,350,100,100,0.0,1.0,200,0.0,0,8,1,shoes,bag,amulet,yellow,red,tank,smg,front,1,yes,yes,no,,3,8.83,no,no,134170,3913,148,0.0816,6197,109,2219,518,520,2.0,0.8,1264,0.7583,350,100,100,0.35,1.0,200,0.0,0,20,4,shoes,badge,amulet,yellow,yellow,dealer,sr,back,1,no,yes,no,,3,7.33,no,no,52713,8067,113,0.0635,5497,1491,194,824,100,2.46,0.5,2056,0.8728,650,100,136,0.0,1.0,200,0.0,0,5,1,hat,hairpin,wristwatch,yellow,yellow,tank,sg,front,2,no,yes,yes,self,4,7.63,no,no,111386,4757,2792,0.6262,7077,615,246,505,520,2.0,1.0,1948,0.8608,350,100,100,0.0,1.0,200,0.0,0,8,1,shoes,bag,amulet,yellow,yellow,dealer,sr,back,1,no,yes,no,,3,7.33,no,no,52713,8067,113,0.0635,5497,1491,194,824,100,2.46,0.5,2056,0.8728,650,100,136,0.0,1.0,200,0.0,0,5,1,hat,hairpin,wristwatch,blue,blue,dealer,ar,middle,0,yes,yes,no,,3,3.33,no,no,69289,6276,108,0.0609,5932,709,1239,733,100,2.46,0.5,1380,0.7798,650,100,100,0.35,1.0,200,0.0,0,15,3,hat,badge,wristwatch,yellow,red,tank,smg,front,1,yes,yes,no,,3,8.83,no,no,134170,3913,148,0.0816,6197,109,2219,518,520,2.0,0.8,1264,0.7583,350,100,100,0.35,1.0,200,0.0,0,20,4,shoes,badge,amulet,red,,support,1,,yes,yes,one,3,6.83,no,44099,7734,2061,11519,759,977,682,2.46,1132,0.731,100,100,0.0,1.0,hat,bag,wristwatch,blue,support,2,yes,no,,3,4.93,yes,43517,8150,2060,8069,660,786,734,2.46,1582,0.8127,100,100,0.0,1.0,hat,bag,wristwatch,yellow,red,support,1,no,yes,no,4,14.53,no,46530,7493,1804,8526,1160,191,1241,2.26,2194,0.8869,100,100,0.0,1.0,gloves,bag,wristwatch,blue,support,2,yes,no,3,4.93,yes,43517,8150,2060,8069,660,786,734,2.46,1582,0.8127,100,100,0.0,1.0,hat,bag,wristwatch,1.1,0.45,1.0,0.3,1.3,0.75,1.3,0.75,1.0,0.3,1.3,0.75,1.1,0.45,1.3,0.75,1.3,0.75,0.8,0.0,1.0,0.3,0.8,0.0,19,3.1666666666666665,0.4082482904638629,20,3.333333333333333,0.5163977794943222,1,0.1666666666666669,0.1081494890304592,38.88,6.48,2.0007498594277093,46.58,7.763333333333333,3.868160630928693,7.700000000000003,1.2833333333333332,1.867410771500984,455174,75862.33333333333,38199.33288248195,457605,76267.5,37805.916567384,2431,405.1666666666715,-393.4163150979439,38897,6482.833333333333,1815.476291959404,38656,6442.666666666667,1784.6629560414667,-241,-40.16666666666606,-30.813335917937135,7282,1213.6666666666667,1224.3366639395665,7025,1170.8333333333333,1192.854796975167,-257,-42.833333333333485,-31.48186696439961,44291,7381.833333333333,2224.397124316309,41298,6883.0,1219.8093293625852,-2993,-498.833333333333,-1004.587794953724,4343,723.8333333333334,443.60812285920406,4744,790.6666666666666,478.77872411654494,401,66.83333333333326,35.17060125734088,5661,943.5,746.7804898362035,4875,812.5,806.2969056123185,-786,-131.0,59.51641577611497,3996,666.0,128.18580264600288,4555,759.1666666666666,268.494630610496,559,93.16666666666664,140.30882796449308,0.5,0.5,0.5,0.5,0.25,0.5,0.25,0.25,0.5,0.25,22.055838763926847,13.006027643485806,19.798139738687063,26.81309097878865,19.798139738687063,22.055838763926843,26.81309097878865,13.006027643485806,20.41827428122209,20.41827428122209,0.0,14.002352195382356,15.245782208588958,14.624067201985657,11.952482544608223,15.245782208588956,13.59913237659859,-1.0249348253870671
marina,shun,tshiroko,hoshino,nagisa,sshiroko,hoshino,iori,tshiroko,marina,sayane,sshiroko,1,yellow,red,tank,smg,front,1,yes,yes,no,,3,8.83,no,no,134170,3913,148,0.0816,6197,109,2219,518,520,2.0,0.8,1264,0.7583,350,100,100,0.35,1.0,200,0.0,0,20,4,shoes,badge,amulet,red,red,dealer,sr,back,1,no,yes,no,,3,2.47,yes,no,46867,10930,108,0.0609,5715,1128,201,1382,100,2.26,0.5,1980,0.8644,750,100,136,0.0,1.0,200,0.0,0,20,1,gloves,hairpin,wristwatch,blue,blue,dealer,ar,middle,0,yes,yes,no,,3,3.33,no,no,69289,6276,108,0.0609,5932,709,1239,733,100,2.46,0.5,1380,0.7798,650,100,100,0.35,1.0,200,0.0,0,15,3,hat,badge,wristwatch,yellow,yellow,tank,sg,front,2,no,yes,yes,self,4,7.63,no,no,111386,4757,2792,0.6262,7077,615,246,505,520,2.0,1.0,1948,0.8608,350,100,100,0.0,1.0,200,0.0,0,8,1,shoes,bag,amulet,yellow,yellow,tank,sg,front,2,no,yes,yes,self,4,7.63,no,no,111386,4757,2792,0.6262,7077,615,246,505,520,2.0,1.0,1948,0.8608,350,100,100,0.0,1.0,200,0.0,0,8,1,shoes,bag,amulet,yellow,yellow,dealer,sr,back,1,no,yes,no,,3,7.33,no,no,52713,8067,113,0.0635,5497,1491,194,824,100,2.46,0.5,2056,0.8728,650,100,136,0.0,1.0,200,0.0,0,5,1,hat,hairpin,wristwatch,blue,blue,dealer,ar,middle,0,yes,yes,no,,3,3.33,no,no,69289,6276,108,0.0609,5932,709,1239,733,100,2.46,0.5,1380,0.7798,650,100,100,0.35,1.0,200,0.0,0,15,3,hat,badge,wristwatch,yellow,red,tank,smg,front,1,yes,yes,no,,3,8.83,no,no,134170,3913,148,0.0816,6197,109,2219,518,520,2.0,0.8,1264,0.7583,350,100,100,0.35,1.0,200,0.0,0,20,4,shoes,badge,amulet,red,,support,1,,yes,yes,one,3,6.83,no,44099,7734,2061,11519,759,977,682,2.46,1132,0.731,100,100,0.0,1.0,hat,bag,wristwatch,blue,support,2,yes,no,,3,4.93,yes,43517,8150,2060,8069,660,786,734,2.46,1582,0.8127,100,100,0.0,1.0,hat,bag,wristwatch,yellow,red,support,1,no,yes,no,4,14.53,no,46530,7493,1804,8526,1160,191,1241,2.26,2194,0.8869,100,100,0.0,1.0,gloves,bag,wristwatch,blue,support,2,yes,no,3,4.93,yes,43517,8150,2060,8069,660,786,734,2.46,1582,0.8127,100,100,0.0,1.0,hat,bag,wristwatch,1.3,0.75,0.8,0.0,1.1,0.45,1.0,0.3,1.0,0.3,1.3,0.75,1.1,0.45,1.3,0.75,1.3,0.75,0.8,0.0,1.0,0.3,0.8,0.0,19,3.1666666666666665,0.4082482904638629,20,3.333333333333333,0.5163977794943222,1,0.1666666666666669,0.1081494890304592,34.02,5.670000000000001,2.5074289621044104,46.58,7.763333333333333,3.868160630928693,12.559999999999995,2.093333333333332,1.3607316688242823,449328,74888.0,38974.5735884307,457605,76267.5,37805.916567384,8277,1379.5,-1168.6570210466962,41760,6960.0,2544.8516656182537,38656,6442.666666666667,1784.6629560414667,-3104,-517.333333333333,-760.188709576787,7277,1212.8333333333333,1225.2370246881485,7025,1170.8333333333333,1192.854796975167,-252,-42.0,-32.3822277129816,44509,7418.166666666667,2188.9508369688588,41298,6883.0,1219.8093293625852,-3211,-535.166666666667,-969.1415076062736,3980,663.3333333333334,327.6538824226972,4744,790.6666666666666,478.77872411654494,764,127.33333333333326,151.1248416938477,5668,944.6666666666666,745.3795453771634,4875,812.5,806.2969056123185,-793,-132.16666666666663,60.91736023515512,4554,759.0,321.8558683634648,4555,759.1666666666666,268.494630610496,1,0.1666666666666287,-53.36123775296886,0.5,0.5,0.5,0.5,0.25,0.5,0.25,0.25,0.5,0.25,25.596804708850115,15.094087021197472,17.465483588272786,31.117812420138,26.81309097878865,8.457502287282708,19.798139738687063,22.055838763926843,22.318546934614595,19.28114294217132,-3.037403992443277,16.250367009208595,13.449493865030677,14.849930437119635,11.952482544608223,15.245782208588956,13.59913237659859,-1.2507980605210456
hoshino,shun,tshiroko,marina,sayane,sshiroko,hoshino,iori,tshiroko,marina,sayane,sshiroko,1,yellow,yellow,tank,sg,front,2,no,yes,yes,self,4,7.63,no,no,111386,4757,2792,0.6262,7077,615,246,505,520,2.0,1.0,1948,0.8608,350,100,100,0.0,1.0,200,0.0,0,8,1,shoes,bag,amulet,red,red,dealer,sr,back,1,no,yes,no,,3,2.47,yes,no,46867,10930,108,0.0609,5715,1128,201,1382,100,2.26,0.5,1980,0.8644,750,100,136,0.0,1.0,200,0.0,0,20,1,gloves,hairpin,wristwatch,blue,blue,dealer,ar,middle,0,yes,yes,no,,3,3.33,no,no,69289,6276,108,0.0609,5932,709,1239,733,100,2.46,0.5,1380,0.7798,650,100,100,0.35,1.0,200,0.0,0,15,3,hat,badge,wristwatch,yellow,red,tank,smg,front,1,yes,yes,no,,3,8.83,no,no,134170,3913,148,0.0816,6197,109,2219,518,520,2.0,0.8,1264,0.7583,350,100,100,0.35,1.0,200,0.0,0,20,4,shoes,badge,amulet,yellow,yellow,tank,sg,front,2,no,yes,yes,self,4,7.63,no,no,111386,4757,2792,0.6262,7077,615,246,505,520,2.0,1.0,1948,0.8608,350,100,100,0.0,1.0,200,0.0,0,8,1,shoes,bag,amulet,yellow,yellow,dealer,sr,back,1,no,yes,no,,3,7.33,no,no,52713,8067,113,0.0635,5497,1491,194,824,100,2.46,0.5,2056,0.8728,650,100,136,0.0,1.0,200,0.0,0,5,1,hat,hairpin,wristwatch,blue,blue,dealer,ar,middle,0,yes,yes,no,,3,3.33,no,no,69289,6276,108,0.0609,5932,709,1239,733,100,2.46,0.5,1380,0.7798,650,100,100,0.35,1.0,200,0.0,0,15,3,hat,badge,wristwatch,yellow,red,tank,smg,front,1,yes,yes,no,,3,8.83,no,no,134170,3913,148,0.0816,6197,109,2219,518,520,2.0,0.8,1264,0.7583,350,100,100,0.35,1.0,200,0.0,0,20,4,shoes,badge,amulet,yellow,red,support,1,no,yes,no,,4,14.53,no,46530,7493,1804,8526,1160,191,1241,2.26,2194,0.8869,100,100,0.0,1.0,gloves,bag,wristwatch,blue,support,2,yes,no,,3,4.93,yes,43517,8150,2060,8069,660,786,734,2.46,1582,0.8127,100,100,0.0,1.0,hat,bag,wristwatch,yellow,red,support,1,no,yes,no,4,14.53,no,46530,7493,1804,8526,1160,191,1241,2.26,2194,0.8869,100,100,0.0,1.0,gloves,bag,wristwatch,blue,support,2,yes,no,3,4.93,yes,43517,8150,2060,8069,660,786,734,2.46,1582,0.8127,100,100,0.0,1.0,hat,bag,wristwatch,1.0,0.3,0.8,0.0,1.1,0.45,1.3,0.75,1.0,0.3,1.3,0.75,1.1,0.45,1.3,0.75,1.0,0.3,0.8,0.0,1.0,0.3,0.8,0.0,20,3.333333333333333,0.5163977794943222,20,3.333333333333333,0.5163977794943222,0,0.0,0.0,41.72,6.953333333333333,4.44315953648602,46.58,7.763333333333333,3.868160630928693,4.859999999999999,0.8099999999999996,-0.5749989055573268,451759,75293.16666666667,38601.33576661132,457605,76267.5,37805.916567384,5846,974.3333333333284,-795.419199227319,41519,6919.833333333333,2532.061722523104,38656,6442.666666666667,1784.6629560414667,-2863,-477.16666666666606,-747.3987664816373,7020,1170.0,1193.7430209220072,7025,1170.8333333333333,1192.854796975167,5,0.8333333333332575,-0.8882239468402986,41516,6919.333333333333,1172.6023480560946,41298,6883.0,1219.8093293625852,-218,-36.33333333333303,47.20698130649066,4381,730.1666666666666,386.6551004017233,4744,790.6666666666666,478.77872411654494,363,60.5,92.12362371482168,4882,813.6666666666666,805.2273384993002,4875,812.5,806.2969056123185,-7,-1.1666666666666288,1.0695671130182518,5113,852.1666666666666,372.0942980840565,4555,759.1666666666666,268.494630610496,-558,-93.0,-103.59966747356054,0.5,0.5,0.5,0.5,0.25,0.5,0.25,0.25,0.5,0.25,25.596804708850115,15.09408702119747,17.465483588272782,31.117812420138,22.055838763926843,8.457502287282708,19.798139738687063,26.81309097878865,22.31854693461459,19.28114294217132,-3.0374039924432736,16.250367009208595,13.449493865030677,14.849930437119635,14.002352195382358,15.245782208588956,14.624067201985657,-0.2258632351339784
tshiroko,marina,hoshino,shanako,nagisa,sshiroko,hoshino,iori,tshiroko,marina,sayane,sshiroko,0,blue,blue,dealer,ar,middle,0,yes,yes,no,,3,3.33,no,no,69289,6276,108,0.0609,5932,709,1239,733,100,2.46,0.5,1380,0.7798,650,100,100,0.35,1.0,200,0.0,0,15,3,hat,badge,wristwatch,yellow,red,tank,smg,front,1,yes,yes,no,,3,8.83,no,no,134170,3913,148,0.0816,6197,109,2219,518,520,2.0,0.8,1264,0.7583,350,100,100,0.35,1.0,200,0.0,0,20,4,shoes,badge,amulet,yellow,yellow,tank,sg,front,2,no,yes,yes,self,4,7.63,no,no,111386,4757,2792,0.6262,7077,615,246,505,520,2.0,1.0,1948,0.8608,350,100,100,0.0,1.0,200,0.0,0,8,1,shoes,bag,amulet,purple,yellow,dealer,ar,middle,2,no,yes,no,,2,3.83,no,no,53852,9363,109,0.0614,6158,701,797,830,100,3.1292,0.5,1396,0.7826,650,100,136,0.0,1.0,200,0.0,0,15,3,hat,hairpin,wristwatch,yellow,yellow,tank,sg,front,2,no,yes,yes,self,4,7.63,no,no,111386,4757,2792,0.6262,7077,615,246,505,520,2.0,1.0,1948,0.8608,350,100,100,0.0,1.0,200,0.0,0,8,1,shoes,bag,amulet,yellow,yellow,dealer,sr,back,1,no,yes,no,,3,7.33,no,no,52713,8067,113,0.0635,5497,1491,194,824,100,2.46,0.5,2056,0.8728,650,100,136,0.0,1.0,200,0.0,0,5,1,hat,hairpin,wristwatch,blue,blue,dealer,ar,middle,0,yes,yes,no,,3,3.33,no,no,69289,6276,108,0.0609,5932,709,1239,733,100,2.46,0.5,1380,0.7798,650,100,100,0.35,1.0,200,0.0,0,15,3,hat,badge,wristwatch,yellow,red,tank,smg,front,1,yes,yes,no,,3,8.83,no,no,134170,3913,148,0.0816,6197,109,2219,518,520,2.0,0.8,1264,0.7583,350,100,100,0.35,1.0,200,0.0,0,20,4,shoes,badge,amulet,red,,support,1,,yes,yes,one,3,6.83,no,44099,7734,2061,11519,759,977,682,2.46,1132,0.731,100,100,0.0,1.0,hat,bag,wristwatch,blue,support,2,yes,no,,3,4.93,yes,43517,8150,2060,8069,660,786,734,2.46,1582,0.8127,100,100,0.0,1.0,hat,bag,wristwatch,yellow,red,support,1,no,yes,no,4,14.53,no,46530,7493,1804,8526,1160,191,1241,2.26,2194,0.8869,100,100,0.0,1.0,gloves,bag,wristwatch,blue,support,2,yes,no,3,4.93,yes,43517,8150,2060,8069,660,786,734,2.46,1582,0.8127,100,100,0.0,1.0,hat,bag,wristwatch,1.1,0.45,1.3,0.75,1.0,0.3,0.8,0.0,1.0,0.3,1.3,0.75,1.1,0.45,1.3,0.75,1.3,0.75,0.8,0.0,1.0,0.3,0.8,0.0,18,3.0,0.6324555320336759,20,3.333333333333333,0.5163977794943222,2,0.3333333333333335,-0.1160577525393536,35.379999999999995,5.896666666666666,2.203330811899717,46.58,7.763333333333333,3.868160630928693,11.200000000000005,1.8666666666666671,1.664829819028976,456313,76052.16666666667,38063.87285296474,457605,76267.5,37805.916567384,1292,215.33333333332848,-257.95628558073804,40193,6698.833333333333,2096.931607531983,38656,6442.666666666667,1784.6629560414667,-1537,-256.16666666666606,-312.2686514905163,7278,1213.0,1225.056733380132,7025,1170.8333333333333,1192.854796975167,-253,-42.16666666666674,-32.20193640496518,44952,7492.0,2126.596529668945,41298,6883.0,1219.8093293625852,-3654,-609.0,-906.78720030636,3553,592.1666666666666,241.6198805286243,4744,790.6666666666666,478.77872411654494,1191,198.5,237.15884358792064,6264,1044.0,661.4402467343517,4875,812.5,806.2969056123185,-1389,-231.5,144.85665887796677,4002,667.0,129.6796051813854,4555,759.1666666666666,268.494630610496,553,92.16666666666664,138.81502542911056,0.5,0.5,0.5,0.5,0.0,0.5,0.5,0.25,0.5,0.25,22.085768341391635,13.023676707574069,19.888882249840663,26.84947610529006,19.798139738687063,26.81309097878865,22.055838763926843,13.578998896365125,20.461950851024103,20.56151709444192,0.099566243417815,14.02135326304551,15.315659509202456,14.66850638612398,11.952482544608223,15.245782208588956,13.59913237659859,-1.069374009525392
hoshino,iori,shun,tshiroko,nagisa,sshiroko,hoshino,iori,tshiroko,marina,sayane,sshiroko,1,yellow,yellow,tank,sg,front,2,no,yes,yes,self,4,7.63,no,no,111386,4757,2792,0.6262,7077,615,246,505,520,2.0,1.0,1948,0.8608,350,100,100,0.0,1.0,200,0.0,0,8,1,shoes,bag,amulet,yellow,yellow,dealer,sr,back,1,no,yes,no,,3,7.33,no,no,52713,8067,113,0.0635,5497,1491,194,824,100,2.46,0.5,2056,0.8728,650,100,136,0.0,1.0,200,0.0,0,5,1,hat,hairpin,wristwatch,red,red,dealer,sr,back,1,no,yes,no,,3,2.47,yes,no,46867,10930,108,0.0609,5715,1128,201,1382,100,2.26,0.5,1980,0.8644,750,100,136,0.0,1.0,200,0.0,0,20,1,gloves,hairpin,wristwatch,blue,blue,dealer,ar,middle,0,yes,yes,no,,3,3.33,no,no,69289,6276,108,0.0609,5932,709,1239,733,100,2.46,0.5,1380,0.7798,650,100,100,0.35,1.0,200,0.0,0,15,3,hat,badge,wristwatch,yellow,yellow,tank,sg,front,2,no,yes,yes,self,4,7.63,no,no,111386,4757,2792,0.6262,7077,615,246,505,520,2.0,1.0,1948,0.8608,350,100,100,0.0,1.0,200,0.0,0,8,1,shoes,bag,amulet,yellow,yellow,dealer,sr,back,1,no,yes,no,,3,7.33,no,no,52713,8067,113,0.0635,5497,1491,194,824,100,2.46,0.5,2056,0.8728,650,100,136,0.0,1.0,200,0.0,0,5,1,hat,hairpin,wristwatch,blue,blue,dealer,ar,middle,0,yes,yes,no,,3,3.33,no,no,69289,6276,108,0.0609,5932,709,1239,733,100,2.46,0.5,1380,0.7798,650,100,100,0.35,1.0,200,0.0,0,15,3,hat,badge,wristwatch,yellow,red,tank,smg,front,1,yes,yes,no,,3,8.83,no,no,134170,3913,148,0.0816,6197,109,2219,518,520,2.0,0.8,1264,0.7583,350,100,100,0.35,1.0,200,0.0,0,20,4,shoes,badge,amulet,red,,support,1,,yes,yes,one,3,6.83,no,44099,7734,2061,11519,759,977,682,2.46,1132,0.731,100,100,0.0,1.0,hat,bag,wristwatch,blue,support,2,yes,no,,3,4.93,yes,43517,8150,2060,8069,660,786,734,2.46,1582,0.8127,100,100,0.0,1.0,hat,bag,wristwatch,yellow,red,support,1,no,yes,no,4,14.53,no,46530,7493,1804,8526,1160,191,1241,2.26,2194,0.8869,100,100,0.0,1.0,gloves,bag,wristwatch,blue,support,2,yes,no,3,4.93,yes,43517,8150,2060,8069,660,786,734,2.46,1582,0.8127,100,100,0.0,1.0,hat,bag,wristwatch,1.0,0.3,1.3,0.75,0.8,0.0,1.1,0.45,1.0,0.3,1.3,0.75,1.1,0.45,1.3,0.75,1.3,0.75,0.8,0.0,1.0,0.3,0.8,0.0,19,3.1666666666666665,0.4082482904638629,20,3.333333333333333,0.5163977794943222,1,0.1666666666666669,0.1081494890304592,32.52,5.419999999999999,2.183162843216236,46.58,7.763333333333333,3.868160630928693,14.060000000000002,2.3433333333333337,1.684997787712457,367871,61311.833333333336,26330.925638242697,457605,76267.5,37805.916567384,89734,14955.666666666664,11474.990929141306,45914,7652.333333333333,2071.0691602809084,38656,6442.666666666667,1784.6629560414667,-7258,-1209.666666666666,-286.40620423944165,7242,1207.0,1231.3884845977732,7025,1170.8333333333333,1192.854796975167,-217,-36.16666666666674,-38.53368762260629,43809,7301.5,2283.659147070771,41298,6883.0,1219.8093293625852,-2511,-418.5,-1063.8498177081856,5362,893.6666666666666,345.3147356639544,4744,790.6666666666666,478.77872411654494,-618,-103.0,133.46398845259057,3643,607.1666666666666,454.77265382459694,4875,812.5,806.2969056123185,1232,205.33333333333337,351.52425178772154,4860,810.0,299.4975792890487,4555,759.1666666666666,268.494630610496,-305,-50.83333333333337,-31.00294867855274,0.75,0.25,0.5,0.5,0.5,0.25,0.25,0.25,0.5,0.25,12.879572209375656,7.594908268253379,16.320486775015933,15.657583695374392,22.055838763926843,13.006027643485806,8.457502287282708,19.798139738687063,13.113137737004836,15.829377108345604,2.716239371340769,8.176714933938342,12.56777607361963,10.372245503778986,11.952482544608223,15.245782208588956,13.59913237659859,3.226886872819604
marina,tshiroko,shun,hoshino,sayane,sshiroko,hoshino,iori,tshiroko,marina,sayane,sshiroko,0,yellow,red,tank,smg,front,1,yes,yes,no,,3,8.83,no,no,134170,3913,148,0.0816,6197,109,2219,518,520,2.0,0.8,1264,0.7583,350,100,100,0.35,1.0,200,0.0,0,20,4,shoes,badge,amulet,blue,blue,dealer,ar,middle,0,yes,yes,no,,3,3.33,no,no,69289,6276,108,0.0609,5932,709,1239,733,100,2.46,0.5,1380,0.7798,650,100,100,0.35,1.0,200,0.0,0,15,3,hat,badge,wristwatch,red,red,dealer,sr,back,1,no,yes,no,,3,2.47,yes,no,46867,10930,108,0.0609,5715,1128,201,1382,100,2.26,0.5,1980,0.8644,750,100,136,0.0,1.0,200,0.0,0,20,1,gloves,hairpin,wristwatch,yellow,yellow,tank,sg,front,2,no,yes,yes,self,4,7.63,no,no,111386,4757,2792,0.6262,7077,615,246,505,520,2.0,1.0,1948,0.8608,350,100,100,0.0,1.0,200,0.0,0,8,1,shoes,bag,amulet,yellow,yellow,tank,sg,front,2,no,yes,yes,self,4,7.63,no,no,111386,4757,2792,0.6262,7077,615,246,505,520,2.0,1.0,1948,0.8608,350,100,100,0.0,1.0,200,0.0,0,8,1,shoes,bag,amulet,yellow,yellow,dealer,sr,back,1,no,yes,no,,3,7.33,no,no,52713,8067,113,0.0635,5497,1491,194,824,100,2.46,0.5,2056,0.8728,650,100,136,0.0,1.0,200,0.0,0,5,1,hat,hairpin,wristwatch,blue,blue,dealer,ar,middle,0,yes,yes,no,,3,3.33,no,no,69289,6276,108,0.0609,5932,709,1239,733,100,2.46,0.5,1380,0.7798,650,100,100,0.35,1.0,200,0.0,0,15,3,hat,badge,wristwatch,yellow,red,tank,smg,front,1,yes,yes,no,,3,8.83,no,no,134170,3913,148,0.0816,6197,109,2219,518,520,2.0,0.8,1264,0.7583,350,100,100,0.35,1.0,200,0.0,0,20,4,shoes,badge,amulet,yellow,red,support,1,no,yes,no,,4,14.53,no,46530,7493,1804,8526,1160,191,1241,2.26,2194,0.8869,100,100,0.0,1.0,gloves,bag,wristwatch,blue,support,2,yes,no,,3,4.93,yes,43517,8150,2060,8069,660,786,734,2.46,1582,0.8127,100,100,0.0,1.0,hat,bag,wristwatch,yellow,red,support,1,no,yes,no,4,14.53,no,46530,7493,1804,8526,1160,191,1241,2.26,2194,0.8869,100,100,0.0,1.0,gloves,bag,wristwatch,blue,support,2,yes,no,3,4.93,yes,43517,8150,2060,8069,660,786,734,2.46,1582,0.8127,100,100,0.0,1.0,hat,bag,wristwatch,1.3,0.75,1.1,0.45,0.8,0.0,1.0,0.3,1.0,0.3,1.3,0.75,1.1,0.45,1.3,0.75,1.0,0.3,0.8,0.0,1.0,0.3,0.8,0.0,20,3.333333333333333,0.5163977794943222,20,3.333333333333333,0.5163977794943222,0,0.0,0.0,41.72,6.953333333333333,4.44315953648602,46.58,7.763333333333333,3.868160630928693,4.859999999999999,0.8099999999999996,-0.5749989055573268,451759,75293.16666666667,38601.33576661132,457605,76267.5,37805.916567384,5846,974.3333333333284,-795.419199227319,41519,6919.833333333333,2532.061722523104,38656,6442.666666666667,1784.6629560414667,-2863,-477.16666666666606,-747.3987664816373,7020,1170.0,1193.7430209220072,7025,1170.8333333333333,1192.854796975167,5,0.8333333333332575,-0.8882239468402986,41516,6919.333333333333,1172.6023480560946,41298,6883.0,1219.8093293625852,-218,-36.33333333333303,47.20698130649066,4381,730.1666666666666,386.6551004017233,4744,790.6666666666666,478.77872411654494,363,60.5,92.12362371482168,4882,813.6666666666666,805.2273384993002,4875,812.5,806.2969056123185,-7,-1.1666666666666288,1.0695671130182518,5113,852.1666666666666,372.0942980840565,4555,759.1666666666666,268.494630610496,-558,-93.0,-103.59966747356049,0.5,0.5,0.5,0.5,0.25,0.5,0.25,0.25,0.5,0.25,25.596804708850115,15.094087021197472,17.465483588272782,31.117812420138,26.81309097878865,19.798139738687063,8.457502287282708,22.055838763926843,22.318546934614595,19.28114294217132,-3.037403992443277,16.250367009208595,13.449493865030677,14.849930437119635,14.002352195382358,15.245782208588956,14.624067201985657,-0.2258632351339784
hoshino,iori,tshiroko,haruka,nagisa,sshiroko,hoshino,iori,tshiroko,marina,sayane,sshiroko,0,yellow,yellow,tank,sg,front,2,no,yes,yes,self,4,7.63,no,no,111386,4757,2792,0.6262,7077,615,246,505,520,2.0,1.0,1948,0.8608,350,100,100,0.0,1.0,200,0.0,0,8,1,shoes,bag,amulet,yellow,yellow,dealer,sr,back,1,no,yes,no,,3,7.33,no,no,52713,8067,113,0.0635,5497,1491,194,824,100,2.46,0.5,2056,0.8728,650,100,136,0.0,1.0,200,0.0,0,5,1,hat,hairpin,wristwatch,blue,blue,dealer,ar,middle,0,yes,yes,no,,3,3.33,no,no,69289,6276,108,0.0609,5932,709,1239,733,100,2.46,0.5,1380,0.7798,650,100,100,0.35,1.0,200,0.0,0,15,3,hat,badge,wristwatch,red,red,tank,sg,front,1,no,yes,no,,4,5.67,no,no,150581,3216,2700,0.6183,5596,593,237,497,520,2.0,0.8,2020,0.8689,350,100,100,0.0,1.0,200,0.0,0,8,1,shoes,bag,amulet,yellow,yellow,tank,sg,front,2,no,yes,yes,self,4,7.63,no,no,111386,4757,2792,0.6262,7077,615,246,505,520,2.0,1.0,1948,0.8608,350,100,100,0.0,1.0,200,0.0,0,8,1,shoes,bag,amulet,yellow,yellow,dealer,sr,back,1,no,yes,no,,3,7.33,no,no,52713,8067,113,0.0635,5497,1491,194,824,100,2.46,0.5,2056,0.8728,650,100,136,0.0,1.0,200,0.0,0,5,1,hat,hairpin,wristwatch,blue,blue,dealer,ar,middle,0,yes,yes,no,,3,3.33,no,no,69289,6276,108,0.0609,5932,709,1239,733,100,2.46,0.5,1380,0.7798,650,100,100,0.35,1.0,200,0.0,0,15,3,hat,badge,wristwatch,yellow,red,tank,smg,front,1,yes,yes,no,,3,8.83,no,no,134170,3913,148,0.0816,6197,109,2219,518,520,2.0,0.8,1264,0.7583,350,100,100,0.35,1.0,200,0.0,0,20,4,shoes,badge,amulet,red,,support,1,,yes,yes,one,3,6.83,no,44099,7734,2061,11519,759,977,682,2.46,1132,0.731,100,100,0.0,1.0,hat,bag,wristwatch,blue,support,2,yes,no,,3,4.93,yes,43517,8150,2060,8069,660,786,734,2.46,1582,0.8127,100,100,0.0,1.0,hat,bag,wristwatch,yellow,red,support,1,no,yes,no,4,14.53,no,46530,7493,1804,8526,1160,191,1241,2.26,2194,0.8869,100,100,0.0,1.0,gloves,bag,wristwatch,blue,support,2,yes,no,3,4.93,yes,43517,8150,2060,8069,660,786,734,2.46,1582,0.8127,100,100,0.0,1.0,hat,bag,wristwatch,1.0,0.3,1.3,0.75,1.1,0.45,1.1,0.45,1.0,0.3,1.3,0.75,1.1,0.45,1.3,0.75,1.3,0.75,0.8,0.0,1.0,0.3,0.8,0.0,20,3.333333333333333,0.5163977794943222,20,3.333333333333333,0.5163977794943222,0,0.0,0.0,35.72,5.953333333333333,1.6422139527682336,46.58,7.763333333333333,3.868160630928693,10.86,1.81,2.2259466781604598,471585,78597.5,43437.66453091142,457605,76267.5,37805.916567384,-13980,-2330.0,-5631.747963527414,38200,6366.666666666667,2023.2132528892416,38656,6442.666666666667,1784.6629560414667,456,76.0,-238.5502968477749,9834,1639.0,1223.363560026209,7025,1170.8333333333333,1192.854796975167,-2809,-468.16666666666674,-30.508763051042024,43690,7281.666666666667,2300.6470104443806,41298,6883.0,1219.8093293625852,-2392,-398.66666666666697,-1080.8376810817954,4827,804.5,341.7588330972588,4744,790.6666666666666,478.77872411654494,-83,-13.833333333333371,137.01989101928615,3679,613.1666666666666,448.5369178414043,4875,812.5,806.2969056123185,1196,199.33333333333337,357.75998777091417,3975,662.5,133.22274580566187,4555,759.1666666666666,268.494630610496,580,96.66666666666664,135.2718848048341,0.5,0.5,0.5,0.5,0.25,0.5,0.25,0.25,0.5,0.25,23.780770443556865,14.0231963555225,20.45186026131294,28.910075389726558,22.055838763926843,13.006027643485806,19.798139738687063,28.74393656716418,21.791475612529712,20.90098567831597,-0.8904899342137433,15.09744094488189,15.749187116564416,15.423314030723152,11.952482544608223,15.245782208588956,13.59913237659859,-1.824181654124562
shun,iori,tshiroko,tsubaki,nagisa,sshiroko,marina,tshiroko,iori,hoshino,sayane,sshiroko,1,red,red,dealer,sr,back,1,no,yes,no,,3,2.47,yes,no,46867,10930,108,0.0609,5715,1128,201,1382,100,2.26,0.5,1980,0.8644,750,100,136,0.0,1.0,200,0.0,0,20,1,gloves,hairpin,wristwatch,yellow,yellow,dealer,sr,back,1,no,yes,no,,3,7.33,no,no,52713,8067,113,0.0635,5497,1491,194,824,100,2.46,0.5,2056,0.8728,650,100,136,0.0,1.0,200,0.0,0,5,1,hat,hairpin,wristwatch,blue,blue,dealer,ar,middle,0,yes,yes,no,,3,3.33,no,no,69289,6276,108,0.0609,5932,709,1239,733,100,2.46,0.5,1380,0.7798,650,100,100,0.35,1.0,200,0.0,0,15,3,hat,badge,wristwatch,yellow,blue,tank,smg,front,1,no,no,no,,4,2.9,no,yes,106589,3971,2364,0.5865,6420,98,1416,496,520,2.0,0.8,1420,0.7868,350,100,100,0.0,1.266,200,0.0,0,9,3,shoes,bag,amulet,yellow,red,tank,smg,front,1,yes,yes,no,,3,8.83,no,no,134170,3913,148,0.0816,6197,109,2219,518,520,2.0,0.8,1264,0.7583,350,100,100,0.35,1.0,200,0.0,0,20,4,shoes,badge,amulet,blue,blue,dealer,ar,middle,0,yes,yes,no,,3,3.33,no,no,69289,6276,108,0.0609,5932,709,1239,733,100,2.46,0.5,1380,0.7798,650,100,100,0.35,1.0,200,0.0,0,15,3,hat,badge,wristwatch,yellow,yellow,dealer,sr,back,1,no,yes,no,,3,7.33,no,no,52713,8067,113,0.0635,5497,1491,194,824,100,2.46,0.5,2056,0.8728,650,100,136,0.0,1.0,200,0.0,0,5,1,hat,hairpin,wristwatch,yellow,yellow,tank,sg,front,2,no,yes,yes,self,4,7.63,no,no,111386,4757,2792,0.6262,7077,615,246,505,520,2.0,1.0,1948,0.8608,350,100,100,0.0,1.0,200,0.0,0,8,1,shoes,bag,amulet,red,,support,1,,yes,yes,one,3,6.83,no,44099,7734,2061,11519,759,977,682,2.46,1132,0.731,100,100,0.0,1.0,hat,bag,wristwatch,blue,support,2,yes,no,,3,4.93,yes,43517,8150,2060,8069,660,786,734,2.46,1582,0.8127,100,100,0.0,1.0,hat,bag,wristwatch,yellow,red,support,1,no,yes,no,4,14.53,no,46530,7493,1804,8526,1160,191,1241,2.26,2194,0.8869,100,100,0.0,1.0,gloves,bag,wristwatch,blue,support,2,yes,no,3,4.93,yes,43517,8150,2060,8069,660,786,734,2.46,1582,0.8127,100,100,0.0,1.0,hat,bag,wristwatch,0.8,0.0,1.3,0.75,1.1,0.45,1.0,0.3,1.3,0.75,1.1,0.45,1.3,0.75,1.0,0.3,1.3,0.75,0.8,0.0,1.0,0.3,0.8,0.0,19,3.1666666666666665,0.4082482904638629,20,3.333333333333333,0.5163977794943222,1,0.1666666666666669,0.1081494890304592,27.79,4.631666666666667,2.0769440692196475,46.58,7.763333333333333,3.868160630928693,18.79,3.131666666666666,1.7912165617090454,363074,60512.333333333336,24516.73990290444,457605,76267.5,37805.916567384,94531,15755.166666666664,13289.176664479564,45128,7521.333333333333,2302.7345193631563,38656,6442.666666666667,1784.6629560414667,-6472,-1078.666666666666,-518.0715633216896,6814,1135.6666666666667,1129.37870825807,7025,1170.8333333333333,1192.854796975167,211,35.166666666666515,63.4760887170969,43152,7192.0,2312.1503411326867,41298,6883.0,1219.8093293625852,-1854,-309.0,-1092.3410117701014,4845,807.5,470.5514849620603,4744,790.6666666666666,478.77872411654494,-101,-16.83333333333337,8.227239154484664,4813,802.1666666666666,515.6958082694357,4875,812.5,806.2969056123185,62,10.333333333333371,290.6010973428828,4851,808.5,301.3474738570078,4555,759.1666666666666,268.494630610496,-296,-49.33333333333337,-32.85284324651184,0.75,0.25,0.5,0.5,0.5,0.25,0.25,0.25,0.5,0.25,18.90930871454127,9.56947100063735,9.172198462873435,15.554367248265711,8.457502287282708,13.006027643485806,19.798139738687063,26.421461848400902,13.30133635657944,16.92078287946412,3.61944652288468,9.874833177632455,7.369079754601228,8.621956466116842,11.952482544608223,15.245782208588956,13.59913237659859,4.977175910481748
shun,tshiroko,hoshino,iori,iroha,nagisa,marina,tshiroko,iori,hoshino,sayane,sshiroko,0,red,red,dealer,sr,back,1,no,yes,no,,3,2.47,yes,no,46867,10930,108,0.0609,5715,1128,201,1382,100,2.26,0.5,1980,0.8644,750,100,136,0.0,1.0,200,0.0,0,20,1,gloves,hairpin,wristwatch,blue,blue,dealer,ar,middle,0,yes,yes,no,,3,3.33,no,no,69289,6276,108,0.0609,5932,709,1239,733,100,2.46,0.5,1380,0.7798,650,100,100,0.35,1.0,200,0.0,0,15,3,hat,badge,wristwatch,yellow,yellow,tank,sg,front,2,no,yes,yes,self,4,7.63,no,no,111386,4757,2792,0.6262,7077,615,246,505,520,2.0,1.0,1948,0.8608,350,100,100,0.0,1.0,200,0.0,0,8,1,shoes,bag,amulet,yellow,yellow,dealer,sr,back,1,no,yes,no,,3,7.33,no,no,52713,8067,113,0.0635,5497,1491,194,824,100,2.46,0.5,2056,0.8728,650,100,136,0.0,1.0,200,0.0,0,5,1,hat,hairpin,wristwatch,yellow,red,tank,smg,front,1,yes,yes,no,,3,8.83,no,no,134170,3913,148,0.0816,6197,109,2219,518,520,2.0,0.8,1264,0.7583,350,100,100,0.35,1.0,200,0.0,0,20,4,shoes,badge,amulet,blue,blue,dealer,ar,middle,0,yes,yes,no,,3,3.33,no,no,69289,6276,108,0.0609,5932,709,1239,733,100,2.46,0.5,1380,0.7798,650,100,100,0.35,1.0,200,0.0,0,15,3,hat,badge,wristwatch,yellow,yellow,dealer,sr,back,1,no,yes,no,,3,7.33,no,no,52713,8067,113,0.0635,5497,1491,194,824,100,2.46,0.5,2056,0.8728,650,100,136,0.0,1.0,200,0.0,0,5,1,hat,hairpin,wristwatch,yellow,yellow,tank,sg,front,2,no,yes,yes,self,4,7.63,no,no,111386,4757,2792,0.6262,7077,615,246,505,520,2.0,1.0,1948,0.8608,350,100,100,0.0,1.0,200,0.0,0,8,1,shoes,bag,amulet,blue,yellow,support,0,no,yes,no,,6,19.17,no,58232,7278,110,7903,896,650,728,2.46,2309,0.8978,100,100,0.35,1.0,hat,badge,wristwatch,red,support,1,yes,yes,one,3,6.83,no,44099,7734,2061,11519,759,977,682,2.46,1132,0.731,100,100,0.0,1.0,hat,bag,wristwatch,yellow,red,support,1,no,yes,no,4,14.53,no,46530,7493,1804,8526,1160,191,1241,2.26,2194,0.8869,100,100,0.0,1.0,gloves,bag,wristwatch,blue,support,2,yes,no,3,4.93,yes,43517,8150,2060,8069,660,786,734,2.46,1582,0.8127,100,100,0.0,1.0,hat,bag,wristwatch,0.8,0.0,1.1,0.45,1.0,0.3,1.3,0.75,1.3,0.75,1.1,0.45,1.3,0.75,1.0,0.3,1.3,0.75,1.3,0.75,1.0,0.3,0.8,0.0,22,3.6666666666666665,1.2110601416389968,20,3.333333333333333,0.5163977794943222,-2,-0.333333333333333,-0.6946623621446746,46.76,7.793333333333333,5.980921891035417,46.58,7.763333333333333,3.868160630928693,-0.1799999999999997,-0.0300000000000002,-2.1127612601067245,382586,63764.333333333336,24993.314975542293,457605,76267.5,37805.916567384,75019,12503.166666666664,12812.60159184171,45042,7507.0,2059.726195395883,38656,6442.666666666667,1784.6629560414667,-6386,-1064.333333333333,-275.0632393544165,5292,882.0,1218.4939884956348,7025,1170.8333333333333,1192.854796975167,1733,288.83333333333326,-25.639191520467875,43643,7273.833333333333,2273.4840590306912,41298,6883.0,1219.8093293625852,-2345,-390.833333333333,-1053.674729668106,5598,933.0,326.2925068094577,4744,790.6666666666666,478.77872411654494,-854,-142.33333333333337,152.48621730708726,3507,584.5,447.4061912848324,4875,812.5,806.2969056123185,1368,228.0,358.89071432748614,4854,809.0,299.8119410563895,4555,759.1666666666666,268.494630610496,-299,-49.83333333333337,-31.317310445893558,0.75,0.25,0.5,0.5,0.5,0.25,0.25,0.25,0.5,0.25,15.657583695374392,16.320486775015933,7.594908268253379,12.87957220937566,8.457502287282708,19.798139738687063,22.055838763926847,13.006027643485806,13.11313773700484,15.829377108345604,2.716239371340764,8.176714933938342,12.567776073619632,10.372245503778988,17.0724271777961,11.952482544608223,14.51245486120216,4.140209357423172
tshiroko,marina,hoshino,iori,nagisa,sshiroko,marina,tshiroko,iori,hoshino,sayane,sshiroko,1,blue,blue,dealer,ar,middle,0,yes,yes,no,,3,3.33,no,no,69289,6276,108,0.0609,5932,709,1239,733,100,2.46,0.5,1380,0.7798,650,100,100,0.35,1.0,200,0.0,0,15,3,hat,badge,wristwatch,yellow,red,tank,smg,front,1,yes,yes,no,,3,8.83,no,no,134170,3913,148,0.0816,6197,109,2219,518,520,2.0,0.8,1264,0.7583,350,100,100,0.35,1.0,200,0.0,0,20,4,shoes,badge,amulet,yellow,yellow,tank,sg,front,2,no,yes,yes,self,4,7.63,no,no,111386,4757,2792,0.6262,7077,615,246,505,520,2.0,1.0,1948,0.8608,350,100,100,0.0,1.0,200,0.0,0,8,1,shoes,bag,amulet,yellow,yellow,dealer,sr,back,1,no,yes,no,,3,7.33,no,no,52713,8067,113,0.0635,5497,1491,194,824,100,2.46,0.5,2056,0.8728,650,100,136,0.0,1.0,200,0.0,0,5,1,hat,hairpin,wristwatch,yellow,red,tank,smg,front,1,yes,yes,no,,3,8.83,no,no,134170,3913,148,0.0816,6197,109,2219,518,520,2.0,0.8,1264,0.7583,350,100,100,0.35,1.0,200,0.0,0,20,4,shoes,badge,amulet,blue,blue,dealer,ar,middle,0,yes,yes,no,,3,3.33,no,no,69289,6276,108,0.0609,5932,709,1239,733,100,2.46,0.5,1380,0.7798,650,100,100,0.35,1.0,200,0.0,0,15,3,hat,badge,wristwatch,yellow,yellow,dealer,sr,back,1,no,yes,no,,3,7.33,no,no,52713,8067,113,0.0635,5497,1491,194,824,100,2.46,0.5,2056,0.8728,650,100,136,0.0,1.0,200,0.0,0,5,1,hat,hairpin,wristwatch,yellow,yellow,tank,sg,front,2,no,yes,yes,self,4,7.63,no,no,111386,4757,2792,0.6262,7077,615,246,505,520,2.0,1.0,1948,0.8608,350,100,100,0.0,1.0,200,0.0,0,8,1,shoes,bag,amulet,red,,support,1,,yes,yes,one,3,6.83,no,44099,7734,2061,11519,759,977,682,2.46,1132,0.731,100,100,0.0,1.0,hat,bag,wristwatch,blue,support,2,yes,no,,3,4.93,yes,43517,8150,2060,8069,660,786,734,2.46,1582,0.8127,100,100,0.0,1.0,hat,bag,wristwatch,yellow,red,support,1,no,yes,no,4,14.53,no,46530,7493,1804,8526,1160,191,1241,2.26,2194,0.8869,100,100,0.0,1.0,gloves,bag,wristwatch,blue,support,2,yes,no,3,4.93,yes,43517,8150,2060,8069,660,786,734,2.46,1582,0.8127,100,100,0.0,1.0,hat,bag,wristwatch,1.1,0.45,1.3,0.75,1.0,0.3,1.3,0.75,1.3,0.75,1.1,0.45,1.3,0.75,1.0,0.3,1.3,0.75,0.8,0.0,1.0,0.3,0.8,0.0,19,3.1666666666666665,0.4082482904638629,20,3.333333333333333,0.5163977794943222,1,0.1666666666666669,0.1081494890304592,38.88,6.48,2.0007498594277093,46.58,7.763333333333333,3.868160630928693,7.700000000000003,1.2833333333333332,1.867410771500984,455174,75862.33333333333,38199.33288248195,457605,76267.5,37805.916567384,2431,405.1666666666715,-393.4163150979439,38897,6482.833333333333,1815.476291959404,38656,6442.666666666667,1784.6629560414667,-241,-40.16666666666606,-30.813335917937135,7282,1213.6666666666667,1224.3366639395665,7025,1170.8333333333333,1192.854796975167,-257,-42.833333333333485,-31.48186696439961,44291,7381.833333333333,2224.397124316309,41298,6883.0,1219.8093293625852,-2993,-498.833333333333,-1004.587794953724,4343,723.8333333333334,443.60812285920406,4744,790.6666666666666,478.77872411654494,401,66.83333333333326,35.17060125734088,5661,943.5,746.7804898362035,4875,812.5,806.2969056123185,-786,-131.0,59.51641577611497,3996,666.0,128.18580264600288,4555,759.1666666666666,268.494630610496,559,93.16666666666664,140.30882796449308,0.5,0.5,0.5,0.5,0.25,0.5,0.25,0.25,0.5,0.25,26.81309097878865,19.798139738687063,13.006027643485806,22.055838763926847,19.798139738687063,26.813090978788654,22.055838763926847,13.006027643485806,20.41827428122209,20.41827428122209,0.0,14.002352195382358,15.245782208588958,14.624067201985657,11.952482544608223,15.245782208588956,13.59913237659859,-1.0249348253870671
marina,shun,tshiroko,hoshino,nagisa,sshiroko,marina,tshiroko,iori,hoshino,sayane,sshiroko,1,yellow,red,tank,smg,front,1,yes,yes,no,,3,8.83,no,no,134170,3913,148,0.0816,6197,109,2219,518,520,2.0,0.8,1264,0.7583,350,100,100,0.35,1.0,200,0.0,0,20,4,shoes,badge,amulet,red,red,dealer,sr,back,1,no,yes,no,,3,2.47,yes,no,46867,10930,108,0.0609,5715,1128,201,1382,100,2.26,0.5,1980,0.8644,750,100,136,0.0,1.0,200,0.0,0,20,1,gloves,hairpin,wristwatch,blue,blue,dealer,ar,middle,0,yes,yes,no,,3,3.33,no,no,69289,6276,108,0.0609,5932,709,1239,733,100,2.46,0.5,1380,0.7798,650,100,100,0.35,1.0,200,0.0,0,15,3,hat,badge,wristwatch,yellow,yellow,tank,sg,front,2,no,yes,yes,self,4,7.63,no,no,111386,4757,2792,0.6262,7077,615,246,505,520,2.0,1.0,1948,0.8608,350,100,100,0.0,1.0,200,0.0,0,8,1,shoes,bag,amulet,yellow,red,tank,smg,front,1,yes,yes,no,,3,8.83,no,no,134170,3913,148,0.0816,6197,109,2219,518,520,2.0,0.8,1264,0.7583,350,100,100,0.35,1.0,200,0.0,0,20,4,shoes,badge,amulet,blue,blue,dealer,ar,middle,0,yes,yes,no,,3,3.33,no,no,69289,6276,108,0.0609,5932,709,1239,733,100,2.46,0.5,1380,0.7798,650,100,100,0.35,1.0,200,0.0,0,15,3,hat,badge,wristwatch,yellow,yellow,dealer,sr,back,1,no,yes,no,,3,7.33,no,no,52713,8067,113,0.0635,5497,1491,194,824,100,2.46,0.5,2056,0.8728,650,100,136,0.0,1.0,200,0.0,0,5,1,hat,hairpin,wristwatch,yellow,yellow,tank,sg,front,2,no,yes,yes,self,4,7.63,no,no,111386,4757,2792,0.6262,7077,615,246,505,520,2.0,1.0,1948,0.8608,350,100,100,0.0,1.0,200,0.0,0,8,1,shoes,bag,amulet,red,,support,1,,yes,yes,one,3,6.83,no,44099,7734,2061,11519,759,977,682,2.46,1132,0.731,100,100,0.0,1.0,hat,bag,wristwatch,blue,support,2,yes,no,,3,4.93,yes,43517,8150,2060,8069,660,786,734,2.46,1582,0.8127,100,100,0.0,1.0,hat,bag,wristwatch,yellow,red,support,1,no,yes,no,4,14.53,no,46530,7493,1804,8526,1160,191,1241,2.26,2194,0.8869,100,100,0.0,1.0,gloves,bag,wristwatch,blue,support,2,yes,no,3,4.93,yes,43517,8150,2060,8069,660,786,734,2.46,1582,0.8127,100,100,0.0,1.0,hat,bag,wristwatch,1.3,0.75,0.8,0.0,1.1,0.45,1.0,0.3,1.3,0.75,1.1,0.45,1.3,0.75,1.0,0.3,1.3,0.75,0.8,0.0,1.0,0.3,0.8,0.0,19,3.1666666666666665,0.4082482904638629,20,3.333333333333333,0.5163977794943222,1,0.1666666666666669,0.1081494890304592,34.02,5.670000000000001,2.5074289621044104,46.58,7.763333333333333,3.868160630928693,12.559999999999995,2.093333333333332,1.3607316688242823,449328,74888.0,38974.5735884307,457605,76267.5,37805.916567384,8277,1379.5,-1168.6570210466962,41760,6960.0,2544.8516656182537,38656,6442.666666666667,1784.6629560414667,-3104,-517.333333333333,-760.188709576787,7277,1212.8333333333333,1225.2370246881485,7025,1170.8333333333333,1192.854796975167,-252,-42.0,-32.3822277129816,44509,7418.166666666667,2188.9508369688588,41298,6883.0,1219.8093293625852,-3211,-535.166666666667,-969.1415076062736,3980,663.3333333333334,327.6538824226972,4744,790.6666666666666,478.77872411654494,764,127.33333333333326,151.1248416938477,5668,944.6666666666666,745.3795453771634,4875,812.5,806.2969056123185,-793,-132.16666666666663,60.91736023515512,4554,759.0,321.8558683634648,4555,759.1666666666666,268.494630610496,1,0.1666666666666287,-53.36123775296886,0.5,0.5,0.5,0.5,0.25,0.5,0.25,0.25,0.5,0.25,31.117812420138,17.465483588272786,15.094087021197472,25.596804708850115,26.813090978788654,8.457502287282708,19.798139738687063,22.055838763926847,22.31854693461459,19.28114294217132,-3.0374039924432736,16.250367009208595,13.449493865030677,14.849930437119635,11.952482544608223,15.245782208588956,13.59913237659859,-1.2507980605210456
marina,iori,hoshino,tshiroko,minori,sshiroko,marina,tshiroko,iori,hoshino,sayane,sshiroko,1,yellow,red,tank,smg,front,1,yes,yes,no,,3,8.83,no,no,134170,3913,148,0.0816,6197,109,2219,518,520,2.0,0.8,1264,0.7583,350,100,100,0.35,1.0,200,0.0,0,20,4,shoes,badge,amulet,yellow,yellow,dealer,sr,back,1,no,yes,no,,3,7.33,no,no,52713,8067,113,0.0635,5497,1491,194,824,100,2.46,0.5,2056,0.8728,650,100,136,0.0,1.0,200,0.0,0,5,1,hat,hairpin,wristwatch,yellow,yellow,tank,sg,front,2,no,yes,yes,self,4,7.63,no,no,111386,4757,2792,0.6262,7077,615,246,505,520,2.0,1.0,1948,0.8608,350,100,100,0.0,1.0,200,0.0,0,8,1,shoes,bag,amulet,blue,blue,dealer,ar,middle,0,yes,yes,no,,3,3.33,no,no,69289,6276,108,0.0609,5932,709,1239,733,100,2.46,0.5,1380,0.7798,650,100,100,0.35,1.0,200,0.0,0,15,3,hat,badge,wristwatch,yellow,red,tank,smg,front,1,yes,yes,no,,3,8.83,no,no,134170,3913,148,0.0816,6197,109,2219,518,520,2.0,0.8,1264,0.7583,350,100,100,0.35,1.0,200,0.0,0,20,4,shoes,badge,amulet,blue,blue,dealer,ar,middle,0,yes,yes,no,,3,3.33,no,no,69289,6276,108,0.0609,5932,709,1239,733,100,2.46,0.5,1380,0.7798,650,100,100,0.35,1.0,200,0.0,0,15,3,hat,badge,wristwatch,yellow,yellow,dealer,sr,back,1,no,yes,no,,3,7.33,no,no,52713,8067,113,0.0635,5497,1491,194,824,100,2.46,0.5,2056,0.8728,650,100,136,0.0,1.0,200,0.0,0,5,1,hat,hairpin,wristwatch,yellow,yellow,tank,sg,front,2,no,yes,yes,self,4,7.63,no,no,111386,4757,2792,0.6262,7077,615,246,505,520,2.0,1.0,1948,0.8608,350,100,100,0.0,1.0,200,0.0,0,8,1,shoes,bag,amulet,red,,support,0,,yes,no,,4,4.8,no,43678,8106,2062,8023,656,791,732,2.46,1592,0.8142,100,100,0.0,1.0,hat,bag,wristwatch,blue,support,2,yes,no,,3,4.93,yes,43517,8150,2060,8069,660,786,734,2.46,1582,0.8127,100,100,0.0,1.0,hat,bag,wristwatch,yellow,red,support,1,no,yes,no,4,14.53,no,46530,7493,1804,8526,1160,191,1241,2.26,2194,0.8869,100,100,0.0,1.0,gloves,bag,wristwatch,blue,support,2,yes,no,3,4.93,yes,43517,8150,2060,8069,660,786,734,2.46,1582,0.8127,100,100,0.0,1.0,hat,bag,wristwatch,1.3,0.75,1.3,0.75,1.0,0.3,1.1,0.45,1.3,0.75,1.1,0.45,1.3,0.75,1.0,0.3,1.3,0.75,0.8,0.0,1.0,0.3,0.8,0.0,20,3.333333333333333,0.5163977794943222,20,3.333333333333333,0.5163977794943222,0,0.0,0.0,36.85,6.141666666666666,2.0989560897423907,46.58,7.763333333333333,3.868160630928693,9.730000000000004,1.621666666666667,1.7692045411863022,454753,75792.16666666667,38269.66838328583,457605,76267.5,37805.916567384,2852,475.3333333333285,-463.7518159018218,39269,6544.833333333333,1872.2157372126396,38656,6442.666666666667,1784.6629560414667,-613,-102.16666666666606,-87.55278117117268,7283,1213.8333333333333,1224.4751392603555,7025,1170.8333333333333,1192.854796975167,-258,-43.0,-31.6203422851886,40795,6799.166666666667,1095.231193249474,41298,6883.0,1219.8093293625852,503,83.83333333333303,124.5781361131112,4240,706.6666666666666,443.9678667050879,4744,790.6666666666666,478.77872411654494,504,84.0,34.81085741145705,5475,912.5,748.9690914850893,4875,812.5,806.2969056123185,-600,-100.0,57.3278141272292,4046,674.3333333333334,131.02773243350686,4555,759.1666666666666,268.494630610496,509,84.83333333333326,137.4668981769891,0.5,0.5,0.5,0.5,0.25,0.5,0.25,0.25,0.5,0.25,26.81309097878865,19.798139738687063,13.006027643485806,22.055838763926843,26.813090978788654,13.006027643485806,22.055838763926847,19.798139738687063,20.41827428122209,20.41827428122209,0.0,14.002352195382358,15.245782208588956,14.62406720198566,11.4039600296077,15.245782208588956,13.32487111909833,-1.2991960828873292
hoshino,tshiroko,iori,haruka,nagisa,sshiroko,hoshino,tshiroko,iori,marina,sayane,sshiroko,0,yellow,yellow,tank,sg,front,2,no,yes,yes,self,4,7.63,no,no,111386,4757,2792,0.6262,7077,615,246,505,520,2.0,1.0,1948,0.8608,350,100,100,0.0,1.0,200,0.0,0,8,1,shoes,bag,amulet,blue,blue,dealer,ar,middle,0,yes,yes,no,,3,3.33,no,no,69289,6276,108,0.0609,5932,709,1239,733,100,2.46,0.5,1380,0.7798,650,100,100,0.35,1.0,200,0.0,0,15,3,hat,badge,wristwatch,yellow,yellow,dealer,sr,back,1,no,yes,no,,3,7.33,no,no,52713,8067,113,0.0635,5497,1491,194,824,100,2.46,0.5,2056,0.8728,650,100,136,0.0,1.0,200,0.0,0,5,1,hat,hairpin,wristwatch,red,red,tank,sg,front,1,no,yes,no,,4,5.67,no,no,150581,3216,2700,0.6183,5596,593,237,497,520,2.0,0.8,2020,0.8689,350,100,100,0.0,1.0,200,0.0,0,8,1,shoes,bag,amulet,yellow,yellow,tank,sg,front,2,no,yes,yes,self,4,7.63,no,no,111386,4757,2792,0.6262,7077,615,246,505,520,2.0,1.0,1948,0.8608,350,100,100,0.0,1.0,200,0.0,0,8,1,shoes,bag,amulet,blue,blue,dealer,ar,middle,0,yes,yes,no,,3,3.33,no,no,69289,6276,108,0.0609,5932,709,1239,733,100,2.46,0.5,1380,0.7798,650,100,100,0.35,1.0,200,0.0,0,15,3,hat,badge,wristwatch,yellow,yellow,dealer,sr,back,1,no,yes,no,,3,7.33,no,no,52713,8067,113,0.0635,5497,1491,194,824,100,2.46,0.5,2056,0.8728,650,100,136,0.0,1.0,200,0.0,0,5,1,hat,hairpin,wristwatch,yellow,red,tank,smg,front,1,yes,yes,no,,3,8.83,no,no,134170,3913,148,0.0816,6197,109,2219,518,520,2.0,0.8,1264,0.7583,350,100,100,0.35,1.0,200,0.0,0,20,4,shoes,badge,amulet,red,,support,1,,yes,yes,one,3,6.83,no,44099,7734,2061,11519,759,977,682,2.46,1132,0.731,100,100,0.0,1.0,hat,bag,wristwatch,blue,support,2,yes,no,,3,4.93,yes,43517,8150,2060,8069,660,786,734,2.46,1582,0.8127,100,100,0.0,1.0,hat,bag,wristwatch,yellow,red,support,1,no,yes,no,4,14.53,no,46530,7493,1804,8526,1160,191,1241,2.26,2194,0.8869,100,100,0.0,1.0,gloves,bag,wristwatch,blue,support,2,yes,no,3,4.93,yes,43517,8150,2060,8069,660,786,734,2.46,1582,0.8127,100,100,0.0,1.0,hat,bag,wristwatch,1.0,0.3,1.1,0.45,1.3,0.75,1.1,0.45,1.0,0.3,1.1,0.45,1.3,0.75,1.3,0.75,1.3,0.75,0.8,0.0,1.0,0.3,0.8,0.0,20,3.333333333333333,0.5163977794943222,20,3.333333333333333,0.5163977794943222,0,0.0,0.0,35.72,5.953333333333333,1.6422139527682336,46.58,7.763333333333333,3.868160630928693,10.86,1.81,2.2259466781604598,471585,78597.5,43437.66453091142,457605,76267.5,37805.916567384,-13980,-2330.0,-5631.747963527414,38200,6366.666666666667,2023.2132528892416,38656,6442.666666666667,1784.6629560414667,456,76.0,-238.5502968477749,9834,1639.0,1223.363560026209,7025,1170.8333333333333,1192.854796975167,-2809,-468.16666666666674,-30.508763051042024,43690,7281.666666666667,2300.6470104443806,41298,6883.0,1219.8093293625852,-2392,-398.66666666666697,-1080.8376810817954,4827,804.5,341.7588330972588,4744,790.6666666666666,478.77872411654494,-83,-13.833333333333371,137.01989101928615,3679,613.1666666666666,448.5369178414043,4875,812.5,806.2969056123185,1196,199.33333333333337,357.75998777091417,3975,662.5,133.22274580566187,4555,759.1666666666666,268.494630610496,580,96.66666666666664,135.2718848048341,0.5,0.5,0.5,0.5,0.25,0.5,0.25,0.25,0.5,0.25,23.780770443556865,20.45186026131294,14.0231963555225,28.910075389726558,22.055838763926843,19.798139738687063,13.006027643485806,28.74393656716418,21.791475612529712,20.900985678315973,-0.8904899342137398,15.09744094488189,15.749187116564418,15.423314030723157,11.952482544608223,15.245782208588956,13.599132376598591,-1.824181654124564
yuuka,shun,marina,iori,nagisa,sshiroko,hoshino,tshiroko,iori,marina,sayane,sshiroko,1,red,yellow,tank,smg,front,2,no,no,yes,self,3,2.33,no,no,135192,2812,841,0.3354,6901,100,1890,500,520,2.0,0.8,1396,0.7826,350,100,100,0.35,1.0,200,0.19,0,27,3,shoes,badge,amulet,red,red,dealer,sr,back,1,no,yes,no,,3,2.47,yes,no,46867,10930,108,0.0609,5715,1128,201,1382,100,2.26,0.5,1980,0.8644,750,100,136,0.0,1.0,200,0.0,0,20,1,gloves,hairpin,wristwatch,yellow,red,tank,smg,front,1,yes,yes,no,,3,8.83,no,no,134170,3913,148,0.0816,6197,109,2219,518,520,2.0,0.8,1264,0.7583,350,100,100,0.35,1.0,200,0.0,0,20,4,shoes,badge,amulet,yellow,yellow,dealer,sr,back,1,no,yes,no,,3,7.33,no,no,52713,8067,113,0.0635,5497,1491,194,824,100,2.46,0.5,2056,0.8728,650,100,136,0.0,1.0,200,0.0,0,5,1,hat,hairpin,wristwatch,yellow,yellow,tank,sg,front,2,no,yes,yes,self,4,7.63,no,no,111386,4757,2792,0.6262,7077,615,246,505,520,2.0,1.0,1948,0.8608,350,100,100,0.0,1.0,200,0.0,0,8,1,shoes,bag,amulet,blue,blue,dealer,ar,middle,0,yes,yes,no,,3,3.33,no,no,69289,6276,108,0.0609,5932,709,1239,733,100,2.46,0.5,1380,0.7798,650,100,100,0.35,1.0,200,0.0,0,15,3,hat,badge,wristwatch,yellow,yellow,dealer,sr,back,1,no,yes,no,,3,7.33,no,no,52713,8067,113,0.0635,5497,1491,194,824,100,2.46,0.5,2056,0.8728,650,100,136,0.0,1.0,200,0.0,0,5,1,hat,hairpin,wristwatch,yellow,red,tank,smg,front,1,yes,yes,no,,3,8.83,no,no,134170,3913,148,0.0816,6197,109,2219,518,520,2.0,0.8,1264,0.7583,350,100,100,0.35,1.0,200,0.0,0,20,4,shoes,badge,amulet,red,,support,1,,yes,yes,one,3,6.83,no,44099,7734,2061,11519,759,977,682,2.46,1132,0.731,100,100,0.0,1.0,hat,bag,wristwatch,blue,support,2,yes,no,,3,4.93,yes,43517,8150,2060,8069,660,786,734,2.46,1582,0.8127,100,100,0.0,1.0,hat,bag,wristwatch,yellow,red,support,1,no,yes,no,4,14.53,no,46530,7493,1804,8526,1160,191,1241,2.26,2194,0.8869,100,100,0.0,1.0,gloves,bag,wristwatch,blue,support,2,yes,no,3,4.93,yes,43517,8150,2060,8069,660,786,734,2.46,1582,0.8127,100,100,0.0,1.0,hat,bag,wristwatch,1.1,0.45,0.8,0.0,1.3,0.75,1.3,0.75,1.0,0.3,1.1,0.45,1.3,0.75,1.3,0.75,1.3,0.75,0.8,0.0,1.0,0.3,0.8,0.0,18,3.0,0.0,20,3.333333333333333,0.5163977794943222,2,0.3333333333333335,0.5163977794943222,32.72,5.453333333333333,2.673886060898382,46.58,7.763333333333333,3.868160630928693,13.86,2.31,1.194274570030311,456558,76093.0,45499.945094472365,457605,76267.5,37805.916567384,1047,174.5,-7694.028527088361,41606,6934.333333333333,3016.2123709491457,38656,6442.666666666667,1784.6629560414667,-2950,-491.66666666666606,-1231.549414907679,5331,888.5,949.5625835088492,7025,1170.8333333333333,1192.854796975167,1694,282.33333333333326,243.29221346631775,43898,7316.333333333333,2259.5824983095144,41298,6883.0,1219.8093293625852,-2600,-433.333333333333,-1039.7731689469292,4247,707.8333333333334,551.8802104321795,4744,790.6666666666666,478.77872411654494,497,82.83333333333326,-73.10148631563459,6267,1044.5,848.5919514112776,4875,812.5,806.2969056123185,-1392,-232.0,-42.29504579895911,4640,773.3333333333334,323.36893274813315,4555,759.1666666666666,268.494630610496,-85,-14.166666666666742,-54.87430213763719,0.5,0.5,0.5,0.5,0.5,0.5,0.0,0.25,0.5,0.25,23.966076308597856,22.18160452517527,14.13246869964051,29.13535011500128,32.873577524893314,8.457502287282708,26.81309097878865,13.006027643485806,22.35387491210373,20.28754960861262,-2.066325303491112,15.21508407847324,17.081196319018403,16.148140198745825,11.952482544608223,15.245782208588956,13.599132376598591,-2.549007822147233
marina,shun,tshiroko,hoshino,nagisa,sshiroko,hoshino,tshiroko,iori,marina,sayane,sshiroko,0,yellow,red,tank,smg,front,1,yes,yes,no,,3,8.83,no,no,134170,3913,148,0.0816,6197,109,2219,518,520,2.0,0.8,1264,0.7583,350,100,100,0.35,1.0,200,0.0,0,20,4,shoes,badge,amulet,red,red,dealer,sr,back,1,no,yes,no,,3,2.47,yes,no,46867,10930,108,0.0609,5715,1128,201,1382,100,2.26,0.5,1980,0.8644,750,100,136,0.0,1.0,200,0.0,0,20,1,gloves,hairpin,wristwatch,blue,blue,dealer,ar,middle,0,yes,yes,no,,3,3.33,no,no,69289,6276,108,0.0609,5932,709,1239,733,100,2.46,0.5,1380,0.7798,650,100,100,0.35,1.0,200,0.0,0,15,3,hat,badge,wristwatch,yellow,yellow,tank,sg,front,2,no,yes,yes,self,4,7.63,no,no,111386,4757,2792,0.6262,7077,615,246,505,520,2.0,1.0,1948,0.8608,350,100,100,0.0,1.0,200,0.0,0,8,1,shoes,bag,amulet,yellow,yellow,tank,sg,front,2,no,yes,yes,self,4,7.63,no,no,111386,4757,2792,0.6262,7077,615,246,505,520,2.0,1.0,1948,0.8608,350,100,100,0.0,1.0,200,0.0,0,8,1,shoes,bag,amulet,blue,blue,dealer,ar,middle,0,yes,yes,no,,3,3.33,no,no,69289,6276,108,0.0609,5932,709,1239,733,100,2.46,0.5,1380,0.7798,650,100,100,0.35,1.0,200,0.0,0,15,3,hat,badge,wristwatch,yellow,yellow,dealer,sr,back,1,no,yes,no,,3,7.33,no,no,52713,8067,113,0.0635,5497,1491,194,824,100,2.46,0.5,2056,0.8728,650,100,136,0.0,1.0,200,0.0,0,5,1,hat,hairpin,wristwatch,yellow,red,tank,smg,front,1,yes,yes,no,,3,8.83,no,no,134170,3913,148,0.0816,6197,109,2219,518,520,2.0,0.8,1264,0.7583,350,100,100,0.35,1.0,200,0.0,0,20,4,shoes,badge,amulet,red,,support,1,,yes,yes,one,3,6.83,no,44099,7734,2061,11519,759,977,682,2.46,1132,0.731,100,100,0.0,1.0,hat,bag,wristwatch,blue,support,2,yes,no,,3,4.93,yes,43517,8150,2060,8069,660,786,734,2.46,1582,0.8127,100,100,0.0,1.0,hat,bag,wristwatch,yellow,red,support,1,no,yes,no,4,14.53,no,46530,7493,1804,8526,1160,191,1241,2.26,2194,0.8869,100,100,0.0,1.0,gloves,bag,wristwatch,blue,support,2,yes,no,3,4.93,yes,43517,8150,2060,8069,660,786,734,2.46,1582,0.8127,100,100,0.0,1.0,hat,bag,wristwatch,1.3,0.75,0.8,0.0,1.1,0.45,1.0,0.3,1.0,0.3,1.1,0.45,1.3,0.75,1.3,0.75,1.3,0.75,0.8,0.0,1.0,0.3,0.8,0.0,19,3.1666666666666665,0.4082482904638629,20,3.333333333333333,0.5163977794943222,1,0.1666666666666669,0.1081494890304592,34.02,5.670000000000001,2.5074289621044104,46.58,7.763333333333333,3.868160630928693,12.559999999999995,2.093333333333332,1.3607316688242823,449328,74888.0,38974.5735884307,457605,76267.5,37805.916567384,8277,1379.5,-1168.6570210466962,41760,6960.0,2544.8516656182537,38656,6442.666666666667,1784.6629560414667,-3104,-517.333333333333,-760.188709576787,7277,1212.8333333333333,1225.2370246881485,7025,1170.8333333333333,1192.854796975167,-252,-42.0,-32.3822277129816,44509,7418.166666666667,2188.9508369688588,41298,6883.0,1219.8093293625852,-3211,-535.166666666667,-969.1415076062736,3980,663.3333333333334,327.6538824226972,4744,790.6666666666666,478.77872411654494,764,127.33333333333326,151.1248416938477,5668,944.6666666666666,745.3795453771634,4875,812.5,806.2969056123185,-793,-132.16666666666663,60.91736023515512,4554,759.0,321.8558683634648,4555,759.1666666666666,268.494630610496,1,0.1666666666666287,-53.36123775296886,0.5,0.5,0.5,0.5,0.25,0.5,0.25,0.25,0.5,0.25,25.596804708850115,17.465483588272786,15.094087021197472,31.117812420138,26.81309097878865,8.457502287282708,19.798139738687063,22.055838763926843,22.318546934614595,19.28114294217132,-3.037403992443277,16.250367009208595,13.449493865030677,14.849930437119635,11.952482544608223,15.245782208588956,13.599132376598591,-1.2507980605210438
iori,haruka,hoshino,tshiroko,hibiki,sshiroko,hoshino,tshiroko,iori,marina,sayane,sshiroko,1,yellow,yellow,dealer,sr,back,1,no,yes,no,,3,7.33,no,no,52713,8067,113,0.0635,5497,1491,194,824,100,2.46,0.5,2056,0.8728,650,100,136,0.0,1.0,200,0.0,0,5,1,hat,hairpin,wristwatch,red,red,tank,sg,front,1,no,yes,no,,4,5.67,no,no,150581,3216,2700,0.6183,5596,593,237,497,520,2.0,0.8,2020,0.8689,350,100,100,0.0,1.0,200,0.0,0,8,1,shoes,bag,amulet,yellow,yellow,tank,sg,front,2,no,yes,yes,self,4,7.63,no,no,111386,4757,2792,0.6262,7077,615,246,505,520,2.0,1.0,1948,0.8608,350,100,100,0.0,1.0,200,0.0,0,8,1,shoes,bag,amulet,blue,blue,dealer,ar,middle,0,yes,yes,no,,3,3.33,no,no,69289,6276,108,0.0609,5932,709,1239,733,100,2.46,0.5,1380,0.7798,650,100,100,0.35,1.0,200,0.0,0,15,3,hat,badge,wristwatch,yellow,yellow,tank,sg,front,2,no,yes,yes,self,4,7.63,no,no,111386,4757,2792,0.6262,7077,615,246,505,520,2.0,1.0,1948,0.8608,350,100,100,0.0,1.0,200,0.0,0,8,1,shoes,bag,amulet,blue,blue,dealer,ar,middle,0,yes,yes,no,,3,3.33,no,no,69289,6276,108,0.0609,5932,709,1239,733,100,2.46,0.5,1380,0.7798,650,100,100,0.35,1.0,200,0.0,0,15,3,hat,badge,wristwatch,yellow,yellow,dealer,sr,back,1,no,yes,no,,3,7.33,no,no,52713,8067,113,0.0635,5497,1491,194,824,100,2.46,0.5,2056,0.8728,650,100,136,0.0,1.0,200,0.0,0,5,1,hat,hairpin,wristwatch,yellow,red,tank,smg,front,1,yes,yes,no,,3,8.83,no,no,134170,3913,148,0.0816,6197,109,2219,518,520,2.0,0.8,1264,0.7583,350,100,100,0.35,1.0,200,0.0,0,20,4,shoes,badge,amulet,red,,support,1,,yes,no,,4,4.0,no,43506,7070,437,7437,500,201,831,2.46,1141,0.7329,100,136,0.0,1.0,hat,hairpin,wristwatch,blue,support,2,yes,no,,3,4.93,yes,43517,8150,2060,8069,660,786,734,2.46,1582,0.8127,100,100,0.0,1.0,hat,bag,wristwatch,yellow,red,support,1,no,yes,no,4,14.53,no,46530,7493,1804,8526,1160,191,1241,2.26,2194,0.8869,100,100,0.0,1.0,gloves,bag,wristwatch,blue,support,2,yes,no,3,4.93,yes,43517,8150,2060,8069,660,786,734,2.46,1582,0.8127,100,100,0.0,1.0,hat,bag,wristwatch,1.3,0.75,1.1,0.45,1.0,0.3,1.1,0.45,1.0,0.3,1.1,0.45,1.3,0.75,1.3,0.75,1.0,0.3,0.8,0.0,1.0,0.3,0.8,0.0,21,3.5,0.5477225575051661,20,3.333333333333333,0.5163977794943222,-1,-0.1666666666666665,-0.0313247780108438,32.89,5.4816666666666665,1.74335787108289,46.58,7.763333333333333,3.868160630928693,13.689999999999998,2.2816666666666663,2.124802759845803,470992,78498.66666666667,43532.42874302635,457605,76267.5,37805.916567384,-13387,-2231.1666666666715,-5726.512175642347,37536,6256.0,1950.3104368279423,38656,6442.666666666667,1784.6629560414667,1120,186.66666666666697,-165.64748078647585,8210,1368.3333333333333,1289.2051297860503,7025,1170.8333333333333,1192.854796975167,-1185,-197.5,-96.3503328108834,39608,6601.333333333333,1073.0235163623706,41298,6883.0,1219.8093293625852,1690,281.66666666666697,146.7858130002146,4568,761.3333333333334,364.27059539121007,4744,790.6666666666666,478.77872411654494,176,29.333333333333258,114.50812872533488,2903,483.8333333333333,434.2973251893992,4875,812.5,806.2969056123185,1972,328.6666666666667,371.99958042291934,4124,687.3333333333334,150.36843640427557,4555,759.1666666666666,268.494630610496,431,71.83333333333326,118.1261942062204,0.5,0.5,0.5,0.5,0.25,0.5,0.25,0.25,0.5,0.25,23.780770443556865,20.45186026131294,14.0231963555225,28.91007538972655,13.006027643485806,28.74393656716418,22.055838763926843,19.798139738687063,21.791475612529712,20.900985678315973,-0.8904899342137398,15.097440944881887,15.749187116564418,15.423314030723152,13.075035360678925,15.245782208588956,14.160408784633942,-1.2629052460892112
hoshino,iori,marina,shun,sayane,sshiroko,hoshino,tshiroko,iori,marina,sayane,sshiroko,0,yellow,yellow,tank,sg,front,2,no,yes,yes,self,4,7.63,no,no,111386,4757,2792,0.6262,7077,615,246,505,520,2.0,1.0,1948,0.8608,350,100,100,0.0,1.0,200,0.0,0,8,1,shoes,bag,amulet,yellow,yellow,dealer,sr,back,1,no,yes,no,,3,7.33,no,no,52713,8067,113,0.0635,5497,1491,194,824,100,2.46,0.5,2056,0.8728,650,100,136,0.0,1.0,200,0.0,0,5,1,hat,hairpin,wristwatch,yellow,red,tank,smg,front,1,yes,yes,no,,3,8.83,no,no,134170,3913,148,0.0816,6197,109,2219,518,520,2.0,0.8,1264,0.7583,350,100,100,0.35,1.0,200,0.0,0,20,4,shoes,badge,amulet,red,red,dealer,sr,back,1,no,yes,no,,3,2.47,yes,no,46867,10930,108,0.0609,5715,1128,201,1382,100,2.26,0.5,1980,0.8644,750,100,136,0.0,1.0,200,0.0,0,20,1,gloves,hairpin,wristwatch,yellow,yellow,tank,sg,front,2,no,yes,yes,self,4,7.63,no,no,111386,4757,2792,0.6262,7077,615,246,505,520,2.0,1.0,1948,0.8608,350,100,100,0.0,1.0,200,0.0,0,8,1,shoes,bag,amulet,blue,blue,dealer,ar,middle,0,yes,yes,no,,3,3.33,no,no,69289,6276,108,0.0609,5932,709,1239,733,100,2.46,0.5,1380,0.7798,650,100,100,0.35,1.0,200,0.0,0,15,3,hat,badge,wristwatch,yellow,yellow,dealer,sr,back,1,no,yes,no,,3,7.33,no,no,52713,8067,113,0.0635,5497,1491,194,824,100,2.46,0.5,2056,0.8728,650,100,136,0.0,1.0,200,0.0,0,5,1,hat,hairpin,wristwatch,yellow,red,tank,smg,front,1,yes,yes,no,,3,8.83,no,no,134170,3913,148,0.0816,6197,109,2219,518,520,2.0,0.8,1264,0.7583,350,100,100,0.35,1.0,200,0.0,0,20,4,shoes,badge,amulet,yellow,red,support,1,no,yes,no,,4,14.53,no,46530,7493,1804,8526,1160,191,1241,2.26,2194,0.8869,100,100,0.0,1.0,gloves,bag,wristwatch,blue,support,2,yes,no,,3,4.93,yes,43517,8150,2060,8069,660,786,734,2.46,1582,0.8127,100,100,0.0,1.0,hat,bag,wristwatch,yellow,red,support,1,no,yes,no,4,14.53,no,46530,7493,1804,8526,1160,191,1241,2.26,2194,0.8869,100,100,0.0,1.0,gloves,bag,wristwatch,blue,support,2,yes,no,3,4.93,yes,43517,8150,2060,8069,660,786,734,2.46,1582,0.8127,100,100,0.0,1.0,hat,bag,wristwatch,1.0,0.3,1.3,0.75,1.3,0.75,0.8,0.0,1.0,0.3,1.1,0.45,1.3,0.75,1.3,0.75,1.0,0.3,0.8,0.0,1.0,0.3,0.8,0.0,20,3.333333333333333,0.5163977794943222,20,3.333333333333333,0.5163977794943222,0,0.0,0.0,45.72,7.62,4.075659455842698,46.58,7.763333333333333,3.868160630928693,0.8599999999999994,0.1433333333333326,-0.2074988249140048,435183,72530.5,39694.67360112689,457605,76267.5,37805.916567384,22422,3737.0,-1888.757033742884,43310,7218.333333333333,2546.508956722255,38656,6442.666666666667,1784.6629560414667,-4654,-775.6666666666661,-761.8460006807882,7025,1170.8333333333333,1192.854796975167,7025,1170.8333333333333,1192.854796975167,0,0.0,0.0,41081,6846.833333333333,1256.3159501760165,41298,6883.0,1219.8093293625852,217,36.16666666666697,-36.50662081343103,5163,860.5,494.7745951440919,4744,790.6666666666666,478.77872411654494,-419,-69.83333333333337,-15.995871027546912,3837,639.5,807.8402688650771,4875,812.5,806.2969056123185,1038,173.0,-1.5433632527585814,5204,867.3333333333334,368.0987186430655,4555,759.1666666666666,268.494630610496,-649,-108.16666666666674,-99.6040880325695,0.5,0.5,0.5,0.5,0.5,0.5,0.0,0.25,0.5,0.25,23.34052449022493,20.28501434034417,13.763589314491137,28.37487222080245,22.055838763926843,13.006027643485806,26.81309097878865,8.457502287282708,21.44100009146567,17.583114918371006,-3.857885173094665,14.817946750300282,15.620705521472392,15.219326135886336,14.002352195382358,15.245782208588956,14.62406720198566,-0.5952589339006771
tshiroko,iori,hoshino,shun,nagisa,sshiroko,hoshino,iori,tshiroko,marina,sayane,sshiroko,0,blue,blue,dealer,ar,middle,0,yes,yes,no,,3,3.33,no,no,69289,6276,108,0.0609,5932,709,1239,733,100,2.46,0.5,1380,0.7798,650,100,100,0.35,1.0,200,0.0,0,15,3,hat,badge,wristwatch,yellow,yellow,dealer,sr,back,1,no,yes,no,,3,7.33,no,no,52713,8067,113,0.0635,5497,1491,194,824,100,2.46,0.5,2056,0.8728,650,100,136,0.0,1.0,200,0.0,0,5,1,hat,hairpin,wristwatch,yellow,yellow,tank,sg,front,2,no,yes,yes,self,4,7.63,no,no,111386,4757,2792,0.6262,7077,615,246,505,520,2.0,1.0,1948,0.8608,350,100,100,0.0,1.0,200,0.0,0,8,1,shoes,bag,amulet,red,red,dealer,sr,back,1,no,yes,no,,3,2.47,yes,no,46867,10930,108,0.0609,5715,1128,201,1382,100,2.26,0.5,1980,0.8644,750,100,136,0.0,1.0,200,0.0,0,20,1,gloves,hairpin,wristwatch,yellow,yellow,tank,sg,front,2,no,yes,yes,self,4,7.63,no,no,111386,4757,2792,0.6262,7077,615,246,505,520,2.0,1.0,1948,0.8608,350,100,100,0.0,1.0,200,0.0,0,8,1,shoes,bag,amulet,yellow,yellow,dealer,sr,back,1,no,yes,no,,3,7.33,no,no,52713,8067,113,0.0635,5497,1491,194,824,100,2.46,0.5,2056,0.8728,650,100,136,0.0,1.0,200,0.0,0,5,1,hat,hairpin,wristwatch,blue,blue,dealer,ar,middle,0,yes,yes,no,,3,3.33,no,no,69289,6276,108,0.0609,5932,709,1239,733,100,2.46,0.5,1380,0.7798,650,100,100,0.35,1.0,200,0.0,0,15,3,hat,badge,wristwatch,yellow,red,tank,smg,front,1,yes,yes,no,,3,8.83,no,no,134170,3913,148,0.0816,6197,109,2219,518,520,2.0,0.8,1264,0.7583,350,100,100,0.35,1.0,200,0.0,0,20,4,shoes,badge,amulet,red,,support,1,,yes,yes,one,3,6.83,no,44099,7734,2061,11519,759,977,682,2.46,1132,0.731,100,100,0.0,1.0,hat,bag,wristwatch,blue,support,2,yes,no,,3,4.93,yes,43517,8150,2060,8069,660,786,734,2.46,1582,0.8127,100,100,0.0,1.0,hat,bag,wristwatch,yellow,red,support,1,no,yes,no,4,14.53,no,46530,7493,1804,8526,1160,191,1241,2.26,2194,0.8869,100,100,0.0,1.0,gloves,bag,wristwatch,blue,support,2,yes,no,3,4.93,yes,43517,8150,2060,8069,660,786,734,2.46,1582,0.8127,100,100,0.0,1.0,hat,bag,wristwatch,1.1,0.45,1.3,0.75,1.0,0.3,0.8,0.0,1.0,0.3,1.3,0.75,1.1,0.45,1.3,0.75,1.3,0.75,0.8,0.0,1.0,0.3,0.8,0.0,19,3.1666666666666665,0.4082482904638629,20,3.333333333333333,0.5163977794943222,1,0.1666666666666669,0.1081494890304592,32.52,5.419999999999999,2.183162843216236,46.58,7.763333333333333,3.868160630928693,14.060000000000002,2.3433333333333337,1.684997787712457,367871,61311.833333333336,26330.925638242697,457605,76267.5,37805.916567384,89734,14955.666666666664,11474.990929141306,45914,7652.333333333333,2071.0691602809084,38656,6442.666666666667,1784.6629560414667,-7258,-1209.666666666666,-286.40620423944165,7242,1207.0,1231.3884845977732,7025,1170.8333333333333,1192.854796975167,-217,-36.16666666666674,-38.53368762260629,43809,7301.5,2283.659147070771,41298,6883.0,1219.8093293625852,-2511,-418.5,-1063.8498177081856,5362,893.6666666666666,345.3147356639544,4744,790.6666666666666,478.77872411654494,-618,-103.0,133.46398845259057,3643,607.1666666666666,454.77265382459694,4875,812.5,806.2969056123185,1232,205.33333333333337,351.52425178772154,4860,810.0,299.4975792890487,4555,759.1666666666666,268.494630610496,-305,-50.83333333333337,-31.00294867855274,0.75,0.25,0.5,0.5,0.5,0.25,0.25,0.25,0.5,0.25,12.879572209375656,7.594908268253379,16.320486775015933,15.657583695374392,19.798139738687063,13.006027643485806,22.055838763926843,8.457502287282708,13.113137737004838,15.829377108345604,2.716239371340768,8.176714933938342,12.56777607361963,10.372245503778986,11.952482544608223,15.245782208588956,13.59913237659859,3.226886872819604
tshiroko,iori,hoshino,shun,nagisa,sshiroko,hoshino,iori,tshiroko,marina,sayane,sshiroko,0,blue,blue,dealer,ar,middle,0,yes,yes,no,,3,3.33,no,no,69289,6276,108,0.0609,5932,709,1239,733,100,2.46,0.5,1380,0.7798,650,100,100,0.35,1.0,200,0.0,0,15,3,hat,badge,wristwatch,yellow,yellow,dealer,sr,back,1,no,yes,no,,3,7.33,no,no,52713,8067,113,0.0635,5497,1491,194,824,100,2.46,0.5,2056,0.8728,650,100,136,0.0,1.0,200,0.0,0,5,1,hat,hairpin,wristwatch,yellow,yellow,tank,sg,front,2,no,yes,yes,self,4,7.63,no,no,111386,4757,2792,0.6262,7077,615,246,505,520,2.0,1.0,1948,0.8608,350,100,100,0.0,1.0,200,0.0,0,8,1,shoes,bag,amulet,red,red,dealer,sr,back,1,no,yes,no,,3,2.47,yes,no,46867,10930,108,0.0609,5715,1128,201,1382,100,2.26,0.5,1980,0.8644,750,100,136,0.0,1.0,200,0.0,0,20,1,gloves,hairpin,wristwatch,yellow,yellow,tank,sg,front,2,no,yes,yes,self,4,7.63,no,no,111386,4757,2792,0.6262,7077,615,246,505,520,2.0,1.0,1948,0.8608,350,100,100,0.0,1.0,200,0.0,0,8,1,shoes,bag,amulet,yellow,yellow,dealer,sr,back,1,no,yes,no,,3,7.33,no,no,52713,8067,113,0.0635,5497,1491,194,824,100,2.46,0.5,2056,0.8728,650,100,136,0.0,1.0,200,0.0,0,5,1,hat,hairpin,wristwatch,blue,blue,dealer,ar,middle,0,yes,yes,no,,3,3.33,no,no,69289,6276,108,0.0609,5932,709,1239,733,100,2.46,0.5,1380,0.7798,650,100,100,0.35,1.0,200,0.0,0,15,3,hat,badge,wristwatch,yellow,red,tank,smg,front,1,yes,yes,no,,3,8.83,no,no,134170,3913,148,0.0816,6197,109,2219,518,520,2.0,0.8,1264,0.7583,350,100,100,0.35,1.0,200,0.0,0,20,4,shoes,badge,amulet,red,,support,1,,yes,yes,one,3,6.83,no,44099,7734,2061,11519,759,977,682,2.46,1132,0.731,100,100,0.0,1.0,hat,bag,wristwatch,blue,support,2,yes,no,,3,4.93,yes,43517,8150,2060,8069,660,786,734,2.46,1582,0.8127,100,100,0.0,1.0,hat,bag,wristwatch,yellow,red,support,1,no,yes,no,4,14.53,no,46530,7493,1804,8526,1160,191,1241,2.26,2194,0.8869,100,100,0.0,1.0,gloves,bag,wristwatch,blue,support,2,yes,no,3,4.93,yes,43517,8150,2060,8069,660,786,734,2.46,1582,0.8127,100,100,0.0,1.0,hat,bag,wristwatch,1.1,0.45,1.3,0.75,1.0,0.3,0.8,0.0,1.0,0.3,1.3,0.75,1.1,0.45,1.3,0.75,1.3,0.75,0.8,0.0,1.0,0.3,0.8,0.0,19,3.1666666666666665,0.4082482904638629,20,3.333333333333333,0.5163977794943222,1,0.1666666666666669,0.1081494890304592,32.52,5.419999999999999,2.183162843216236,46.58,7.763333333333333,3.868160630928693,14.060000000000002,2.3433333333333337,1.684997787712457,367871,61311.833333333336,26330.925638242697,457605,76267.5,37805.916567384,89734,14955.666666666664,11474.990929141306,45914,7652.333333333333,2071.0691602809084,38656,6442.666666666667,1784.6629560414667,-7258,-1209.666666666666,-286.40620423944165,7242,1207.0,1231.3884845977732,7025,1170.8333333333333,1192.854796975167,-217,-36.16666666666674,-38.53368762260629,43809,7301.5,2283.659147070771,41298,6883.0,1219.8093293625852,-2511,-418.5,-1063.8498177081856,5362,893.6666666666666,345.3147356639544,4744,790.6666666666666,478.77872411654494,-618,-103.0,133.46398845259057,3643,607.1666666666666,454.77265382459694,4875,812.5,806.2969056123185,1232,205.33333333333337,351.52425178772154,4860,810.0,299.4975792890487,4555,759.1666666666666,268.494630610496,-305,-50.83333333333337,-31.00294867855274,0.75,0.25,0.5,0.5,0.5,0.25,0.25,0.25,0.5,0.25,12.879572209375656,7.594908268253379,16.320486775015933,15.657583695374392,19.798139738687063,13.006027643485806,22.055838763926843,8.457502287282708,13.113137737004838,15.829377108345604,2.716239371340768,8.176714933938342,12.56777607361963,10.372245503778986,11.952482544608223,15.245782208588956,13.59913237659859,3.226886872819604
tshiroko,iori,hoshino,shun,nagisa,sshiroko,hoshino,iori,tshiroko,marina,sayane,sshiroko,0,blue,blue,dealer,ar,middle,0,yes,yes,no,,3,3.33,no,no,69289,6276,108,0.0609,5932,709,1239,733,100,2.46,0.5,1380,0.7798,650,100,100,0.35,1.0,200,0.0,0,15,3,hat,badge,wristwatch,yellow,yellow,dealer,sr,back,1,no,yes,no,,3,7.33,no,no,52713,8067,113,0.0635,5497,1491,194,824,100,2.46,0.5,2056,0.8728,650,100,136,0.0,1.0,200,0.0,0,5,1,hat,hairpin,wristwatch,yellow,yellow,tank,sg,front,2,no,yes,yes,self,4,7.63,no,no,111386,4757,2792,0.6262,7077,615,246,505,520,2.0,1.0,1948,0.8608,350,100,100,0.0,1.0,200,0.0,0,8,1,shoes,bag,amulet,red,red,dealer,sr,back,1,no,yes,no,,3,2.47,yes,no,46867,10930,108,0.0609,5715,1128,201,1382,100,2.26,0.5,1980,0.8644,750,100,136,0.0,1.0,200,0.0,0,20,1,gloves,hairpin,wristwatch,yellow,yellow,tank,sg,front,2,no,yes,yes,self,4,7.63,no,no,111386,4757,2792,0.6262,7077,615,246,505,520,2.0,1.0,1948,0.8608,350,100,100,0.0,1.0,200,0.0,0,8,1,shoes,bag,amulet,yellow,yellow,dealer,sr,back,1,no,yes,no,,3,7.33,no,no,52713,8067,113,0.0635,5497,1491,194,824,100,2.46,0.5,2056,0.8728,650,100,136,0.0,1.0,200,0.0,0,5,1,hat,hairpin,wristwatch,blue,blue,dealer,ar,middle,0,yes,yes,no,,3,3.33,no,no,69289,6276,108,0.0609,5932,709,1239,733,100,2.46,0.5,1380,0.7798,650,100,100,0.35,1.0,200,0.0,0,15,3,hat,badge,wristwatch,yellow,red,tank,smg,front,1,yes,yes,no,,3,8.83,no,no,134170,3913,148,0.0816,6197,109,2219,518,520,2.0,0.8,1264,0.7583,350,100,100,0.35,1.0,200,0.0,0,20,4,shoes,badge,amulet,red,,support,1,,yes,yes,one,3,6.83,no,44099,7734,2061,11519,759,977,682,2.46,1132,0.731,100,100,0.0,1.0,hat,bag,wristwatch,blue,support,2,yes,no,,3,4.93,yes,43517,8150,2060,8069,660,786,734,2.46,1582,0.8127,100,100,0.0,1.0,hat,bag,wristwatch,yellow,red,support,1,no,yes,no,4,14.53,no,46530,7493,1804,8526,1160,191,1241,2.26,2194,0.8869,100,100,0.0,1.0,gloves,bag,wristwatch,blue,support,2,yes,no,3,4.93,yes,43517,8150,2060,8069,660,786,734,2.46,1582,0.8127,100,100,0.0,1.0,hat,bag,wristwatch,1.1,0.45,1.3,0.75,1.0,0.3,0.8,0.0,1.0,0.3,1.3,0.75,1.1,0.45,1.3,0.75,1.3,0.75,0.8,0.0,1.0,0.3,0.8,0.0,19,3.1666666666666665,0.4082482904638629,20,3.333333333333333,0.5163977794943222,1,0.1666666666666669,0.1081494890304592,32.52,5.419999999999999,2.183162843216236,46.58,7.763333333333333,3.868160630928693,14.060000000000002,2.3433333333333337,1.684997787712457,367871,61311.833333333336,26330.925638242697,457605,76267.5,37805.916567384,89734,14955.666666666664,11474.990929141306,45914,7652.333333333333,2071.0691602809084,38656,6442.666666666667,1784.6629560414667,-7258,-1209.666666666666,-286.40620423944165,7242,1207.0,1231.3884845977732,7025,1170.8333333333333,1192.854796975167,-217,-36.16666666666674,-38.53368762260629,43809,7301.5,2283.659147070771,41298,6883.0,1219.8093293625852,-2511,-418.5,-1063.8498177081856,5362,893.6666666666666,345.3147356639544,4744,790.6666666666666,478.77872411654494,-618,-103.0,133.46398845259057,3643,607.1666666666666,454.77265382459694,4875,812.5,806.2969056123185,1232,205.33333333333337,351.52425178772154,4860,810.0,299.4975792890487,4555,759.1666666666666,268.494630610496,-305,-50.83333333333337,-31.00294867855274,0.75,0.25,0.5,0.5,0.5,0.25,0.25,0.25,0.5,0.25,12.879572209375656,7.594908268253379,16.320486775015933,15.657583695374392,19.798139738687063,13.006027643485806,22.055838763926843,8.457502287282708,13.113137737004838,15.829377108345604,2.716239371340768,8.176714933938342,12.56777607361963,10.372245503778986,11.952482544608223,15.245782208588956,13.59913237659859,3.226886872819604
hoshino,iori,shun,tshiroko,hibiki,sshiroko,hoshino,iori,tshiroko,marina,sayane,sshiroko,1,yellow,yellow,tank,sg,front,2,no,yes,yes,self,4,7.63,no,no,111386,4757,2792,0.6262,7077,615,246,505,520,2.0,1.0,1948,0.8608,350,100,100,0.0,1.0,200,0.0,0,8,1,shoes,bag,amulet,yellow,yellow,dealer,sr,back,1,no,yes,no,,3,7.33,no,no,52713,8067,113,0.0635,5497,1491,194,824,100,2.46,0.5,2056,0.8728,650,100,136,0.0,1.0,200,0.0,0,5,1,hat,hairpin,wristwatch,red,red,dealer,sr,back,1,no,yes,no,,3,2.47,yes,no,46867,10930,108,0.0609,5715,1128,201,1382,100,2.26,0.5,1980,0.8644,750,100,136,0.0,1.0,200,0.0,0,20,1,gloves,hairpin,wristwatch,blue,blue,dealer,ar,middle,0,yes,yes,no,,3,3.33,no,no,69289,6276,108,0.0609,5932,709,1239,733,100,2.46,0.5,1380,0.7798,650,100,100,0.35,1.0,200,0.0,0,15,3,hat,badge,wristwatch,yellow,yellow,tank,sg,front,2,no,yes,yes,self,4,7.63,no,no,111386,4757,2792,0.6262,7077,615,246,505,520,2.0,1.0,1948,0.8608,350,100,100,0.0,1.0,200,0.0,0,8,1,shoes,bag,amulet,yellow,yellow,dealer,sr,back,1,no,yes,no,,3,7.33,no,no,52713,8067,113,0.0635,5497,1491,194,824,100,2.46,0.5,2056,0.8728,650,100,136,0.0,1.0,200,0.0,0,5,1,hat,hairpin,wristwatch,blue,blue,dealer,ar,middle,0,yes,yes,no,,3,3.33,no,no,69289,6276,108,0.0609,5932,709,1239,733,100,2.46,0.5,1380,0.7798,650,100,100,0.35,1.0,200,0.0,0,15,3,hat,badge,wristwatch,yellow,red,tank,smg,front,1,yes,yes,no,,3,8.83,no,no,134170,3913,148,0.0816,6197,109,2219,518,520,2.0,0.8,1264,0.7583,350,100,100,0.35,1.0,200,0.0,0,20,4,shoes,badge,amulet,red,,support,1,,yes,no,,4,4.0,no,43506,7070,437,7437,500,201,831,2.46,1141,0.7329,100,136,0.0,1.0,hat,hairpin,wristwatch,blue,support,2,yes,no,,3,4.93,yes,43517,8150,2060,8069,660,786,734,2.46,1582,0.8127,100,100,0.0,1.0,hat,bag,wristwatch,yellow,red,support,1,no,yes,no,4,14.53,no,46530,7493,1804,8526,1160,191,1241,2.26,2194,0.8869,100,100,0.0,1.0,gloves,bag,wristwatch,blue,support,2,yes,no,3,4.93,yes,43517,8150,2060,8069,660,786,734,2.46,1582,0.8127,100,100,0.0,1.0,hat,bag,wristwatch,1.0,0.3,1.3,0.75,0.8,0.0,1.1,0.45,1.0,0.3,1.3,0.75,1.1,0.45,1.3,0.75,1.0,0.3,0.8,0.0,1.0,0.3,0.8,0.0,20,3.333333333333333,0.5163977794943222,20,3.333333333333333,0.5163977794943222,0,0.0,0.0,29.69,4.948333333333333,2.122474185159072,46.58,7.763333333333333,3.868160630928693,16.89,2.8149999999999995,1.7456864457696208,367278,61213.0,26409.451664129643,457605,76267.5,37805.916567384,90327,15054.5,11396.46490325436,45250,7541.666666666667,2083.535328874139,38656,6442.666666666667,1784.6629560414667,-6594,-1099.0,-298.8723728326722,5618,936.3333333333334,1183.6899368781783,7025,1170.8333333333333,1192.854796975167,1407,234.4999999999999,9.164860096988376,39727,6621.166666666667,1051.6110339220802,41298,6883.0,1219.8093293625852,1571,261.83333333333303,168.19829544050504,5103,850.5,379.9656563427805,4744,790.6666666666666,478.77872411654494,-359,-59.83333333333337,98.81306777376444,2867,477.8333333333333,438.6166511507135,4875,812.5,806.2969056123185,2008,334.6666666666667,367.680254461605,5009,834.8333333333334,292.8654412296997,4555,759.1666666666666,268.494630610496,-454,-75.66666666666674,-24.370810619203723,0.75,0.25,0.5,0.5,0.5,0.25,0.25,0.25,0.5,0.25,12.879572209375656,7.594908268253379,16.320486775015933,15.657583695374392,22.055838763926843,13.006027643485806,8.457502287282708,19.798139738687063,13.113137737004836,15.829377108345604,2.716239371340769,8.176714933938342,12.56777607361963,10.372245503778986,13.075035360678925,15.245782208588956,14.16040878463394,3.7881632808549535
tshiroko,marina,shun,hoshino,nagisa,sshiroko,hoshino,iori,tshiroko,marina,sayane,sshiroko,1,blue,blue,dealer,ar,middle,0,yes,yes,no,,3,3.33,no,no,69289,6276,108,0.0609,5932,709,1239,733,100,2.46,0.5,1380,0.7798,650,100,100,0.35,1.0,200,0.0,0,15,3,hat,badge,wristwatch,yellow,red,tank,smg,front,1,yes,yes,no,,3,8.83,no,no,134170,3913,148,0.0816,6197,109,2219,518,520,2.0,0.8,1264,0.7583,350,100,100,0.35,1.0,200,0.0,0,20,4,shoes,badge,amulet,red,red,dealer,sr,back,1,no,yes,no,,3,2.47,yes,no,46867,10930,108,0.0609,5715,1128,201,1382,100,2.26,0.5,1980,0.8644,750,100,136,0.0,1.0,200,0.0,0,20,1,gloves,hairpin,wristwatch,yellow,yellow,tank,sg,front,2,no,yes,yes,self,4,7.63,no,no,111386,4757,2792,0.6262,7077,615,246,505,520,2.0,1.0,1948,0.8608,350,100,100,0.0,1.0,200,0.0,0,8,1,shoes,bag,amulet,yellow,yellow,tank,sg,front,2,no,yes,yes,self,4,7.63,no,no,111386,4757,2792,0.6262,7077,615,246,505,520,2.0,1.0,1948,0.8608,350,100,100,0.0,1.0,200,0.0,0,8,1,shoes,bag,amulet,yellow,yellow,dealer,sr,back,1,no,yes,no,,3,7.33,no,no,52713,8067,113,0.0635,5497,1491,194,824,100,2.46,0.5,2056,0.8728,650,100,136,0.0,1.0,200,0.0,0,5,1,hat,hairpin,wristwatch,blue,blue,dealer,ar,middle,0,yes,yes,no,,3,3.33,no,no,69289,6276,108,0.0609,5932,709,1239,733,100,2.46,0.5,1380,0.7798,650,100,100,0.35,1.0,200,0.0,0,15,3,hat,badge,wristwatch,yellow,red,tank,smg,front,1,yes,yes,no,,3,8.83,no,no,134170,3913,148,0.0816,6197,109,2219,518,520,2.0,0.8,1264,0.7583,350,100,100,0.35,1.0,200,0.0,0,20,4,shoes,badge,amulet,red,,support,1,,yes,yes,one,3,6.83,no,44099,7734,2061,11519,759,977,682,2.46,1132,0.731,100,100,0.0,1.0,hat,bag,wristwatch,blue,support,2,yes,no,,3,4.93,yes,43517,8150,2060,8069,660,786,734,2.46,1582,0.8127,100,100,0.0,1.0,hat,bag,wristwatch,yellow,red,support,1,no,yes,no,4,14.53,no,46530,7493,1804,8526,1160,191,1241,2.26,2194,0.8869,100,100,0.0,1.0,gloves,bag,wristwatch,blue,support,2,yes,no,3,4.93,yes,43517,8150,2060,8069,660,786,734,2.46,1582,0.8127,100,100,0.0,1.0,hat,bag,wristwatch,1.1,0.45,1.3,0.75,0.8,0.0,1.0,0.3,1.0,0.3,1.3,0.75,1.1,0.45,1.3,0.75,1.3,0.75,0.8,0.0,1.0,0.3,0.8,0.0,19,3.1666666666666665,0.4082482904638629,20,3.333333333333333,0.5163977794943222,1,0.1666666666666669,0.1081494890304592,34.02,5.670000000000001,2.5074289621044104,46.58,7.763333333333333,3.868160630928693,12.559999999999995,2.093333333333332,1.3607316688242823,449328,74888.0,38974.5735884307,457605,76267.5,37805.916567384,8277,1379.5,-1168.6570210466962,41760,6960.0,2544.8516656182537,38656,6442.666666666667,1784.6629560414667,-3104,-517.333333333333,-760.188709576787,7277,1212.8333333333333,1225.2370246881485,7025,1170.8333333333333,1192.854796975167,-252,-42.0,-32.3822277129816,44509,7418.166666666667,2188.9508369688588,41298,6883.0,1219.8093293625852,-3211,-535.166666666667,-969.1415076062736,3980,663.3333333333334,327.6538824226972,4744,790.6666666666666,478.77872411654494,764,127.33333333333326,151.1248416938477,5668,944.6666666666666,745.3795453771634,4875,812.5,806.2969056123185,-793,-132.16666666666663,60.91736023515512,4554,759.0,321.8558683634648,4555,759.1666666666666,268.494630610496,1,0.1666666666666287,-53.36123775296886,0.5,0.5,0.5,0.5,0.25,0.5,0.25,0.25,0.5,0.25,25.596804708850115,15.094087021197472,17.465483588272782,31.117812420138,19.798139738687063,26.81309097878865,8.457502287282708,22.055838763926843,22.318546934614595,19.28114294217132,-3.037403992443277,16.250367009208595,13.449493865030677,14.849930437119635,11.952482544608223,15.245782208588956,13.59913237659859,-1.2507980605210456
hoshino,tshiroko,nyharuna,shun,sayane,sshiroko,iori,marina,tshiroko,hoshino,sayane,sshiroko,1,yellow,yellow,tank,sg,front,2,no,yes,yes,self,4,7.63,no,no,111386,4757,2792,0.6262,7077,615,246,505,520,2.0,1.0,1948,0.8608,350,100,100,0.0,1.0,200,0.0,0,8,1,shoes,bag,amulet,blue,blue,dealer,ar,middle,0,yes,yes,no,,3,3.33,no,no,69289,6276,108,0.0609,5932,709,1239,733,100,2.46,0.5,1380,0.7798,650,100,100,0.35,1.0,200,0.0,0,15,3,hat,badge,wristwatch,red,red,dealer,sr,back,2,no,yes,no,,5,4.1,no,no,47527,10880,104,0.0587,6430,1161,190,1339,100,2.26,0.5,1908,0.8561,750,100,136,0.0,1.0,200,0.0,0,5,1,gloves,hairpin,wristwatch,red,red,dealer,sr,back,1,no,yes,no,,3,2.47,yes,no,46867,10930,108,0.0609,5715,1128,201,1382,100,2.26,0.5,1980,0.8644,750,100,136,0.0,1.0,200,0.0,0,20,1,gloves,hairpin,wristwatch,yellow,yellow,dealer,sr,back,1,no,yes,no,,3,7.33,no,no,52713,8067,113,0.0635,5497,1491,194,824,100,2.46,0.5,2056,0.8728,650,100,136,0.0,1.0,200,0.0,0,5,1,hat,hairpin,wristwatch,yellow,red,tank,smg,front,1,yes,yes,no,,3,8.83,no,no,134170,3913,148,0.0816,6197,109,2219,518,520,2.0,0.8,1264,0.7583,350,100,100,0.35,1.0,200,0.0,0,20,4,shoes,badge,amulet,blue,blue,dealer,ar,middle,0,yes,yes,no,,3,3.33,no,no,69289,6276,108,0.0609,5932,709,1239,733,100,2.46,0.5,1380,0.7798,650,100,100,0.35,1.0,200,0.0,0,15,3,hat,badge,wristwatch,yellow,yellow,tank,sg,front,2,no,yes,yes,self,4,7.63,no,no,111386,4757,2792,0.6262,7077,615,246,505,520,2.0,1.0,1948,0.8608,350,100,100,0.0,1.0,200,0.0,0,8,1,shoes,bag,amulet,yellow,red,support,1,no,yes,no,,4,14.53,no,46530,7493,1804,8526,1160,191,1241,2.26,2194,0.8869,100,100,0.0,1.0,gloves,bag,wristwatch,blue,support,2,yes,no,,3,4.93,yes,43517,8150,2060,8069,660,786,734,2.46,1582,0.8127,100,100,0.0,1.0,hat,bag,wristwatch,yellow,red,support,1,no,yes,no,4,14.53,no,46530,7493,1804,8526,1160,191,1241,2.26,2194,0.8869,100,100,0.0,1.0,gloves,bag,wristwatch,blue,support,2,yes,no,3,4.93,yes,43517,8150,2060,8069,660,786,734,2.46,1582,0.8127,100,100,0.0,1.0,hat,bag,wristwatch,1.0,0.3,1.1,0.45,1.0,0.3,0.8,0.0,1.3,0.75,1.3,0.75,1.1,0.45,1.0,0.3,1.0,0.3,0.8,0.0,1.0,0.3,0.8,0.0,22,3.6666666666666665,0.816496580927726,20,3.333333333333333,0.5163977794943222,-2,-0.333333333333333,-0.3000988014334038,36.99,6.165,4.463163676138262,46.58,7.763333333333333,3.868160630928693,9.589999999999996,1.5983333333333327,-0.5950030452095687,365116,60852.66666666666,26471.214106396157,457605,76267.5,37805.916567384,92489,15414.833333333336,11334.70246098785,48486,8081.0,2474.2153503686777,38656,6442.666666666667,1784.6629560414667,-9830,-1638.333333333333,-689.552394327211,6976,1162.6666666666667,1201.3876421316588,7025,1170.8333333333333,1192.854796975167,49,8.166666666666515,-8.53284515649193,41749,6958.166666666667,1147.4854973665972,41298,6883.0,1219.8093293625852,-451,-75.16666666666697,72.32383199598803,5433,905.5,269.380585788954,4744,790.6666666666666,478.778724116545,-689,-114.83333333333336,209.39813832759103,2853,475.5,440.4119662316182,4875,812.5,806.2969056123185,2022,337.0,365.8849393807003,5934,989.0,375.5715644188202,4555,759.1666666666666,268.494630610496,-1379,-229.83333333333337,-107.0769338083242,0.75,0.25,0.5,0.5,0.5,0.25,0.25,0.25,0.5,0.25,9.723875046485682,20.04663940710452,14.0141212555768,16.489909606895104,22.055838763926843,19.798139738687063,8.496369485294117,8.457502287282708,15.068636329015526,14.701962568797684,-0.3666737602178429,10.468770852795943,10.791733128834355,10.630251990815148,14.002352195382356,15.245782208588956,14.624067201985657,3.993815211170508
reisa,tshiroko,shun,marina,sayane,sshiroko,iori,marina,tshiroko,hoshino,sayane,sshiroko,1,yellow,yellow,tank,sg,front,1,no,yes,yes,self,3,4.93,no,yes,122892,5025,2597,0.6091,8080,655,217,518,520,2.0,0.8,1812,0.8444,350,100,100,0.0,1.0,200,0.0,0,8,2,shoes,bag,amulet,blue,blue,dealer,ar,middle,0,yes,yes,no,,3,3.33,no,no,69289,6276,108,0.0609,5932,709,1239,733,100,2.46,0.5,1380,0.7798,650,100,100,0.35,1.0,200,0.0,0,15,3,hat,badge,wristwatch,red,red,dealer,sr,back,1,no,yes,no,,3,2.47,yes,no,46867,10930,108,0.0609,5715,1128,201,1382,100,2.26,0.5,1980,0.8644,750,100,136,0.0,1.0,200,0.0,0,20,1,gloves,hairpin,wristwatch,yellow,red,tank,smg,front,1,yes,yes,no,,3,8.83,no,no,134170,3913,148,0.0816,6197,109,2219,518,520,2.0,0.8,1264,0.7583,350,100,100,0.35,1.0,200,0.0,0,20,4,shoes,badge,amulet,yellow,yellow,dealer,sr,back,1,no,yes,no,,3,7.33,no,no,52713,8067,113,0.0635,5497,1491,194,824,100,2.46,0.5,2056,0.8728,650,100,136,0.0,1.0,200,0.0,0,5,1,hat,hairpin,wristwatch,yellow,red,tank,smg,front,1,yes,yes,no,,3,8.83,no,no,134170,3913,148,0.0816,6197,109,2219,518,520,2.0,0.8,1264,0.7583,350,100,100,0.35,1.0,200,0.0,0,20,4,shoes,badge,amulet,blue,blue,dealer,ar,middle,0,yes,yes,no,,3,3.33,no,no,69289,6276,108,0.0609,5932,709,1239,733,100,2.46,0.5,1380,0.7798,650,100,100,0.35,1.0,200,0.0,0,15,3,hat,badge,wristwatch,yellow,yellow,tank,sg,front,2,no,yes,yes,self,4,7.63,no,no,111386,4757,2792,0.6262,7077,615,246,505,520,2.0,1.0,1948,0.8608,350,100,100,0.0,1.0,200,0.0,0,8,1,shoes,bag,amulet,yellow,red,support,1,no,yes,no,,4,14.53,no,46530,7493,1804,8526,1160,191,1241,2.26,2194,0.8869,100,100,0.0,1.0,gloves,bag,wristwatch,blue,support,2,yes,no,,3,4.93,yes,43517,8150,2060,8069,660,786,734,2.46,1582,0.8127,100,100,0.0,1.0,hat,bag,wristwatch,yellow,red,support,1,no,yes,no,4,14.53,no,46530,7493,1804,8526,1160,191,1241,2.26,2194,0.8869,100,100,0.0,1.0,gloves,bag,wristwatch,blue,support,2,yes,no,3,4.93,yes,43517,8150,2060,8069,660,786,734,2.46,1582,0.8127,100,100,0.0,1.0,hat,bag,wristwatch,1.3,0.75,1.1,0.45,0.8,0.0,1.3,0.75,1.3,0.75,1.3,0.75,1.1,0.45,1.0,0.3,1.0,0.3,0.8,0.0,1.0,0.3,0.8,0.0,19,3.1666666666666665,0.408248290463863,20,3.333333333333333,0.5163977794943222,1,0.1666666666666669,0.1081494890304591,39.02,6.503333333333334,4.497317719115102,46.58,7.763333333333333,3.868160630928693,7.559999999999995,1.259999999999999,-0.6291570881864095,463265,77210.83333333333,40966.34535526286,457605,76267.5,37805.916567384,-5660,-943.3333333333284,-3160.42878787886,41787,6964.5,2488.262747380188,38656,6442.666666666667,1784.6629560414667,-3131,-521.833333333333,-703.5997913387209,6825,1137.5,1142.2976407224169,7025,1170.8333333333333,1192.854796975167,200,33.33333333333326,50.55715625275002,42519,7086.5,1267.2491073186834,41298,6883.0,1219.8093293625852,-1221,-203.5,-47.43977795609817,4421,736.8333333333334,384.6117089567954,4744,790.6666666666666,478.778724116545,323,53.83333333333326,94.1670151597496,4853,808.8333333333334,809.3924676364777,4875,812.5,806.2969056123185,22,3.6666666666666288,-3.095562024159221,5126,854.3333333333334,369.6986159923603,4555,759.1666666666666,268.494630610496,-571,-95.16666666666674,-101.20398538186436,0.5,0.5,0.5,0.5,0.25,0.5,0.25,0.25,0.5,0.25,15.272375108466592,31.48536928188091,18.38215025493945,25.89914862308177,20.87952736318408,19.798139738687063,8.457502287282708,26.81309097878865,22.759760817092182,18.987065091985624,-3.7726957251065594,16.442312825303617,14.15538343558282,15.298848130443218,14.002352195382356,15.245782208588956,14.624067201985657,-0.6747809284575617
marina,tshiroko,shun,hoshino,nagisa,sshiroko,iori,marina,tshiroko,hoshino,sayane,sshiroko,0,yellow,red,tank,smg,front,1,yes,yes,no,,3,8.83,no,no,134170,3913,148,0.0816,6197,109,2219,518,520,2.0,0.8,1264,0.7583,350,100,100,0.35,1.0,200,0.0,0,20,4,shoes,badge,amulet,blue,blue,dealer,ar,middle,0,yes,yes,no,,3,3.33,no,no,69289,6276,108,0.0609,5932,709,1239,733,100,2.46,0.5,1380,0.7798,650,100,100,0.35,1.0,200,0.0,0,15,3,hat,badge,wristwatch,red,red,dealer,sr,back,1,no,yes,no,,3,2.47,yes,no,46867,10930,108,0.0609,5715,1128,201,1382,100,2.26,0.5,1980,0.8644,750,100,136,0.0,1.0,200,0.0,0,20,1,gloves,hairpin,wristwatch,yellow,yellow,tank,sg,front,2,no,yes,yes,self,4,7.63,no,no,111386,4757,2792,0.6262,7077,615,246,505,520,2.0,1.0,1948,0.8608,350,100,100,0.0,1.0,200,0.0,0,8,1,shoes,bag,amulet,yellow,yellow,dealer,sr,back,1,no,yes,no,,3,7.33,no,no,52713,8067,113,0.0635,5497,1491,194,824,100,2.46,0.5,2056,0.8728,650,100,136,0.0,1.0,200,0.0,0,5,1,hat,hairpin,wristwatch,yellow,red,tank,smg,front,1,yes,yes,no,,3,8.83,no,no,134170,3913,148,0.0816,6197,109,2219,518,520,2.0,0.8,1264,0.7583,350,100,100,0.35,1.0,200,0.0,0,20,4,shoes,badge,amulet,blue,blue,dealer,ar,middle,0,yes,yes,no,,3,3.33,no,no,69289,6276,108,0.0609,5932,709,1239,733,100,2.46,0.5,1380,0.7798,650,100,100,0.35,1.0,200,0.0,0,15,3,hat,badge,wristwatch,yellow,yellow,tank,sg,front,2,no,yes,yes,self,4,7.63,no,no,111386,4757,2792,0.6262,7077,615,246,505,520,2.0,1.0,1948,0.8608,350,100,100,0.0,1.0,200,0.0,0,8,1,shoes,bag,amulet,red,,support,1,,yes,yes,one,3,6.83,no,44099,7734,2061,11519,759,977,682,2.46,1132,0.731,100,100,0.0,1.0,hat,bag,wristwatch,blue,support,2,yes,no,,3,4.93,yes,43517,8150,2060,8069,660,786,734,2.46,1582,0.8127,100,100,0.0,1.0,hat,bag,wristwatch,yellow,red,support,1,no,yes,no,4,14.53,no,46530,7493,1804,8526,1160,191,1241,2.26,2194,0.8869,100,100,0.0,1.0,gloves,bag,wristwatch,blue,support,2,yes,no,3,4.93,yes,43517,8150,2060,8069,660,786,734,2.46,1582,0.8127,100,100,0.0,1.0,hat,bag,wristwatch,1.3,0.75,1.1,0.45,0.8,0.0,1.0,0.3,1.3,0.75,1.3,0.75,1.1,0.45,1.0,0.3,1.3,0.75,0.8,0.0,1.0,0.3,0.8,0.0,19,3.1666666666666665,0.4082482904638629,20,3.333333333333333,0.5163977794943222,1,0.1666666666666669,0.1081494890304592,34.02,5.670000000000001,2.5074289621044104,46.58,7.763333333333333,3.868160630928693,12.559999999999995,2.093333333333332,1.3607316688242823,449328,74888.0,38974.5735884307,457605,76267.5,37805.916567384,8277,1379.5,-1168.6570210466962,41760,6960.0,2544.8516656182537,38656,6442.666666666667,1784.6629560414667,-3104,-517.333333333333,-760.188709576787,7277,1212.8333333333333,1225.2370246881485,7025,1170.8333333333333,1192.854796975167,-252,-42.0,-32.3822277129816,44509,7418.166666666667,2188.9508369688588,41298,6883.0,1219.8093293625852,-3211,-535.166666666667,-969.1415076062736,3980,663.3333333333334,327.6538824226972,4744,790.6666666666666,478.778724116545,764,127.33333333333326,151.12484169384777,5668,944.6666666666666,745.3795453771634,4875,812.5,806.2969056123185,-793,-132.16666666666663,60.91736023515512,4554,759.0,321.8558683634648,4555,759.1666666666666,268.494630610496,1,0.1666666666666287,-53.36123775296886,0.5,0.5,0.5,0.5,0.25,0.5,0.25,0.25,0.5,0.25,15.094087021197472,31.117812420138,17.465483588272782,25.596804708850115,26.81309097878865,19.798139738687063,8.457502287282708,22.055838763926843,22.31854693461459,19.281142942171314,-3.037403992443277,16.250367009208595,13.449493865030677,14.849930437119635,11.952482544608223,15.245782208588956,13.599132376598591,-1.2507980605210438
marina,tshiroko,shun,hoshino,nagisa,sshiroko,iori,marina,tshiroko,hoshino,sayane,sshiroko,1,yellow,red,tank,smg,front,1,yes,yes,no,,3,8.83,no,no,134170,3913,148,0.0816,6197,109,2219,518,520,2.0,0.8,1264,0.7583,350,100,100,0.35,1.0,200,0.0,0,20,4,shoes,badge,amulet,blue,blue,dealer,ar,middle,0,yes,yes,no,,3,3.33,no,no,69289,6276,108,0.0609,5932,709,1239,733,100,2.46,0.5,1380,0.7798,650,100,100,0.35,1.0,200,0.0,0,15,3,hat,badge,wristwatch,red,red,dealer,sr,back,1,no,yes,no,,3,2.47,yes,no,46867,10930,108,0.0609,5715,1128,201,1382,100,2.26,0.5,1980,0.8644,750,100,136,0.0,1.0,200,0.0,0,20,1,gloves,hairpin,wristwatch,yellow,yellow,tank,sg,front,2,no,yes,yes,self,4,7.63,no,no,111386,4757,2792,0.6262,7077,615,246,505,520,2.0,1.0,1948,0.8608,350,100,100,0.0,1.0,200,0.0,0,8,1,shoes,bag,amulet,yellow,yellow,dealer,sr,back,1,no,yes,no,,3,7.33,no,no,52713,8067,113,0.0635,5497,1491,194,824,100,2.46,0.5,2056,0.8728,650,100,136,0.0,1.0,200,0.0,0,5,1,hat,hairpin,wristwatch,yellow,red,tank,smg,front,1,yes,yes,no,,3,8.83,no,no,134170,3913,148,0.0816,6197,109,2219,518,520,2.0,0.8,1264,0.7583,350,100,100,0.35,1.0,200,0.0,0,20,4,shoes,badge,amulet,blue,blue,dealer,ar,middle,0,yes,yes,no,,3,3.33,no,no,69289,6276,108,0.0609,5932,709,1239,733,100,2.46,0.5,1380,0.7798,650,100,100,0.35,1.0,200,0.0,0,15,3,hat,badge,wristwatch,yellow,yellow,tank,sg,front,2,no,yes,yes,self,4,7.63,no,no,111386,4757,2792,0.6262,7077,615,246,505,520,2.0,1.0,1948,0.8608,350,100,100,0.0,1.0,200,0.0,0,8,1,shoes,bag,amulet,red,,support,1,,yes,yes,one,3,6.83,no,44099,7734,2061,11519,759,977,682,2.46,1132,0.731,100,100,0.0,1.0,hat,bag,wristwatch,blue,support,2,yes,no,,3,4.93,yes,43517,8150,2060,8069,660,786,734,2.46,1582,0.8127,100,100,0.0,1.0,hat,bag,wristwatch,yellow,red,support,1,no,yes,no,4,14.53,no,46530,7493,1804,8526,1160,191,1241,2.26,2194,0.8869,100,100,0.0,1.0,gloves,bag,wristwatch,blue,support,2,yes,no,3,4.93,yes,43517,8150,2060,8069,660,786,734,2.46,1582,0.8127,100,100,0.0,1.0,hat,bag,wristwatch,1.3,0.75,1.1,0.45,0.8,0.0,1.0,0.3,1.3,0.75,1.3,0.75,1.1,0.45,1.0,0.3,1.3,0.75,0.8,0.0,1.0,0.3,0.8,0.0,19,3.1666666666666665,0.4082482904638629,20,3.333333333333333,0.5163977794943222,1,0.1666666666666669,0.1081494890304592,34.02,5.670000000000001,2.5074289621044104,46.58,7.763333333333333,3.868160630928693,12.559999999999995,2.093333333333332,1.3607316688242823,449328,74888.0,38974.5735884307,457605,76267.5,37805.916567384,8277,1379.5,-1168.6570210466962,41760,6960.0,2544.8516656182537,38656,6442.666666666667,1784.6629560414667,-3104,-517.333333333333,-760.188709576787,7277,1212.8333333333333,1225.2370246881485,7025,1170.8333333333333,1192.854796975167,-252,-42.0,-32.3822277129816,44509,7418.166666666667,2188.9508369688588,41298,6883.0,1219.8093293625852,-3211,-535.166666666667,-969.1415076062736,3980,663.3333333333334,327.6538824226972,4744,790.6666666666666,478.778724116545,764,127.33333333333326,151.12484169384777,5668,944.6666666666666,745.3795453771634,4875,812.5,806.2969056123185,-793,-132.16666666666663,60.91736023515512,4554,759.0,321.8558683634648,4555,759.1666666666666,268.494630610496,1,0.1666666666666287,-53.36123775296886,0.5,0.5,0.5,0.5,0.25,0.5,0.25,0.25,0.5,0.25,15.094087021197472,31.117812420138,17.465483588272782,25.596804708850115,26.81309097878865,19.798139738687063,8.457502287282708,22.055838763926843,22.31854693461459,19.281142942171314,-3.037403992443277,16.250367009208595,13.449493865030677,14.849930437119635,11.952482544608223,15.245782208588956,13.599132376598591,-1.2507980605210438
hoshino,tshiroko,marina,nymutsuki,sayane,sshiroko,iori,marina,tshiroko,hoshino,sayane,sshiroko,0,yellow,yellow,tank,sg,front,2,no,yes,yes,self,4,7.63,no,no,111386,4757,2792,0.6262,7077,615,246,505,520,2.0,1.0,1948,0.8608,350,100,100,0.0,1.0,200,0.0,0,8,1,shoes,bag,amulet,blue,blue,dealer,ar,middle,0,yes,yes,no,,3,3.33,no,no,69289,6276,108,0.0609,5932,709,1239,733,100,2.46,0.5,1380,0.7798,650,100,100,0.35,1.0,200,0.0,0,15,3,hat,badge,wristwatch,yellow,red,tank,smg,front,1,yes,yes,no,,3,8.83,no,no,134170,3913,148,0.0816,6197,109,2219,518,520,2.0,0.8,1264,0.7583,350,100,100,0.35,1.0,200,0.0,0,20,4,shoes,badge,amulet,blue,yellow,dealer,mg,back,1,no,yes,no,,2,4.67,no,no,62027,11562,418,0.2005,5939,324,640,1189,100,2.26,0.5,1328,0.7704,750,100,100,0.35,1.0,200,0.0,684,25,5,gloves,badge,wristwatch,yellow,yellow,dealer,sr,back,1,no,yes,no,,3,7.33,no,no,52713,8067,113,0.0635,5497,1491,194,824,100,2.46,0.5,2056,0.8728,650,100,136,0.0,1.0,200,0.0,0,5,1,hat,hairpin,wristwatch,yellow,red,tank,smg,front,1,yes,yes,no,,3,8.83,no,no,134170,3913,148,0.0816,6197,109,2219,518,520,2.0,0.8,1264,0.7583,350,100,100,0.35,1.0,200,0.0,0,20,4,shoes,badge,amulet,blue,blue,dealer,ar,middle,0,yes,yes,no,,3,3.33,no,no,69289,6276,108,0.0609,5932,709,1239,733,100,2.46,0.5,1380,0.7798,650,100,100,0.35,1.0,200,0.0,0,15,3,hat,badge,wristwatch,yellow,yellow,tank,sg,front,2,no,yes,yes,self,4,7.63,no,no,111386,4757,2792,0.6262,7077,615,246,505,520,2.0,1.0,1948,0.8608,350,100,100,0.0,1.0,200,0.0,0,8,1,shoes,bag,amulet,yellow,red,support,1,no,yes,no,,4,14.53,no,46530,7493,1804,8526,1160,191,1241,2.26,2194,0.8869,100,100,0.0,1.0,gloves,bag,wristwatch,blue,support,2,yes,no,,3,4.93,yes,43517,8150,2060,8069,660,786,734,2.46,1582,0.8127,100,100,0.0,1.0,hat,bag,wristwatch,yellow,red,support,1,no,yes,no,4,14.53,no,46530,7493,1804,8526,1160,191,1241,2.26,2194,0.8869,100,100,0.0,1.0,gloves,bag,wristwatch,blue,support,2,yes,no,3,4.93,yes,43517,8150,2060,8069,660,786,734,2.46,1582,0.8127,100,100,0.0,1.0,hat,bag,wristwatch,1.0,0.3,1.1,0.45,1.3,0.75,1.0,0.3,1.3,0.75,1.3,0.75,1.1,0.45,1.0,0.3,1.0,0.3,0.8,0.0,1.0,0.3,0.8,0.0,19,3.1666666666666665,0.752772652709081,20,3.333333333333333,0.5163977794943222,1,0.1666666666666669,-0.2363748732147588,43.92,7.32,4.074677901380673,46.58,7.763333333333333,3.868160630928693,2.6599999999999966,0.4433333333333324,-0.2065172704519797,466919,77819.83333333333,36823.78463665389,457605,76267.5,37805.916567384,-9314,-1552.3333333333285,982.1319307301164,42151,7025.166666666667,2737.092867746117,38656,6442.666666666667,1784.6629560414667,-3495,-582.5,-952.4299117046507,7330,1221.6666666666667,1144.2687912665742,7025,1170.8333333333333,1192.854796975167,-305,-50.833333333333485,48.586005708592666,41740,6956.666666666667,1129.3585199867518,41298,6883.0,1219.8093293625852,-442,-73.66666666666697,90.4508093758334,3577,596.1666666666666,359.5760930132406,4744,790.6666666666666,478.778724116545,1167,194.5,119.20263110330438,5321,886.8333333333334,756.9193924498609,4875,812.5,806.2969056123185,-446,-74.33333333333337,49.3775131624576,4920,820.0,322.1167490212206,4555,759.1666666666666,268.494630610496,-365,-60.83333333333337,-53.622118410724624,0.5,0.5,0.5,0.5,0.25,0.5,0.25,0.25,0.5,0.25,13.150350192140822,27.110624840276003,20.54017288081581,22.30058335085138,22.055838763926843,19.798139738687063,26.81309097878865,10.746680937554055,20.775432816021,19.85343760473916,-0.921995211281846,14.157730548511944,15.817193251533745,14.987461900022844,14.002352195382356,15.245782208588956,14.624067201985657,-0.3633946980371867
hoshino,tshiroko,haruka,iori,nagisa,sshiroko,iori,hoshino,tshiroko,marina,sayane,sshiroko,0,yellow,yellow,tank,sg,front,2,no,yes,yes,self,4,7.63,no,no,111386,4757,2792,0.6262,7077,615,246,505,520,2.0,1.0,1948,0.8608,350,100,100,0.0,1.0,200,0.0,0,8,1,shoes,bag,amulet,blue,blue,dealer,ar,middle,0,yes,yes,no,,3,3.33,no,no,69289,6276,108,0.0609,5932,709,1239,733,100,2.46,0.5,1380,0.7798,650,100,100,0.35,1.0,200,0.0,0,15,3,hat,badge,wristwatch,red,red,tank,sg,front,1,no,yes,no,,4,5.67,no,no,150581,3216,2700,0.6183,5596,593,237,497,520,2.0,0.8,2020,0.8689,350,100,100,0.0,1.0,200,0.0,0,8,1,shoes,bag,amulet,yellow,yellow,dealer,sr,back,1,no,yes,no,,3,7.33,no,no,52713,8067,113,0.0635,5497,1491,194,824,100,2.46,0.5,2056,0.8728,650,100,136,0.0,1.0,200,0.0,0,5,1,hat,hairpin,wristwatch,yellow,yellow,dealer,sr,back,1,no,yes,no,,3,7.33,no,no,52713,8067,113,0.0635,5497,1491,194,824,100,2.46,0.5,2056,0.8728,650,100,136,0.0,1.0,200,0.0,0,5,1,hat,hairpin,wristwatch,yellow,yellow,tank,sg,front,2,no,yes,yes,self,4,7.63,no,no,111386,4757,2792,0.6262,7077,615,246,505,520,2.0,1.0,1948,0.8608,350,100,100,0.0,1.0,200,0.0,0,8,1,shoes,bag,amulet,blue,blue,dealer,ar,middle,0,yes,yes,no,,3,3.33,no,no,69289,6276,108,0.0609,5932,709,1239,733,100,2.46,0.5,1380,0.7798,650,100,100,0.35,1.0,200,0.0,0,15,3,hat,badge,wristwatch,yellow,red,tank,smg,front,1,yes,yes,no,,3,8.83,no,no,134170,3913,148,0.0816,6197,109,2219,518,520,2.0,0.8,1264,0.7583,350,100,100,0.35,1.0,200,0.0,0,20,4,shoes,badge,amulet,red,,support,1,,yes,yes,one,3,6.83,no,44099,7734,2061,11519,759,977,682,2.46,1132,0.731,100,100,0.0,1.0,hat,bag,wristwatch,blue,support,2,yes,no,,3,4.93,yes,43517,8150,2060,8069,660,786,734,2.46,1582,0.8127,100,100,0.0,1.0,hat,bag,wristwatch,yellow,red,support,1,no,yes,no,4,14.53,no,46530,7493,1804,8526,1160,191,1241,2.26,2194,0.8869,100,100,0.0,1.0,gloves,bag,wristwatch,blue,support,2,yes,no,3,4.93,yes,43517,8150,2060,8069,660,786,734,2.46,1582,0.8127,100,100,0.0,1.0,hat,bag,wristwatch,1.0,0.3,1.1,0.45,1.1,0.45,1.3,0.75,1.3,0.75,1.0,0.3,1.1,0.45,1.3,0.75,1.3,0.75,0.8,0.0,1.0,0.3,0.8,0.0,20,3.333333333333333,0.5163977794943222,20,3.333333333333333,0.5163977794943222,0,0.0,0.0,35.72,5.953333333333333,1.6422139527682336,46.58,7.763333333333333,3.868160630928693,10.86,1.81,2.2259466781604598,471585,78597.5,43437.66453091142,457605,76267.5,37805.916567384,-13980,-2330.0,-5631.747963527414,38200,6366.666666666667,2023.2132528892416,38656,6442.666666666667,1784.6629560414667,456,76.0,-238.5502968477749,9834,1639.0,1223.363560026209,7025,1170.8333333333333,1192.854796975167,-2809,-468.16666666666674,-30.508763051042024,43690,7281.666666666667,2300.6470104443806,41298,6883.0,1219.8093293625852,-2392,-398.66666666666697,-1080.8376810817954,4827,804.5,341.7588330972588,4744,790.6666666666666,478.77872411654494,-83,-13.833333333333371,137.01989101928615,3679,613.1666666666666,448.5369178414043,4875,812.5,806.2969056123185,1196,199.33333333333337,357.75998777091417,3975,662.5,133.22274580566187,4555,759.1666666666666,268.494630610496,580,96.66666666666664,135.2718848048341,0.5,0.5,0.5,0.5,0.25,0.5,0.25,0.25,0.5,0.25,14.0231963555225,23.780770443556865,20.45186026131294,28.910075389726558,22.055838763926843,19.798139738687063,28.74393656716418,13.006027643485806,21.791475612529712,20.900985678315973,-0.8904899342137398,15.09744094488189,15.749187116564418,15.423314030723152,11.952482544608223,15.245782208588956,13.599132376598591,-1.82418165412456
hoshino,tshiroko,haruka,iori,nagisa,sshiroko,iori,hoshino,tshiroko,marina,sayane,sshiroko,0,yellow,yellow,tank,sg,front,2,no,yes,yes,self,4,7.63,no,no,111386,4757,2792,0.6262,7077,615,246,505,520,2.0,1.0,1948,0.8608,350,100,100,0.0,1.0,200,0.0,0,8,1,shoes,bag,amulet,blue,blue,dealer,ar,middle,0,yes,yes,no,,3,3.33,no,no,69289,6276,108,0.0609,5932,709,1239,733,100,2.46,0.5,1380,0.7798,650,100,100,0.35,1.0,200,0.0,0,15,3,hat,badge,wristwatch,red,red,tank,sg,front,1,no,yes,no,,4,5.67,no,no,150581,3216,2700,0.6183,5596,593,237,497,520,2.0,0.8,2020,0.8689,350,100,100,0.0,1.0,200,0.0,0,8,1,shoes,bag,amulet,yellow,yellow,dealer,sr,back,1,no,yes,no,,3,7.33,no,no,52713,8067,113,0.0635,5497,1491,194,824,100,2.46,0.5,2056,0.8728,650,100,136,0.0,1.0,200,0.0,0,5,1,hat,hairpin,wristwatch,yellow,yellow,dealer,sr,back,1,no,yes,no,,3,7.33,no,no,52713,8067,113,0.0635,5497,1491,194,824,100,2.46,0.5,2056,0.8728,650,100,136,0.0,1.0,200,0.0,0,5,1,hat,hairpin,wristwatch,yellow,yellow,tank,sg,front,2,no,yes,yes,self,4,7.63,no,no,111386,4757,2792,0.6262,7077,615,246,505,520,2.0,1.0,1948,0.8608,350,100,100,0.0,1.0,200,0.0,0,8,1,shoes,bag,amulet,blue,blue,dealer,ar,middle,0,yes,yes,no,,3,3.33,no,no,69289,6276,108,0.0609,5932,709,1239,733,100,2.46,0.5,1380,0.7798,650,100,100,0.35,1.0,200,0.0,0,15,3,hat,badge,wristwatch,yellow,red,tank,smg,front,1,yes,yes,no,,3,8.83,no,no,134170,3913,148,0.0816,6197,109,2219,518,520,2.0,0.8,1264,0.7583,350,100,100,0.35,1.0,200,0.0,0,20,4,shoes,badge,amulet,red,,support,1,,yes,yes,one,3,6.83,no,44099,7734,2061,11519,759,977,682,2.46,1132,0.731,100,100,0.0,1.0,hat,bag,wristwatch,blue,support,2,yes,no,,3,4.93,yes,43517,8150,2060,8069,660,786,734,2.46,1582,0.8127,100,100,0.0,1.0,hat,bag,wristwatch,yellow,red,support,1,no,yes,no,4,14.53,no,46530,7493,1804,8526,1160,191,1241,2.26,2194,0.8869,100,100,0.0,1.0,gloves,bag,wristwatch,blue,support,2,yes,no,3,4.93,yes,43517,8150,2060,8069,660,786,734,2.46,1582,0.8127,100,100,0.0,1.0,hat,bag,wristwatch,1.0,0.3,1.1,0.45,1.1,0.45,1.3,0.75,1.3,0.75,1.0,0.3,1.1,0.45,1.3,0.75,1.3,0.75,0.8,0.0,1.0,0.3,0.8,0.0,20,3.333333333333333,0.5163977794943222,20,3.333333333333333,0.5163977794943222,0,0.0,0.0,35.72,5.953333333333333,1.6422139527682336,46.58,7.763333333333333,3.868160630928693,10.86,1.81,2.2259466781604598,471585,78597.5,43437.66453091142,457605,76267.5,37805.916567384,-13980,-2330.0,-5631.747963527414,38200,6366.666666666667,2023.2132528892416,38656,6442.666666666667,1784.6629560414667,456,76.0,-238.5502968477749,9834,1639.0,1223.363560026209,7025,1170.8333333333333,1192.854796975167,-2809,-468.16666666666674,-30.508763051042024,43690,7281.666666666667,2300.6470104443806,41298,6883.0,1219.8093293625852,-2392,-398.66666666666697,-1080.8376810817954,4827,804.5,341.7588330972588,4744,790.6666666666666,478.77872411654494,-83,-13.833333333333371,137.01989101928615,3679,613.1666666666666,448.5369178414043,4875,812.5,806.2969056123185,1196,199.33333333333337,357.75998777091417,3975,662.5,133.22274580566187,4555,759.1666666666666,268.494630610496,580,96.66666666666664,135.2718848048341,0.5,0.5,0.5,0.5,0.25,0.5,0.25,0.25,0.5,0.25,14.0231963555225,23.780770443556865,20.45186026131294,28.910075389726558,22.055838763926843,19.798139738687063,28.74393656716418,13.006027643485806,21.791475612529712,20.900985678315973,-0.8904899342137398,15.09744094488189,15.749187116564418,15.423314030723152,11.952482544608223,15.245782208588956,13.599132376598591,-1.82418165412456
hoshino,tshiroko,haruka,iori,nagisa,sshiroko,iori,hoshino,tshiroko,marina,sayane,sshiroko,0,yellow,yellow,tank,sg,front,2,no,yes,yes,self,4,7.63,no,no,111386,4757,2792,0.6262,7077,615,246,505,520,2.0,1.0,1948,0.8608,350,100,100,0.0,1.0,200,0.0,0,8,1,shoes,bag,amulet,blue,blue,dealer,ar,middle,0,yes,yes,no,,3,3.33,no,no,69289,6276,108,0.0609,5932,709,1239,733,100,2.46,0.5,1380,0.7798,650,100,100,0.35,1.0,200,0.0,0,15,3,hat,badge,wristwatch,red,red,tank,sg,front,1,no,yes,no,,4,5.67,no,no,150581,3216,2700,0.6183,5596,593,237,497,520,2.0,0.8,2020,0.8689,350,100,100,0.0,1.0,200,0.0,0,8,1,shoes,bag,amulet,yellow,yellow,dealer,sr,back,1,no,yes,no,,3,7.33,no,no,52713,8067,113,0.0635,5497,1491,194,824,100,2.46,0.5,2056,0.8728,650,100,136,0.0,1.0,200,0.0,0,5,1,hat,hairpin,wristwatch,yellow,yellow,dealer,sr,back,1,no,yes,no,,3,7.33,no,no,52713,8067,113,0.0635,5497,1491,194,824,100,2.46,0.5,2056,0.8728,650,100,136,0.0,1.0,200,0.0,0,5,1,hat,hairpin,wristwatch,yellow,yellow,tank,sg,front,2,no,yes,yes,self,4,7.63,no,no,111386,4757,2792,0.6262,7077,615,246,505,520,2.0,1.0,1948,0.8608,350,100,100,0.0,1.0,200,0.0,0,8,1,shoes,bag,amulet,blue,blue,dealer,ar,middle,0,yes,yes,no,,3,3.33,no,no,69289,6276,108,0.0609,5932,709,1239,733,100,2.46,0.5,1380,0.7798,650,100,100,0.35,1.0,200,0.0,0,15,3,hat,badge,wristwatch,yellow,red,tank,smg,front,1,yes,yes,no,,3,8.83,no,no,134170,3913,148,0.0816,6197,109,2219,518,520,2.0,0.8,1264,0.7583,350,100,100,0.35,1.0,200,0.0,0,20,4,shoes,badge,amulet,red,,support,1,,yes,yes,one,3,6.83,no,44099,7734,2061,11519,759,977,682,2.46,1132,0.731,100,100,0.0,1.0,hat,bag,wristwatch,blue,support,2,yes,no,,3,4.93,yes,43517,8150,2060,8069,660,786,734,2.46,1582,0.8127,100,100,0.0,1.0,hat,bag,wristwatch,yellow,red,support,1,no,yes,no,4,14.53,no,46530,7493,1804,8526,1160,191,1241,2.26,2194,0.8869,100,100,0.0,1.0,gloves,bag,wristwatch,blue,support,2,yes,no,3,4.93,yes,43517,8150,2060,8069,660,786,734,2.46,1582,0.8127,100,100,0.0,1.0,hat,bag,wristwatch,1.0,0.3,1.1,0.45,1.1,0.45,1.3,0.75,1.3,0.75,1.0,0.3,1.1,0.45,1.3,0.75,1.3,0.75,0.8,0.0,1.0,0.3,0.8,0.0,20,3.333333333333333,0.5163977794943222,20,3.333333333333333,0.5163977794943222,0,0.0,0.0,35.72,5.953333333333333,1.6422139527682336,46.58,7.763333333333333,3.868160630928693,10.86,1.81,2.2259466781604598,471585,78597.5,43437.66453091142,457605,76267.5,37805.916567384,-13980,-2330.0,-5631.747963527414,38200,6366.666666666667,2023.2132528892416,38656,6442.666666666667,1784.6629560414667,456,76.0,-238.5502968477749,9834,1639.0,1223.363560026209,7025,1170.8333333333333,1192.854796975167,-2809,-468.16666666666674,-30.508763051042024,43690,7281.666666666667,2300.6470104443806,41298,6883.0,1219.8093293625852,-2392,-398.66666666666697,-1080.8376810817954,4827,804.5,341.7588330972588,4744,790.6666666666666,478.77872411654494,-83,-13.833333333333371,137.01989101928615,3679,613.1666666666666,448.5369178414043,4875,812.5,806.2969056123185,1196,199.33333333333337,357.75998777091417,3975,662.5,133.22274580566187,4555,759.1666666666666,268.494630610496,580,96.66666666666664,135.2718848048341,0.5,0.5,0.5,0.5,0.25,0.5,0.25,0.25,0.5,0.25,14.0231963555225,23.780770443556865,20.45186026131294,28.910075389726558,22.055838763926843,19.798139738687063,28.74393656716418,13.006027643485806,21.791475612529712,20.900985678315973,-0.8904899342137398,15.09744094488189,15.749187116564418,15.423314030723152,11.952482544608223,15.245782208588956,13.599132376598591,-1.82418165412456
hoshino,tshiroko,haruka,iori,nagisa,sshiroko,iori,hoshino,tshiroko,marina,sayane,sshiroko,1,yellow,yellow,tank,sg,front,2,no,yes,yes,self,4,7.63,no,no,111386,4757,2792,0.6262,7077,615,246,505,520,2.0,1.0,1948,0.8608,350,100,100,0.0,1.0,200,0.0,0,8,1,shoes,bag,amulet,blue,blue,dealer,ar,middle,0,yes,yes,no,,3,3.33,no,no,69289,6276,108,0.0609,5932,709,1239,733,100,2.46,0.5,1380,0.7798,650,100,100,0.35,1.0,200,0.0,0,15,3,hat,badge,wristwatch,red,red,tank,sg,front,1,no,yes,no,,4,5.67,no,no,150581,3216,2700,0.6183,5596,593,237,497,520,2.0,0.8,2020,0.8689,350,100,100,0.0,1.0,200,0.0,0,8,1,shoes,bag,amulet,yellow,yellow,dealer,sr,back,1,no,yes,no,,3,7.33,no,no,52713,8067,113,0.0635,5497,1491,194,824,100,2.46,0.5,2056,0.8728,650,100,136,0.0,1.0,200,0.0,0,5,1,hat,hairpin,wristwatch,yellow,yellow,dealer,sr,back,1,no,yes,no,,3,7.33,no,no,52713,8067,113,0.0635,5497,1491,194,824,100,2.46,0.5,2056,0.8728,650,100,136,0.0,1.0,200,0.0,0,5,1,hat,hairpin,wristwatch,yellow,yellow,tank,sg,front,2,no,yes,yes,self,4,7.63,no,no,111386,4757,2792,0.6262,7077,615,246,505,520,2.0,1.0,1948,0.8608,350,100,100,0.0,1.0,200,0.0,0,8,1,shoes,bag,amulet,blue,blue,dealer,ar,middle,0,yes,yes,no,,3,3.33,no,no,69289,6276,108,0.0609,5932,709,1239,733,100,2.46,0.5,1380,0.7798,650,100,100,0.35,1.0,200,0.0,0,15,3,hat,badge,wristwatch,yellow,red,tank,smg,front,1,yes,yes,no,,3,8.83,no,no,134170,3913,148,0.0816,6197,109,2219,518,520,2.0,0.8,1264,0.7583,350,100,100,0.35,1.0,200,0.0,0,20,4,shoes,badge,amulet,red,,support,1,,yes,yes,one,3,6.83,no,44099,7734,2061,11519,759,977,682,2.46,1132,0.731,100,100,0.0,1.0,hat,bag,wristwatch,blue,support,2,yes,no,,3,4.93,yes,43517,8150,2060,8069,660,786,734,2.46,1582,0.8127,100,100,0.0,1.0,hat,bag,wristwatch,yellow,red,support,1,no,yes,no,4,14.53,no,46530,7493,1804,8526,1160,191,1241,2.26,2194,0.8869,100,100,0.0,1.0,gloves,bag,wristwatch,blue,support,2,yes,no,3,4.93,yes,43517,8150,2060,8069,660,786,734,2.46,1582,0.8127,100,100,0.0,1.0,hat,bag,wristwatch,1.0,0.3,1.1,0.45,1.1,0.45,1.3,0.75,1.3,0.75,1.0,0.3,1.1,0.45,1.3,0.75,1.3,0.75,0.8,0.0,1.0,0.3,0.8,0.0,20,3.333333333333333,0.5163977794943222,20,3.333333333333333,0.5163977794943222,0,0.0,0.0,35.72,5.953333333333333,1.6422139527682336,46.58,7.763333333333333,3.868160630928693,10.86,1.81,2.2259466781604598,471585,78597.5,43437.66453091142,457605,76267.5,37805.916567384,-13980,-2330.0,-5631.747963527414,38200,6366.666666666667,2023.2132528892416,38656,6442.666666666667,1784.6629560414667,456,76.0,-238.5502968477749,9834,1639.0,1223.363560026209,7025,1170.8333333333333,1192.854796975167,-2809,-468.16666666666674,-30.508763051042024,43690,7281.666666666667,2300.6470104443806,41298,6883.0,1219.8093293625852,-2392,-398.66666666666697,-1080.8376810817954,4827,804.5,341.7588330972588,4744,790.6666666666666,478.77872411654494,-83,-13.833333333333371,137.01989101928615,3679,613.1666666666666,448.5369178414043,4875,812.5,806.2969056123185,1196,199.33333333333337,357.75998777091417,3975,662.5,133.22274580566187,4555,759.1666666666666,268.494630610496,580,96.66666666666664,135.2718848048341,0.5,0.5,0.5,0.5,0.25,0.5,0.25,0.25,0.5,0.25,14.0231963555225,23.780770443556865,20.45186026131294,28.910075389726558,22.055838763926843,19.798139738687063,28.74393656716418,13.006027643485806,21.791475612529712,20.900985678315973,-0.8904899342137398,15.09744094488189,15.749187116564418,15.423314030723152,11.952482544608223,15.245782208588956,13.599132376598591,-1.82418165412456
marina,tshiroko,shun,hoshino,sayane,sshiroko,iori,hoshino,tshiroko,marina,sayane,sshiroko,1,yellow,red,tank,smg,front,1,yes,yes,no,,3,8.83,no,no,134170,3913,148,0.0816,6197,109,2219,518,520,2.0,0.8,1264,0.7583,350,100,100,0.35,1.0,200,0.0,0,20,4,shoes,badge,amulet,blue,blue,dealer,ar,middle,0,yes,yes,no,,3,3.33,no,no,69289,6276,108,0.0609,5932,709,1239,733,100,2.46,0.5,1380,0.7798,650,100,100,0.35,1.0,200,0.0,0,15,3,hat,badge,wristwatch,red,red,dealer,sr,back,1,no,yes,no,,3,2.47,yes,no,46867,10930,108,0.0609,5715,1128,201,1382,100,2.26,0.5,1980,0.8644,750,100,136,0.0,1.0,200,0.0,0,20,1,gloves,hairpin,wristwatch,yellow,yellow,tank,sg,front,2,no,yes,yes,self,4,7.63,no,no,111386,4757,2792,0.6262,7077,615,246,505,520,2.0,1.0,1948,0.8608,350,100,100,0.0,1.0,200,0.0,0,8,1,shoes,bag,amulet,yellow,yellow,dealer,sr,back,1,no,yes,no,,3,7.33,no,no,52713,8067,113,0.0635,5497,1491,194,824,100,2.46,0.5,2056,0.8728,650,100,136,0.0,1.0,200,0.0,0,5,1,hat,hairpin,wristwatch,yellow,yellow,tank,sg,front,2,no,yes,yes,self,4,7.63,no,no,111386,4757,2792,0.6262,7077,615,246,505,520,2.0,1.0,1948,0.8608,350,100,100,0.0,1.0,200,0.0,0,8,1,shoes,bag,amulet,blue,blue,dealer,ar,middle,0,yes,yes,no,,3,3.33,no,no,69289,6276,108,0.0609,5932,709,1239,733,100,2.46,0.5,1380,0.7798,650,100,100,0.35,1.0,200,0.0,0,15,3,hat,badge,wristwatch,yellow,red,tank,smg,front,1,yes,yes,no,,3,8.83,no,no,134170,3913,148,0.0816,6197,109,2219,518,520,2.0,0.8,1264,0.7583,350,100,100,0.35,1.0,200,0.0,0,20,4,shoes,badge,amulet,yellow,red,support,1,no,yes,no,,4,14.53,no,46530,7493,1804,8526,1160,191,1241,2.26,2194,0.8869,100,100,0.0,1.0,gloves,bag,wristwatch,blue,support,2,yes,no,,3,4.93,yes,43517,8150,2060,8069,660,786,734,2.46,1582,0.8127,100,100,0.0,1.0,hat,bag,wristwatch,yellow,red,support,1,no,yes,no,4,14.53,no,46530,7493,1804,8526,1160,191,1241,2.26,2194,0.8869,100,100,0.0,1.0,gloves,bag,wristwatch,blue,support,2,yes,no,3,4.93,yes,43517,8150,2060,8069,660,786,734,2.46,1582,0.8127,100,100,0.0,1.0,hat,bag,wristwatch,1.3,0.75,1.1,0.45,0.8,0.0,1.0,0.3,1.3,0.75,1.0,0.3,1.1,0.45,1.3,0.75,1.0,0.3,0.8,0.0,1.0,0.3,0.8,0.0,20,3.333333333333333,0.5163977794943222,20,3.333333333333333,0.5163977794943222,0,0.0,0.0,41.72,6.953333333333333,4.44315953648602,46.58,7.763333333333333,3.868160630928693,4.859999999999999,0.8099999999999996,-0.5749989055573268,451759,75293.16666666667,38601.33576661132,457605,76267.5,37805.916567384,5846,974.3333333333284,-795.419199227319,41519,6919.833333333333,2532.061722523104,38656,6442.666666666667,1784.6629560414667,-2863,-477.16666666666606,-747.3987664816373,7020,1170.0,1193.7430209220072,7025,1170.8333333333333,1192.854796975167,5,0.8333333333332575,-0.8882239468402986,41516,6919.333333333333,1172.6023480560946,41298,6883.0,1219.8093293625852,-218,-36.33333333333303,47.20698130649066,4381,730.1666666666666,386.6551004017233,4744,790.6666666666666,478.77872411654494,363,60.5,92.12362371482168,4882,813.6666666666666,805.2273384993002,4875,812.5,806.2969056123185,-7,-1.1666666666666288,1.0695671130182518,5113,852.1666666666666,372.0942980840565,4555,759.1666666666666,268.494630610496,-558,-93.0,-103.59966747356049,0.5,0.5,0.5,0.5,0.25,0.5,0.25,0.25,0.5,0.25,15.094087021197472,25.596804708850115,17.465483588272782,31.117812420138,26.81309097878865,19.798139738687063,8.457502287282708,22.055838763926843,22.318546934614595,19.28114294217132,-3.037403992443277,16.250367009208595,13.449493865030677,14.849930437119635,14.002352195382358,15.245782208588956,14.624067201985657,-0.2258632351339784
hoshino,shun,tshiroko,marina,nagisa,sshiroko,marina,iori,tshiroko,hoshino,sayane,sshiroko,0,yellow,yellow,tank,sg,front,2,no,yes,yes,self,4,7.63,no,no,111386,4757,2792,0.6262,7077,615,246,505,520,2.0,1.0,1948,0.8608,350,100,100,0.0,1.0,200,0.0,0,8,1,shoes,bag,amulet,red,red,dealer,sr,back,1,no,yes,no,,3,2.47,yes,no,46867,10930,108,0.0609,5715,1128,201,1382,100,2.26,0.5,1980,0.8644,750,100,136,0.0,1.0,200,0.0,0,20,1,gloves,hairpin,wristwatch,blue,blue,dealer,ar,middle,0,yes,yes,no,,3,3.33,no,no,69289,6276,108,0.0609,5932,709,1239,733,100,2.46,0.5,1380,0.7798,650,100,100,0.35,1.0,200,0.0,0,15,3,hat,badge,wristwatch,yellow,red,tank,smg,front,1,yes,yes,no,,3,8.83,no,no,134170,3913,148,0.0816,6197,109,2219,518,520,2.0,0.8,1264,0.7583,350,100,100,0.35,1.0,200,0.0,0,20,4,shoes,badge,amulet,yellow,red,tank,smg,front,1,yes,yes,no,,3,8.83,no,no,134170,3913,148,0.0816,6197,109,2219,518,520,2.0,0.8,1264,0.7583,350,100,100,0.35,1.0,200,0.0,0,20,4,shoes,badge,amulet,yellow,yellow,dealer,sr,back,1,no,yes,no,,3,7.33,no,no,52713,8067,113,0.0635,5497,1491,194,824,100,2.46,0.5,2056,0.8728,650,100,136,0.0,1.0,200,0.0,0,5,1,hat,hairpin,wristwatch,blue,blue,dealer,ar,middle,0,yes,yes,no,,3,3.33,no,no,69289,6276,108,0.0609,5932,709,1239,733,100,2.46,0.5,1380,0.7798,650,100,100,0.35,1.0,200,0.0,0,15,3,hat,badge,wristwatch,yellow,yellow,tank,sg,front,2,no,yes,yes,self,4,7.63,no,no,111386,4757,2792,0.6262,7077,615,246,505,520,2.0,1.0,1948,0.8608,350,100,100,0.0,1.0,200,0.0,0,8,1,shoes,bag,amulet,red,,support,1,,yes,yes,one,3,6.83,no,44099,7734,2061,11519,759,977,682,2.46,1132,0.731,100,100,0.0,1.0,hat,bag,wristwatch,blue,support,2,yes,no,,3,4.93,yes,43517,8150,2060,8069,660,786,734,2.46,1582,0.8127,100,100,0.0,1.0,hat,bag,wristwatch,yellow,red,support,1,no,yes,no,4,14.53,no,46530,7493,1804,8526,1160,191,1241,2.26,2194,0.8869,100,100,0.0,1.0,gloves,bag,wristwatch,blue,support,2,yes,no,3,4.93,yes,43517,8150,2060,8069,660,786,734,2.46,1582,0.8127,100,100,0.0,1.0,hat,bag,wristwatch,1.0,0.3,0.8,0.0,1.1,0.45,1.3,0.75,1.3,0.75,1.3,0.75,1.1,0.45,1.0,0.3,1.3,0.75,0.8,0.0,1.0,0.3,0.8,0.0,19,3.1666666666666665,0.4082482904638629,20,3.333333333333333,0.5163977794943222,1,0.1666666666666669,0.1081494890304592,34.02,5.669999999999999,2.5074289621044104,46.58,7.763333333333333,3.868160630928693,12.560000000000002,2.0933333333333337,1.3607316688242823,449328,74888.0,38974.5735884307,457605,76267.5,37805.916567384,8277,1379.5,-1168.6570210466962,41760,6960.0,2544.8516656182537,38656,6442.666666666667,1784.6629560414667,-3104,-517.333333333333,-760.188709576787,7277,1212.8333333333333,1225.2370246881485,7025,1170.8333333333333,1192.854796975167,-252,-42.0,-32.3822277129816,44509,7418.166666666667,2188.9508369688588,41298,6883.0,1219.8093293625852,-3211,-535.166666666667,-969.1415076062736,3980,663.3333333333334,327.6538824226972,4744,790.6666666666666,478.778724116545,764,127.33333333333326,151.12484169384777,5668,944.6666666666666,745.3795453771634,4875,812.5,806.2969056123185,-793,-132.16666666666663,60.91736023515512,4554,759.0,321.8558683634648,4555,759.1666666666666,268.494630610496,1,0.1666666666666287,-53.36123775296886,0.5,0.5,0.5,0.5,0.25,0.5,0.25,0.25,0.5,0.25,31.117812420138,15.09408702119747,17.465483588272782,25.596804708850115,22.055838763926843,8.457502287282708,19.798139738687063,26.81309097878865,22.31854693461459,19.28114294217132,-3.0374039924432736,16.250367009208595,13.449493865030677,14.849930437119635,11.952482544608223,15.245782208588956,13.599132376598591,-1.2507980605210438
hoshino,shun,tshiroko,marina,nagisa,sshiroko,marina,iori,tshiroko,hoshino,sayane,sshiroko,0,yellow,yellow,tank,sg,front,2,no,yes,yes,self,4,7.63,no,no,111386,4757,2792,0.6262,7077,615,246,505,520,2.0,1.0,1948,0.8608,350,100,100,0.0,1.0,200,0.0,0,8,1,shoes,bag,amulet,red,red,dealer,sr,back,1,no,yes,no,,3,2.47,yes,no,46867,10930,108,0.0609,5715,1128,201,1382,100,2.26,0.5,1980,0.8644,750,100,136,0.0,1.0,200,0.0,0,20,1,gloves,hairpin,wristwatch,blue,blue,dealer,ar,middle,0,yes,yes,no,,3,3.33,no,no,69289,6276,108,0.0609,5932,709,1239,733,100,2.46,0.5,1380,0.7798,650,100,100,0.35,1.0,200,0.0,0,15,3,hat,badge,wristwatch,yellow,red,tank,smg,front,1,yes,yes,no,,3,8.83,no,no,134170,3913,148,0.0816,6197,109,2219,518,520,2.0,0.8,1264,0.7583,350,100,100,0.35,1.0,200,0.0,0,20,4,shoes,badge,amulet,yellow,red,tank,smg,front,1,yes,yes,no,,3,8.83,no,no,134170,3913,148,0.0816,6197,109,2219,518,520,2.0,0.8,1264,0.7583,350,100,100,0.35,1.0,200,0.0,0,20,4,shoes,badge,amulet,yellow,yellow,dealer,sr,back,1,no,yes,no,,3,7.33,no,no,52713,8067,113,0.0635,5497,1491,194,824,100,2.46,0.5,2056,0.8728,650,100,136,0.0,1.0,200,0.0,0,5,1,hat,hairpin,wristwatch,blue,blue,dealer,ar,middle,0,yes,yes,no,,3,3.33,no,no,69289,6276,108,0.0609,5932,709,1239,733,100,2.46,0.5,1380,0.7798,650,100,100,0.35,1.0,200,0.0,0,15,3,hat,badge,wristwatch,yellow,yellow,tank,sg,front,2,no,yes,yes,self,4,7.63,no,no,111386,4757,2792,0.6262,7077,615,246,505,520,2.0,1.0,1948,0.8608,350,100,100,0.0,1.0,200,0.0,0,8,1,shoes,bag,amulet,red,,support,1,,yes,yes,one,3,6.83,no,44099,7734,2061,11519,759,977,682,2.46,1132,0.731,100,100,0.0,1.0,hat,bag,wristwatch,blue,support,2,yes,no,,3,4.93,yes,43517,8150,2060,8069,660,786,734,2.46,1582,0.8127,100,100,0.0,1.0,hat,bag,wristwatch,yellow,red,support,1,no,yes,no,4,14.53,no,46530,7493,1804,8526,1160,191,1241,2.26,2194,0.8869,100,100,0.0,1.0,gloves,bag,wristwatch,blue,support,2,yes,no,3,4.93,yes,43517,8150,2060,8069,660,786,734,2.46,1582,0.8127,100,100,0.0,1.0,hat,bag,wristwatch,1.0,0.3,0.8,0.0,1.1,0.45,1.3,0.75,1.3,0.75,1.3,0.75,1.1,0.45,1.0,0.3,1.3,0.75,0.8,0.0,1.0,0.3,0.8,0.0,19,3.1666666666666665,0.4082482904638629,20,3.333333333333333,0.5163977794943222,1,0.1666666666666669,0.1081494890304592,34.02,5.669999999999999,2.5074289621044104,46.58,7.763333333333333,3.868160630928693,12.560000000000002,2.0933333333333337,1.3607316688242823,449328,74888.0,38974.5735884307,457605,76267.5,37805.916567384,8277,1379.5,-1168.6570210466962,41760,6960.0,2544.8516656182537,38656,6442.666666666667,1784.6629560414667,-3104,-517.333333333333,-760.188709576787,7277,1212.8333333333333,1225.2370246881485,7025,1170.8333333333333,1192.854796975167,-252,-42.0,-32.3822277129816,44509,7418.166666666667,2188.9508369688588,41298,6883.0,1219.8093293625852,-3211,-535.166666666667,-969.1415076062736,3980,663.3333333333334,327.6538824226972,4744,790.6666666666666,478.778724116545,764,127.33333333333326,151.12484169384777,5668,944.6666666666666,745.3795453771634,4875,812.5,806.2969056123185,-793,-132.16666666666663,60.91736023515512,4554,759.0,321.8558683634648,4555,759.1666666666666,268.494630610496,1,0.1666666666666287,-53.36123775296886,0.5,0.5,0.5,0.5,0.25,0.5,0.25,0.25,0.5,0.25,31.117812420138,15.09408702119747,17.465483588272782,25.596804708850115,22.055838763926843,8.457502287282708,19.798139738687063,26.81309097878865,22.31854693461459,19.28114294217132,-3.0374039924432736,16.250367009208595,13.449493865030677,14.849930437119635,11.952482544608223,15.245782208588956,13.599132376598591,-1.2507980605210438
hoshino,shun,tshiroko,marina,nagisa,sshiroko,marina,iori,tshiroko,hoshino,sayane,sshiroko,1,yellow,yellow,tank,sg,front,2,no,yes,yes,self,4,7.63,no,no,111386,4757,2792,0.6262,7077,615,246,505,520,2.0,1.0,1948,0.8608,350,100,100,0.0,1.0,200,0.0,0,8,1,shoes,bag,amulet,red,red,dealer,sr,back,1,no,yes,no,,3,2.47,yes,no,46867,10930,108,0.0609,5715,1128,201,1382,100,2.26,0.5,1980,0.8644,750,100,136,0.0,1.0,200,0.0,0,20,1,gloves,hairpin,wristwatch,blue,blue,dealer,ar,middle,0,yes,yes,no,,3,3.33,no,no,69289,6276,108,0.0609,5932,709,1239,733,100,2.46,0.5,1380,0.7798,650,100,100,0.35,1.0,200,0.0,0,15,3,hat,badge,wristwatch,yellow,red,tank,smg,front,1,yes,yes,no,,3,8.83,no,no,134170,3913,148,0.0816,6197,109,2219,518,520,2.0,0.8,1264,0.7583,350,100,100,0.35,1.0,200,0.0,0,20,4,shoes,badge,amulet,yellow,red,tank,smg,front,1,yes,yes,no,,3,8.83,no,no,134170,3913,148,0.0816,6197,109,2219,518,520,2.0,0.8,1264,0.7583,350,100,100,0.35,1.0,200,0.0,0,20,4,shoes,badge,amulet,yellow,yellow,dealer,sr,back,1,no,yes,no,,3,7.33,no,no,52713,8067,113,0.0635,5497,1491,194,824,100,2.46,0.5,2056,0.8728,650,100,136,0.0,1.0,200,0.0,0,5,1,hat,hairpin,wristwatch,blue,blue,dealer,ar,middle,0,yes,yes,no,,3,3.33,no,no,69289,6276,108,0.0609,5932,709,1239,733,100,2.46,0.5,1380,0.7798,650,100,100,0.35,1.0,200,0.0,0,15,3,hat,badge,wristwatch,yellow,yellow,tank,sg,front,2,no,yes,yes,self,4,7.63,no,no,111386,4757,2792,0.6262,7077,615,246,505,520,2.0,1.0,1948,0.8608,350,100,100,0.0,1.0,200,0.0,0,8,1,shoes,bag,amulet,red,,support,1,,yes,yes,one,3,6.83,no,44099,7734,2061,11519,759,977,682,2.46,1132,0.731,100,100,0.0,1.0,hat,bag,wristwatch,blue,support,2,yes,no,,3,4.93,yes,43517,8150,2060,8069,660,786,734,2.46,1582,0.8127,100,100,0.0,1.0,hat,bag,wristwatch,yellow,red,support,1,no,yes,no,4,14.53,no,46530,7493,1804,8526,1160,191,1241,2.26,2194,0.8869,100,100,0.0,1.0,gloves,bag,wristwatch,blue,support,2,yes,no,3,4.93,yes,43517,8150,2060,8069,660,786,734,2.46,1582,0.8127,100,100,0.0,1.0,hat,bag,wristwatch,1.0,0.3,0.8,0.0,1.1,0.45,1.3,0.75,1.3,0.75,1.3,0.75,1.1,0.45,1.0,0.3,1.3,0.75,0.8,0.0,1.0,0.3,0.8,0.0,19,3.1666666666666665,0.4082482904638629,20,3.333333333333333,0.5163977794943222,1,0.1666666666666669,0.1081494890304592,34.02,5.669999999999999,2.5074289621044104,46.58,7.763333333333333,3.868160630928693,12.560000000000002,2.0933333333333337,1.3607316688242823,449328,74888.0,38974.5735884307,457605,76267.5,37805.916567384,8277,1379.5,-1168.6570210466962,41760,6960.0,2544.8516656182537,38656,6442.666666666667,1784.6629560414667,-3104,-517.333333333333,-760.188709576787,7277,1212.8333333333333,1225.2370246881485,7025,1170.8333333333333,1192.854796975167,-252,-42.0,-32.3822277129816,44509,7418.166666666667,2188.9508369688588,41298,6883.0,1219.8093293625852,-3211,-535.166666666667,-969.1415076062736,3980,663.3333333333334,327.6538824226972,4744,790.6666666666666,478.778724116545,764,127.33333333333326,151.12484169384777,5668,944.6666666666666,745.3795453771634,4875,812.5,806.2969056123185,-793,-132.16666666666663,60.91736023515512,4554,759.0,321.8558683634648,4555,759.1666666666666,268.494630610496,1,0.1666666666666287,-53.36123775296886,0.5,0.5,0.5,0.5,0.25,0.5,0.25,0.25,0.5,0.25,31.117812420138,15.09408702119747,17.465483588272782,25.596804708850115,22.055838763926843,8.457502287282708,19.798139738687063,26.81309097878865,22.31854693461459,19.28114294217132,-3.0374039924432736,16.250367009208595,13.449493865030677,14.849930437119635,11.952482544608223,15.245782208588956,13.599132376598591,-1.2507980605210438
tshiroko,hoshino,shun,haruka,sayane,sshiroko,marina,iori,tshiroko,hoshino,sayane,sshiroko,1,blue,blue,dealer,ar,middle,0,yes,yes,no,,3,3.33,no,no,69289,6276,108,0.0609,5932,709,1239,733,100,2.46,0.5,1380,0.7798,650,100,100,0.35,1.0,200,0.0,0,15,3,hat,badge,wristwatch,yellow,yellow,tank,sg,front,2,no,yes,yes,self,4,7.63,no,no,111386,4757,2792,0.6262,7077,615,246,505,520,2.0,1.0,1948,0.8608,350,100,100,0.0,1.0,200,0.0,0,8,1,shoes,bag,amulet,red,red,dealer,sr,back,1,no,yes,no,,3,2.47,yes,no,46867,10930,108,0.0609,5715,1128,201,1382,100,2.26,0.5,1980,0.8644,750,100,136,0.0,1.0,200,0.0,0,20,1,gloves,hairpin,wristwatch,red,red,tank,sg,front,1,no,yes,no,,4,5.67,no,no,150581,3216,2700,0.6183,5596,593,237,497,520,2.0,0.8,2020,0.8689,350,100,100,0.0,1.0,200,0.0,0,8,1,shoes,bag,amulet,yellow,red,tank,smg,front,1,yes,yes,no,,3,8.83,no,no,134170,3913,148,0.0816,6197,109,2219,518,520,2.0,0.8,1264,0.7583,350,100,100,0.35,1.0,200,0.0,0,20,4,shoes,badge,amulet,yellow,yellow,dealer,sr,back,1,no,yes,no,,3,7.33,no,no,52713,8067,113,0.0635,5497,1491,194,824,100,2.46,0.5,2056,0.8728,650,100,136,0.0,1.0,200,0.0,0,5,1,hat,hairpin,wristwatch,blue,blue,dealer,ar,middle,0,yes,yes,no,,3,3.33,no,no,69289,6276,108,0.0609,5932,709,1239,733,100,2.46,0.5,1380,0.7798,650,100,100,0.35,1.0,200,0.0,0,15,3,hat,badge,wristwatch,yellow,yellow,tank,sg,front,2,no,yes,yes,self,4,7.63,no,no,111386,4757,2792,0.6262,7077,615,246,505,520,2.0,1.0,1948,0.8608,350,100,100,0.0,1.0,200,0.0,0,8,1,shoes,bag,amulet,yellow,red,support,1,no,yes,no,,4,14.53,no,46530,7493,1804,8526,1160,191,1241,2.26,2194,0.8869,100,100,0.0,1.0,gloves,bag,wristwatch,blue,support,2,yes,no,,3,4.93,yes,43517,8150,2060,8069,660,786,734,2.46,1582,0.8127,100,100,0.0,1.0,hat,bag,wristwatch,yellow,red,support,1,no,yes,no,4,14.53,no,46530,7493,1804,8526,1160,191,1241,2.26,2194,0.8869,100,100,0.0,1.0,gloves,bag,wristwatch,blue,support,2,yes,no,3,4.93,yes,43517,8150,2060,8069,660,786,734,2.46,1582,0.8127,100,100,0.0,1.0,hat,bag,wristwatch,1.1,0.45,1.0,0.3,0.8,0.0,1.1,0.45,1.3,0.75,1.3,0.75,1.1,0.45,1.0,0.3,1.0,0.3,0.8,0.0,1.0,0.3,0.8,0.0,21,3.5,0.5477225575051661,20,3.333333333333333,0.5163977794943222,-1,-0.1666666666666665,-0.0313247780108438,38.56,6.426666666666667,4.362777402832588,46.58,7.763333333333333,3.868160630928693,8.019999999999996,1.336666666666666,-0.4946167719038952,468170,78028.33333333333,43834.24492182644,457605,76267.5,37805.916567384,-10565,-1760.8333333333285,-6028.328354442434,40822,6803.666666666667,2707.509901490051,38656,6442.666666666667,1784.6629560414667,-2166,-361.0,-922.8469454485844,9572,1595.3333333333333,1211.28669879045,7025,1170.8333333333333,1192.854796975167,-2547,-424.5,-18.43190181528325,40915,6819.166666666667,1268.4026831675603,41298,6883.0,1219.8093293625852,383,63.83333333333303,-48.593353804975095,4865,810.8333333333334,261.3177503857452,4744,790.6666666666666,478.778724116545,-121,-20.166666666666742,217.46097373079976,2900,483.3333333333333,434.6992830298512,4875,812.5,806.2969056123185,1975,329.1666666666667,371.5976225824672,5092,848.6666666666666,375.9450314429845,4555,759.1666666666666,268.494630610496,-537,-89.5,-107.45040083248858,0.5,0.5,0.5,0.5,0.25,0.5,0.25,0.25,0.5,0.25,33.2147968310759,16.111255733234163,18.11920411089866,27.321736388480133,19.798139738687063,22.055838763926843,8.457502287282708,28.743936567164177,23.69174826592221,19.7638543392652,-3.927893926657013,17.345455758708127,13.952898773006137,15.64917726585713,14.002352195382356,15.245782208588956,14.624067201985657,-1.025110063871475
tshiroko,iori,shun,hoshino,nagisa,sshiroko,marina,iori,tshiroko,hoshino,sayane,sshiroko,0,blue,blue,dealer,ar,middle,0,yes,yes,no,,3,3.33,no,no,69289,6276,108,0.0609,5932,709,1239,733,100,2.46,0.5,1380,0.7798,650,100,100,0.35,1.0,200,0.0,0,15,3,hat,badge,wristwatch,yellow,yellow,dealer,sr,back,1,no,yes,no,,3,7.33,no,no,52713,8067,113,0.0635,5497,1491,194,824,100,2.46,0.5,2056,0.8728,650,100,136,0.0,1.0,200,0.0,0,5,1,hat,hairpin,wristwatch,red,red,dealer,sr,back,1,no,yes,no,,3,2.47,yes,no,46867,10930,108,0.0609,5715,1128,201,1382,100,2.26,0.5,1980,0.8644,750,100,136,0.0,1.0,200,0.0,0,20,1,gloves,hairpin,wristwatch,yellow,yellow,tank,sg,front,2,no,yes,yes,self,4,7.63,no,no,111386,4757,2792,0.6262,7077,615,246,505,520,2.0,1.0,1948,0.8608,350,100,100,0.0,1.0,200,0.0,0,8,1,shoes,bag,amulet,yellow,red,tank,smg,front,1,yes,yes,no,,3,8.83,no,no,134170,3913,148,0.0816,6197,109,2219,518,520,2.0,0.8,1264,0.7583,350,100,100,0.35,1.0,200,0.0,0,20,4,shoes,badge,amulet,yellow,yellow,dealer,sr,back,1,no,yes,no,,3,7.33,no,no,52713,8067,113,0.0635,5497,1491,194,824,100,2.46,0.5,2056,0.8728,650,100,136,0.0,1.0,200,0.0,0,5,1,hat,hairpin,wristwatch,blue,blue,dealer,ar,middle,0,yes,yes,no,,3,3.33,no,no,69289,6276,108,0.0609,5932,709,1239,733,100,2.46,0.5,1380,0.7798,650,100,100,0.35,1.0,200,0.0,0,15,3,hat,badge,wristwatch,yellow,yellow,tank,sg,front,2,no,yes,yes,self,4,7.63,no,no,111386,4757,2792,0.6262,7077,615,246,505,520,2.0,1.0,1948,0.8608,350,100,100,0.0,1.0,200,0.0,0,8,1,shoes,bag,amulet,red,,support,1,,yes,yes,one,3,6.83,no,44099,7734,2061,11519,759,977,682,2.46,1132,0.731,100,100,0.0,1.0,hat,bag,wristwatch,blue,support,2,yes,no,,3,4.93,yes,43517,8150,2060,8069,660,786,734,2.46,1582,0.8127,100,100,0.0,1.0,hat,bag,wristwatch,yellow,red,support,1,no,yes,no,4,14.53,no,46530,7493,1804,8526,1160,191,1241,2.26,2194,0.8869,100,100,0.0,1.0,gloves,bag,wristwatch,blue,support,2,yes,no,3,4.93,yes,43517,8150,2060,8069,660,786,734,2.46,1582,0.8127,100,100,0.0,1.0,hat,bag,wristwatch,1.1,0.45,1.3,0.75,0.8,0.0,1.0,0.3,1.3,0.75,1.3,0.75,1.1,0.45,1.0,0.3,1.3,0.75,0.8,0.0,1.0,0.3,0.8,0.0,19,3.1666666666666665,0.4082482904638629,20,3.333333333333333,0.5163977794943222,1,0.1666666666666669,0.1081494890304592,32.52,5.420000000000001,2.183162843216236,46.58,7.763333333333333,3.868160630928693,14.059999999999995,2.343333333333332,1.684997787712457,367871,61311.833333333336,26330.925638242697,457605,76267.5,37805.916567384,89734,14955.666666666664,11474.990929141306,45914,7652.333333333333,2071.0691602809084,38656,6442.666666666667,1784.6629560414667,-7258,-1209.666666666666,-286.40620423944165,7242,1207.0,1231.3884845977732,7025,1170.8333333333333,1192.854796975167,-217,-36.16666666666674,-38.53368762260629,43809,7301.5,2283.659147070771,41298,6883.0,1219.8093293625852,-2511,-418.5,-1063.8498177081856,5362,893.6666666666666,345.3147356639544,4744,790.6666666666666,478.778724116545,-618,-103.0,133.46398845259063,3643,607.1666666666666,454.77265382459694,4875,812.5,806.2969056123185,1232,205.33333333333337,351.52425178772154,4860,810.0,299.4975792890487,4555,759.1666666666666,268.494630610496,-305,-50.83333333333337,-31.00294867855274,0.75,0.25,0.5,0.5,0.5,0.25,0.25,0.25,0.5,0.25,15.657583695374392,7.594908268253379,16.320486775015933,12.879572209375656,19.798139738687063,13.006027643485806,8.457502287282708,22.055838763926843,13.11313773700484,15.829377108345604,2.7162393713407624,8.176714933938342,12.567776073619632,10.372245503778986,11.952482544608223,15.245782208588956,13.599132376598591,3.2268868728196054
reisa,tshiroko,shun,iori,minori,sshiroko,marina,tshiroko,shun,hoshino,sayane,sshiroko,0,yellow,yellow,tank,sg,front,1,no,yes,yes,self,3,4.93,no,yes,122892,5025,2597,0.6091,8080,655,217,518,520,2.0,0.8,1812,0.8444,350,100,100,0.0,1.0,200,0.0,0,8,2,shoes,bag,amulet,blue,blue,dealer,ar,middle,0,yes,yes,no,,3,3.33,no,no,69289,6276,108,0.0609,5932,709,1239,733,100,2.46,0.5,1380,0.7798,650,100,100,0.35,1.0,200,0.0,0,15,3,hat,badge,wristwatch,red,red,dealer,sr,back,1,no,yes,no,,3,2.47,yes,no,46867,10930,108,0.0609,5715,1128,201,1382,100,2.26,0.5,1980,0.8644,750,100,136,0.0,1.0,200,0.0,0,20,1,gloves,hairpin,wristwatch,yellow,yellow,dealer,sr,back,1,no,yes,no,,3,7.33,no,no,52713,8067,113,0.0635,5497,1491,194,824,100,2.46,0.5,2056,0.8728,650,100,136,0.0,1.0,200,0.0,0,5,1,hat,hairpin,wristwatch,yellow,red,tank,smg,front,1,yes,yes,no,,3,8.83,no,no,134170,3913,148,0.0816,6197,109,2219,518,520,2.0,0.8,1264,0.7583,350,100,100,0.35,1.0,200,0.0,0,20,4,shoes,badge,amulet,blue,blue,dealer,ar,middle,0,yes,yes,no,,3,3.33,no,no,69289,6276,108,0.0609,5932,709,1239,733,100,2.46,0.5,1380,0.7798,650,100,100,0.35,1.0,200,0.0,0,15,3,hat,badge,wristwatch,red,red,dealer,sr,back,1,no,yes,no,,3,2.47,yes,no,46867,10930,108,0.0609,5715,1128,201,1382,100,2.26,0.5,1980,0.8644,750,100,136,0.0,1.0,200,0.0,0,20,1,gloves,hairpin,wristwatch,yellow,yellow,tank,sg,front,2,no,yes,yes,self,4,7.63,no,no,111386,4757,2792,0.6262,7077,615,246,505,520,2.0,1.0,1948,0.8608,350,100,100,0.0,1.0,200,0.0,0,8,1,shoes,bag,amulet,red,,support,0,,yes,no,,4,4.8,no,43678,8106,2062,8023,656,791,732,2.46,1592,0.8142,100,100,0.0,1.0,hat,bag,wristwatch,blue,support,2,yes,no,,3,4.93,yes,43517,8150,2060,8069,660,786,734,2.46,1582,0.8127,100,100,0.0,1.0,hat,bag,wristwatch,yellow,red,support,1,no,yes,no,4,14.53,no,46530,7493,1804,8526,1160,191,1241,2.26,2194,0.8869,100,100,0.0,1.0,gloves,bag,wristwatch,blue,support,2,yes,no,3,4.93,yes,43517,8150,2060,8069,660,786,734,2.46,1582,0.8127,100,100,0.0,1.0,hat,bag,wristwatch,1.3,0.75,1.1,0.45,0.8,0.0,1.3,0.75,1.3,0.75,1.1,0.45,0.8,0.0,1.0,0.3,1.3,0.75,0.8,0.0,1.0,0.3,0.8,0.0,19,3.1666666666666665,0.408248290463863,20,3.333333333333333,0.5163977794943222,1,0.1666666666666669,0.1081494890304591,27.790000000000003,4.631666666666667,1.6646010533057662,41.72,6.953333333333333,4.44315953648602,13.929999999999996,2.3216666666666663,2.778558483180253,378956,63159.333333333336,30807.38188594848,451759,75293.16666666667,38601.33576661132,72803,12133.833333333336,7793.953880662841,46554,7759.0,2004.8660803155904,41519,6919.833333333333,2532.061722523104,-5035,-839.166666666667,527.1956422075134,7048,1174.6666666666667,1182.9538734315329,7020,1170.0,1193.7430209220072,-28,-4.666666666666743,10.789147490474534,41316,6886.0,1290.6255847456302,41516,6919.333333333333,1172.6023480560946,200,33.33333333333303,-118.02323668953568,5299,883.1666666666666,350.20189415059804,4381,730.1666666666666,386.6551004017233,-918,-153.0,36.45320625112521,3428,571.3333333333334,434.7857710029925,4882,813.6666666666666,805.2273384993002,1454,242.3333333333333,370.4415674963077,4923,820.5,293.1796377649717,5113,852.1666666666666,372.0942980840565,190,31.66666666666663,78.91466031908476,0.75,0.25,0.5,0.5,0.5,0.25,0.25,0.25,0.5,0.25,16.0251405571173,17.237153441682597,7.722243824336687,13.181916123607316,24.231641791044776,17.465483588272782,7.787797346752059,15.094087021197472,13.541613486685977,16.144752436816773,2.6031389501307984,8.368660750033364,13.273665644171778,10.821163197102573,10.50094066123859,13.449493865030677,11.975217263134631,1.1540540660320602
reisa,tshiroko,shun,iori,minori,sshiroko,marina,tshiroko,shun,hoshino,sayane,sshiroko,1,yellow,yellow,tank,sg,front,1,no,yes,yes,self,3,4.93,no,yes,122892,5025,2597,0.6091,8080,655,217,518,520,2.0,0.8,1812,0.8444,350,100,100,0.0,1.0,200,0.0,0,8,2,shoes,bag,amulet,blue,blue,dealer,ar,middle,0,yes,yes,no,,3,3.33,no,no,69289,6276,108,0.0609,5932,709,1239,733,100,2.46,0.5,1380,0.7798,650,100,100,0.35,1.0,200,0.0,0,15,3,hat,badge,wristwatch,red,red,dealer,sr,back,1,no,yes,no,,3,2.47,yes,no,46867,10930,108,0.0609,5715,1128,201,1382,100,2.26,0.5,1980,0.8644,750,100,136,0.0,1.0,200,0.0,0,20,1,gloves,hairpin,wristwatch,yellow,yellow,dealer,sr,back,1,no,yes,no,,3,7.33,no,no,52713,8067,113,0.0635,5497,1491,194,824,100,2.46,0.5,2056,0.8728,650,100,136,0.0,1.0,200,0.0,0,5,1,hat,hairpin,wristwatch,yellow,red,tank,smg,front,1,yes,yes,no,,3,8.83,no,no,134170,3913,148,0.0816,6197,109,2219,518,520,2.0,0.8,1264,0.7583,350,100,100,0.35,1.0,200,0.0,0,20,4,shoes,badge,amulet,blue,blue,dealer,ar,middle,0,yes,yes,no,,3,3.33,no,no,69289,6276,108,0.0609,5932,709,1239,733,100,2.46,0.5,1380,0.7798,650,100,100,0.35,1.0,200,0.0,0,15,3,hat,badge,wristwatch,red,red,dealer,sr,back,1,no,yes,no,,3,2.47,yes,no,46867,10930,108,0.0609,5715,1128,201,1382,100,2.26,0.5,1980,0.8644,750,100,136,0.0,1.0,200,0.0,0,20,1,gloves,hairpin,wristwatch,yellow,yellow,tank,sg,front,2,no,yes,yes,self,4,7.63,no,no,111386,4757,2792,0.6262,7077,615,246,505,520,2.0,1.0,1948,0.8608,350,100,100,0.0,1.0,200,0.0,0,8,1,shoes,bag,amulet,red,,support,0,,yes,no,,4,4.8,no,43678,8106,2062,8023,656,791,732,2.46,1592,0.8142,100,100,0.0,1.0,hat,bag,wristwatch,blue,support,2,yes,no,,3,4.93,yes,43517,8150,2060,8069,660,786,734,2.46,1582,0.8127,100,100,0.0,1.0,hat,bag,wristwatch,yellow,red,support,1,no,yes,no,4,14.53,no,46530,7493,1804,8526,1160,191,1241,2.26,2194,0.8869,100,100,0.0,1.0,gloves,bag,wristwatch,blue,support,2,yes,no,3,4.93,yes,43517,8150,2060,8069,660,786,734,2.46,1582,0.8127,100,100,0.0,1.0,hat,bag,wristwatch,1.3,0.75,1.1,0.45,0.8,0.0,1.3,0.75,1.3,0.75,1.1,0.45,0.8,0.0,1.0,0.3,1.3,0.75,0.8,0.0,1.0,0.3,0.8,0.0,19,3.1666666666666665,0.408248290463863,20,3.333333333333333,0.5163977794943222,1,0.1666666666666669,0.1081494890304591,27.790000000000003,4.631666666666667,1.6646010533057662,41.72,6.953333333333333,4.44315953648602,13.929999999999996,2.3216666666666663,2.778558483180253,378956,63159.333333333336,30807.38188594848,451759,75293.16666666667,38601.33576661132,72803,12133.833333333336,7793.953880662841,46554,7759.0,2004.8660803155904,41519,6919.833333333333,2532.061722523104,-5035,-839.166666666667,527.1956422075134,7048,1174.6666666666667,1182.9538734315329,7020,1170.0,1193.7430209220072,-28,-4.666666666666743,10.789147490474534,41316,6886.0,1290.6255847456302,41516,6919.333333333333,1172.6023480560946,200,33.33333333333303,-118.02323668953568,5299,883.1666666666666,350.20189415059804,4381,730.1666666666666,386.6551004017233,-918,-153.0,36.45320625112521,3428,571.3333333333334,434.7857710029925,4882,813.6666666666666,805.2273384993002,1454,242.3333333333333,370.4415674963077,4923,820.5,293.1796377649717,5113,852.1666666666666,372.0942980840565,190,31.66666666666663,78.91466031908476,0.75,0.25,0.5,0.5,0.5,0.25,0.25,0.25,0.5,0.25,16.0251405571173,17.237153441682597,7.722243824336687,13.181916123607316,24.231641791044776,17.465483588272782,7.787797346752059,15.094087021197472,13.541613486685977,16.144752436816773,2.6031389501307984,8.368660750033364,13.273665644171778,10.821163197102573,10.50094066123859,13.449493865030677,11.975217263134631,1.1540540660320602
tshiroko,marina,shun,hoshino,sayane,sshiroko,marina,tshiroko,shun,hoshino,sayane,sshiroko,0,blue,blue,dealer,ar,middle,0,yes,yes,no,,3,3.33,no,no,69289,6276,108,0.0609,5932,709,1239,733,100,2.46,0.5,1380,0.7798,650,100,100,0.35,1.0,200,0.0,0,15,3,hat,badge,wristwatch,yellow,red,tank,smg,front,1,yes,yes,no,,3,8.83,no,no,134170,3913,148,0.0816,6197,109,2219,518,520,2.0,0.8,1264,0.7583,350,100,100,0.35,1.0,200,0.0,0,20,4,shoes,badge,amulet,red,red,dealer,sr,back,1,no,yes,no,,3,2.47,yes,no,46867,10930,108,0.0609,5715,1128,201,1382,100,2.26,0.5,1980,0.8644,750,100,136,0.0,1.0,200,0.0,0,20,1,gloves,hairpin,wristwatch,yellow,yellow,tank,sg,front,2,no,yes,yes,self,4,7.63,no,no,111386,4757,2792,0.6262,7077,615,246,505,520,2.0,1.0,1948,0.8608,350,100,100,0.0,1.0,200,0.0,0,8,1,shoes,bag,amulet,yellow,red,tank,smg,front,1,yes,yes,no,,3,8.83,no,no,134170,3913,148,0.0816,6197,109,2219,518,520,2.0,0.8,1264,0.7583,350,100,100,0.35,1.0,200,0.0,0,20,4,shoes,badge,amulet,blue,blue,dealer,ar,middle,0,yes,yes,no,,3,3.33,no,no,69289,6276,108,0.0609,5932,709,1239,733,100,2.46,0.5,1380,0.7798,650,100,100,0.35,1.0,200,0.0,0,15,3,hat,badge,wristwatch,red,red,dealer,sr,back,1,no,yes,no,,3,2.47,yes,no,46867,10930,108,0.0609,5715,1128,201,1382,100,2.26,0.5,1980,0.8644,750,100,136,0.0,1.0,200,0.0,0,20,1,gloves,hairpin,wristwatch,yellow,yellow,tank,sg,front,2,no,yes,yes,self,4,7.63,no,no,111386,4757,2792,0.6262,7077,615,246,505,520,2.0,1.0,1948,0.8608,350,100,100,0.0,1.0,200,0.0,0,8,1,shoes,bag,amulet,yellow,red,support,1,no,yes,no,,4,14.53,no,46530,7493,1804,8526,1160,191,1241,2.26,2194,0.8869,100,100,0.0,1.0,gloves,bag,wristwatch,blue,support,2,yes,no,,3,4.93,yes,43517,8150,2060,8069,660,786,734,2.46,1582,0.8127,100,100,0.0,1.0,hat,bag,wristwatch,yellow,red,support,1,no,yes,no,4,14.53,no,46530,7493,1804,8526,1160,191,1241,2.26,2194,0.8869,100,100,0.0,1.0,gloves,bag,wristwatch,blue,support,2,yes,no,3,4.93,yes,43517,8150,2060,8069,660,786,734,2.46,1582,0.8127,100,100,0.0,1.0,hat,bag,wristwatch,1.1,0.45,1.3,0.75,0.8,0.0,1.0,0.3,1.3,0.75,1.1,0.45,0.8,0.0,1.0,0.3,1.0,0.3,0.8,0.0,1.0,0.3,0.8,0.0,20,3.333333333333333,0.5163977794943222,20,3.333333333333333,0.5163977794943222,0,0.0,0.0,41.72,6.953333333333333,4.44315953648602,41.72,6.953333333333333,4.44315953648602,0.0,0.0,0.0,451759,75293.16666666667,38601.33576661132,451759,75293.16666666667,38601.33576661132,0,0.0,0.0,41519,6919.833333333333,2532.061722523104,41519,6919.833333333333,2532.061722523104,0,0.0,0.0,7020,1170.0,1193.7430209220072,7020,1170.0,1193.7430209220072,0,0.0,0.0,41516,6919.333333333333,1172.6023480560946,41516,6919.333333333333,1172.6023480560946,0,0.0,0.0,4381,730.1666666666666,386.6551004017233,4381,730.1666666666666,386.6551004017233,0,0.0,0.0,4882,813.6666666666666,805.2273384993002,4882,813.6666666666666,805.2273384993002,0,0.0,0.0,5113,852.1666666666666,372.0942980840565,5113,852.1666666666666,372.0942980840565,0,0.0,0.0,0.5,0.5,0.5,0.5,0.25,0.5,0.25,0.25,0.5,0.25,31.117812420138,17.465483588272782,7.787797346752059,25.596804708850115,17.465483588272782,31.117812420138,7.787797346752059,25.596804708850115,20.49197451600324,20.49197451600324,3.552713678800501e-15,16.250367009208595,13.449493865030677,14.849930437119635,16.250367009208595,13.449493865030677,14.849930437119635,0.0
tshiroko,marina,shun,hoshino,sayane,sshiroko,marina,tshiroko,shun,hoshino,sayane,sshiroko,1,blue,blue,dealer,ar,middle,0,yes,yes,no,,3,3.33,no,no,69289,6276,108,0.0609,5932,709,1239,733,100,2.46,0.5,1380,0.7798,650,100,100,0.35,1.0,200,0.0,0,15,3,hat,badge,wristwatch,yellow,red,tank,smg,front,1,yes,yes,no,,3,8.83,no,no,134170,3913,148,0.0816,6197,109,2219,518,520,2.0,0.8,1264,0.7583,350,100,100,0.35,1.0,200,0.0,0,20,4,shoes,badge,amulet,red,red,dealer,sr,back,1,no,yes,no,,3,2.47,yes,no,46867,10930,108,0.0609,5715,1128,201,1382,100,2.26,0.5,1980,0.8644,750,100,136,0.0,1.0,200,0.0,0,20,1,gloves,hairpin,wristwatch,yellow,yellow,tank,sg,front,2,no,yes,yes,self,4,7.63,no,no,111386,4757,2792,0.6262,7077,615,246,505,520,2.0,1.0,1948,0.8608,350,100,100,0.0,1.0,200,0.0,0,8,1,shoes,bag,amulet,yellow,red,tank,smg,front,1,yes,yes,no,,3,8.83,no,no,134170,3913,148,0.0816,6197,109,2219,518,520,2.0,0.8,1264,0.7583,350,100,100,0.35,1.0,200,0.0,0,20,4,shoes,badge,amulet,blue,blue,dealer,ar,middle,0,yes,yes,no,,3,3.33,no,no,69289,6276,108,0.0609,5932,709,1239,733,100,2.46,0.5,1380,0.7798,650,100,100,0.35,1.0,200,0.0,0,15,3,hat,badge,wristwatch,red,red,dealer,sr,back,1,no,yes,no,,3,2.47,yes,no,46867,10930,108,0.0609,5715,1128,201,1382,100,2.26,0.5,1980,0.8644,750,100,136,0.0,1.0,200,0.0,0,20,1,gloves,hairpin,wristwatch,yellow,yellow,tank,sg,front,2,no,yes,yes,self,4,7.63,no,no,111386,4757,2792,0.6262,7077,615,246,505,520,2.0,1.0,1948,0.8608,350,100,100,0.0,1.0,200,0.0,0,8,1,shoes,bag,amulet,yellow,red,support,1,no,yes,no,,4,14.53,no,46530,7493,1804,8526,1160,191,1241,2.26,2194,0.8869,100,100,0.0,1.0,gloves,bag,wristwatch,blue,support,2,yes,no,,3,4.93,yes,43517,8150,2060,8069,660,786,734,2.46,1582,0.8127,100,100,0.0,1.0,hat,bag,wristwatch,yellow,red,support,1,no,yes,no,4,14.53,no,46530,7493,1804,8526,1160,191,1241,2.26,2194,0.8869,100,100,0.0,1.0,gloves,bag,wristwatch,blue,support,2,yes,no,3,4.93,yes,43517,8150,2060,8069,660,786,734,2.46,1582,0.8127,100,100,0.0,1.0,hat,bag,wristwatch,1.1,0.45,1.3,0.75,0.8,0.0,1.0,0.3,1.3,0.75,1.1,0.45,0.8,0.0,1.0,0.3,1.0,0.3,0.8,0.0,1.0,0.3,0.8,0.0,20,3.333333333333333,0.5163977794943222,20,3.333333333333333,0.5163977794943222,0,0.0,0.0,41.72,6.953333333333333,4.44315953648602,41.72,6.953333333333333,4.44315953648602,0.0,0.0,0.0,451759,75293.16666666667,38601.33576661132,451759,75293.16666666667,38601.33576661132,0,0.0,0.0,41519,6919.833333333333,2532.061722523104,41519,6919.833333333333,2532.061722523104,0,0.0,0.0,7020,1170.0,1193.7430209220072,7020,1170.0,1193.7430209220072,0,0.0,0.0,41516,6919.333333333333,1172.6023480560946,41516,6919.333333333333,1172.6023480560946,0,0.0,0.0,4381,730.1666666666666,386.6551004017233,4381,730.1666666666666,386.6551004017233,0,0.0,0.0,4882,813.6666666666666,805.2273384993002,4882,813.6666666666666,805.2273384993002,0,0.0,0.0,5113,852.1666666666666,372.0942980840565,5113,852.1666666666666,372.0942980840565,0,0.0,0.0,0.5,0.5,0.5,0.5,0.25,0.5,0.25,0.25,0.5,0.25,31.117812420138,17.465483588272782,7.787797346752059,25.596804708850115,17.465483588272782,31.117812420138,7.787797346752059,25.596804708850115,20.49197451600324,20.49197451600324,3.552713678800501e-15,16.250367009208595,13.449493865030677,14.849930437119635,16.250367009208595,13.449493865030677,14.849930437119635,0.0
hoshino,tshiroko,marina,nymutsuki,sayane,sshiroko,marina,tshiroko,shun,hoshino,sayane,sshiroko,0,yellow,yellow,tank,sg,front,2,no,yes,yes,self,4,7.63,no,no,111386,4757,2792,0.6262,7077,615,246,505,520,2.0,1.0,1948,0.8608,350,100,100,0.0,1.0,200,0.0,0,8,1,shoes,bag,amulet,blue,blue,dealer,ar,middle,0,yes,yes,no,,3,3.33,no,no,69289,6276,108,0.0609,5932,709,1239,733,100,2.46,0.5,1380,0.7798,650,100,100,0.35,1.0,200,0.0,0,15,3,hat,badge,wristwatch,yellow,red,tank,smg,front,1,yes,yes,no,,3,8.83,no,no,134170,3913,148,0.0816,6197,109,2219,518,520,2.0,0.8,1264,0.7583,350,100,100,0.35,1.0,200,0.0,0,20,4,shoes,badge,amulet,blue,yellow,dealer,mg,back,1,no,yes,no,,2,4.67,no,no,62027,11562,418,0.2005,5939,324,640,1189,100,2.26,0.5,1328,0.7704,750,100,100,0.35,1.0,200,0.0,684,25,5,gloves,badge,wristwatch,yellow,red,tank,smg,front,1,yes,yes,no,,3,8.83,no,no,134170,3913,148,0.0816,6197,109,2219,518,520,2.0,0.8,1264,0.7583,350,100,100,0.35,1.0,200,0.0,0,20,4,shoes,badge,amulet,blue,blue,dealer,ar,middle,0,yes,yes,no,,3,3.33,no,no,69289,6276,108,0.0609,5932,709,1239,733,100,2.46,0.5,1380,0.7798,650,100,100,0.35,1.0,200,0.0,0,15,3,hat,badge,wristwatch,red,red,dealer,sr,back,1,no,yes,no,,3,2.47,yes,no,46867,10930,108,0.0609,5715,1128,201,1382,100,2.26,0.5,1980,0.8644,750,100,136,0.0,1.0,200,0.0,0,20,1,gloves,hairpin,wristwatch,yellow,yellow,tank,sg,front,2,no,yes,yes,self,4,7.63,no,no,111386,4757,2792,0.6262,7077,615,246,505,520,2.0,1.0,1948,0.8608,350,100,100,0.0,1.0,200,0.0,0,8,1,shoes,bag,amulet,yellow,red,support,1,no,yes,no,,4,14.53,no,46530,7493,1804,8526,1160,191,1241,2.26,2194,0.8869,100,100,0.0,1.0,gloves,bag,wristwatch,blue,support,2,yes,no,,3,4.93,yes,43517,8150,2060,8069,660,786,734,2.46,1582,0.8127,100,100,0.0,1.0,hat,bag,wristwatch,yellow,red,support,1,no,yes,no,4,14.53,no,46530,7493,1804,8526,1160,191,1241,2.26,2194,0.8869,100,100,0.0,1.0,gloves,bag,wristwatch,blue,support,2,yes,no,3,4.93,yes,43517,8150,2060,8069,660,786,734,2.46,1582,0.8127,100,100,0.0,1.0,hat,bag,wristwatch,1.0,0.3,1.1,0.45,1.3,0.75,1.0,0.3,1.3,0.75,1.1,0.45,0.8,0.0,1.0,0.3,1.0,0.3,0.8,0.0,1.0,0.3,0.8,0.0,19,3.1666666666666665,0.752772652709081,20,3.333333333333333,0.5163977794943222,1,0.1666666666666669,-0.2363748732147588,43.92,7.32,4.074677901380673,41.72,6.953333333333333,4.44315953648602,-2.200000000000003,-0.3666666666666671,0.368481635105347,466919,77819.83333333333,36823.78463665389,451759,75293.16666666667,38601.33576661132,-15160,-2526.666666666657,1777.5511299574357,42151,7025.166666666667,2737.092867746117,41519,6919.833333333333,2532.061722523104,-632,-105.33333333333394,-205.03114522301348,7330,1221.6666666666667,1144.2687912665742,7020,1170.0,1193.7430209220072,-310,-51.66666666666674,49.47422965543296,41740,6956.666666666667,1129.3585199867518,41516,6919.333333333333,1172.6023480560946,-224,-37.33333333333394,43.243828069342726,3577,596.1666666666666,359.5760930132406,4381,730.1666666666666,386.6551004017233,804,134.0,27.07900738848264,5321,886.8333333333334,756.9193924498609,4882,813.6666666666666,805.2273384993002,-439,-73.16666666666674,48.30794604943935,4920,820.0,322.1167490212206,5113,852.1666666666666,372.0942980840565,193,32.16666666666663,49.97754906283586,0.5,0.5,0.5,0.5,0.25,0.5,0.25,0.25,0.5,0.25,27.110624840276003,20.54017288081581,8.670539798719123,22.30058335085138,25.596804708850115,17.465483588272782,31.117812420138,9.480485642622384,19.655480217665577,20.915146589970824,1.2596663723052473,14.157730548511944,15.817193251533745,14.987461900022844,16.250367009208595,13.449493865030677,14.849930437119635,-0.1375314629032082
hoshino,iori,shun,tshiroko,nagisa,sshiroko,marina,shun,tshiroko,hoshino,sayane,sshiroko,0,yellow,yellow,tank,sg,front,2,no,yes,yes,self,4,7.63,no,no,111386,4757,2792,0.6262,7077,615,246,505,520,2.0,1.0,1948,0.8608,350,100,100,0.0,1.0,200,0.0,0,8,1,shoes,bag,amulet,yellow,yellow,dealer,sr,back,1,no,yes,no,,3,7.33,no,no,52713,8067,113,0.0635,5497,1491,194,824,100,2.46,0.5,2056,0.8728,650,100,136,0.0,1.0,200,0.0,0,5,1,hat,hairpin,wristwatch,red,red,dealer,sr,back,1,no,yes,no,,3,2.47,yes,no,46867,10930,108,0.0609,5715,1128,201,1382,100,2.26,0.5,1980,0.8644,750,100,136,0.0,1.0,200,0.0,0,20,1,gloves,hairpin,wristwatch,blue,blue,dealer,ar,middle,0,yes,yes,no,,3,3.33,no,no,69289,6276,108,0.0609,5932,709,1239,733,100,2.46,0.5,1380,0.7798,650,100,100,0.35,1.0,200,0.0,0,15,3,hat,badge,wristwatch,yellow,red,tank,smg,front,1,yes,yes,no,,3,8.83,no,no,134170,3913,148,0.0816,6197,109,2219,518,520,2.0,0.8,1264,0.7583,350,100,100,0.35,1.0,200,0.0,0,20,4,shoes,badge,amulet,red,red,dealer,sr,back,1,no,yes,no,,3,2.47,yes,no,46867,10930,108,0.0609,5715,1128,201,1382,100,2.26,0.5,1980,0.8644,750,100,136,0.0,1.0,200,0.0,0,20,1,gloves,hairpin,wristwatch,blue,blue,dealer,ar,middle,0,yes,yes,no,,3,3.33,no,no,69289,6276,108,0.0609,5932,709,1239,733,100,2.46,0.5,1380,0.7798,650,100,100,0.35,1.0,200,0.0,0,15,3,hat,badge,wristwatch,yellow,yellow,tank,sg,front,2,no,yes,yes,self,4,7.63,no,no,111386,4757,2792,0.6262,7077,615,246,505,520,2.0,1.0,1948,0.8608,350,100,100,0.0,1.0,200,0.0,0,8,1,shoes,bag,amulet,red,,support,1,,yes,yes,one,3,6.83,no,44099,7734,2061,11519,759,977,682,2.46,1132,0.731,100,100,0.0,1.0,hat,bag,wristwatch,blue,support,2,yes,no,,3,4.93,yes,43517,8150,2060,8069,660,786,734,2.46,1582,0.8127,100,100,0.0,1.0,hat,bag,wristwatch,yellow,red,support,1,no,yes,no,4,14.53,no,46530,7493,1804,8526,1160,191,1241,2.26,2194,0.8869,100,100,0.0,1.0,gloves,bag,wristwatch,blue,support,2,yes,no,3,4.93,yes,43517,8150,2060,8069,660,786,734,2.46,1582,0.8127,100,100,0.0,1.0,hat,bag,wristwatch,1.0,0.3,1.3,0.75,0.8,0.0,1.1,0.45,1.3,0.75,0.8,0.0,1.1,0.45,1.0,0.3,1.3,0.75,0.8,0.0,1.0,0.3,0.8,0.0,19,3.1666666666666665,0.4082482904638629,20,3.333333333333333,0.5163977794943222,1,0.1666666666666669,0.1081494890304592,32.52,5.419999999999999,2.183162843216236,41.72,6.953333333333333,4.44315953648602,9.200000000000005,1.533333333333334,2.2599966932697835,367871,61311.833333333336,26330.925638242697,451759,75293.16666666667,38601.33576661132,83888,13981.333333333336,12270.410128368623,45914,7652.333333333333,2071.0691602809084,41519,6919.833333333333,2532.061722523104,-4395,-732.5,460.9925622421956,7242,1207.0,1231.3884845977732,7020,1170.0,1193.7430209220072,-222,-37.0,-37.645463675766,43809,7301.5,2283.659147070771,41516,6919.333333333333,1172.6023480560946,-2293,-382.16666666666697,-1111.0567990146762,5362,893.6666666666666,345.3147356639544,4381,730.1666666666666,386.6551004017233,-981,-163.5,41.34036473776888,3643,607.1666666666666,454.77265382459694,4882,813.6666666666666,805.2273384993002,1239,206.5,350.4546846747033,4860,810.0,299.4975792890487,5113,852.1666666666666,372.0942980840565,253,42.16666666666663,72.59671879500775,0.75,0.25,0.5,0.5,0.5,0.25,0.25,0.25,0.5,0.25,15.657583695374392,7.459069075937786,16.320486775015933,12.879572209375656,25.596804708850115,15.094087021197472,7.787797346752058,17.465483588272786,13.07917793892594,16.486043166268104,3.4068652273421645,8.176714933938342,12.56777607361963,10.372245503778986,11.006028575122835,13.449493865030677,12.227761220076754,1.855515716297768
marina,shun,tshiroko,hoshino,nagisa,sshiroko,marina,shun,tshiroko,hoshino,sayane,sshiroko,0,yellow,red,tank,smg,front,1,yes,yes,no,,3,8.83,no,no,134170,3913,148,0.0816,6197,109,2219,518,520,2.0,0.8,1264,0.7583,350,100,100,0.35,1.0,200,0.0,0,20,4,shoes,badge,amulet,red,red,dealer,sr,back,1,no,yes,no,,3,2.47,yes,no,46867,10930,108,0.0609,5715,1128,201,1382,100,2.26,0.5,1980,0.8644,750,100,136,0.0,1.0,200,0.0,0,20,1,gloves,hairpin,wristwatch,blue,blue,dealer,ar,middle,0,yes,yes,no,,3,3.33,no,no,69289,6276,108,0.0609,5932,709,1239,733,100,2.46,0.5,1380,0.7798,650,100,100,0.35,1.0,200,0.0,0,15,3,hat,badge,wristwatch,yellow,yellow,tank,sg,front,2,no,yes,yes,self,4,7.63,no,no,111386,4757,2792,0.6262,7077,615,246,505,520,2.0,1.0,1948,0.8608,350,100,100,0.0,1.0,200,0.0,0,8,1,shoes,bag,amulet,yellow,red,tank,smg,front,1,yes,yes,no,,3,8.83,no,no,134170,3913,148,0.0816,6197,109,2219,518,520,2.0,0.8,1264,0.7583,350,100,100,0.35,1.0,200,0.0,0,20,4,shoes,badge,amulet,red,red,dealer,sr,back,1,no,yes,no,,3,2.47,yes,no,46867,10930,108,0.0609,5715,1128,201,1382,100,2.26,0.5,1980,0.8644,750,100,136,0.0,1.0,200,0.0,0,20,1,gloves,hairpin,wristwatch,blue,blue,dealer,ar,middle,0,yes,yes,no,,3,3.33,no,no,69289,6276,108,0.0609,5932,709,1239,733,100,2.46,0.5,1380,0.7798,650,100,100,0.35,1.0,200,0.0,0,15,3,hat,badge,wristwatch,yellow,yellow,tank,sg,front,2,no,yes,yes,self,4,7.63,no,no,111386,4757,2792,0.6262,7077,615,246,505,520,2.0,1.0,1948,0.8608,350,100,100,0.0,1.0,200,0.0,0,8,1,shoes,bag,amulet,red,,support,1,,yes,yes,one,3,6.83,no,44099,7734,2061,11519,759,977,682,2.46,1132,0.731,100,100,0.0,1.0,hat,bag,wristwatch,blue,support,2,yes,no,,3,4.93,yes,43517,8150,2060,8069,660,786,734,2.46,1582,0.8127,100,100,0.0,1.0,hat,bag,wristwatch,yellow,red,support,1,no,yes,no,4,14.53,no,46530,7493,1804,8526,1160,191,1241,2.26,2194,0.8869,100,100,0.0,1.0,gloves,bag,wristwatch,blue,support,2,yes,no,3,4.93,yes,43517,8150,2060,8069,660,786,734,2.46,1582,0.8127,100,100,0.0,1.0,hat,bag,wristwatch,1.3,0.75,0.8,0.0,1.1,0.45,1.0,0.3,1.3,0.75,0.8,0.0,1.1,0.45,1.0,0.3,1.3,0.75,0.8,0.0,1.0,0.3,0.8,0.0,19,3.1666666666666665,0.4082482904638629,20,3.333333333333333,0.5163977794943222,1,0.1666666666666669,0.1081494890304592,34.02,5.670000000000001,2.5074289621044104,41.72,6.953333333333333,4.44315953648602,7.699999999999996,1.2833333333333323,1.9357305743816091,449328,74888.0,38974.5735884307,451759,75293.16666666667,38601.33576661132,2431,405.1666666666715,-373.23782181937713,41760,6960.0,2544.8516656182537,41519,6919.833333333333,2532.061722523104,-241,-40.16666666666697,-12.789943095149738,7277,1212.8333333333333,1225.2370246881485,7020,1170.0,1193.7430209220072,-257,-42.83333333333326,-31.494003766141304,44509,7418.166666666667,2188.9508369688588,41516,6919.333333333333,1172.6023480560946,-2993,-498.83333333333394,-1016.3484889127642,3980,663.3333333333334,327.6538824226972,4381,730.1666666666666,386.6551004017233,401,66.83333333333326,59.00121797902602,5668,944.6666666666666,745.3795453771634,4882,813.6666666666666,805.2273384993002,-786,-131.0,59.84779312213686,4554,759.0,321.8558683634648,5113,852.1666666666666,372.0942980840565,559,93.16666666666664,50.238429720591625,0.5,0.5,0.5,0.5,0.25,0.5,0.25,0.25,0.5,0.25,31.117812420138,7.787797346752058,17.465483588272786,25.596804708850115,31.117812420138,7.787797346752058,17.465483588272786,25.596804708850115,20.49197451600324,20.49197451600324,0.0,16.250367009208595,13.449493865030677,14.849930437119635,11.006028575122835,13.449493865030677,12.227761220076754,-2.622169217042881
marina,shun,tshiroko,hoshino,nagisa,sshiroko,marina,shun,tshiroko,hoshino,sayane,sshiroko,0,yellow,red,tank,smg,front,1,yes,yes,no,,3,8.83,no,no,134170,3913,148,0.0816,6197,109,2219,518,520,2.0,0.8,1264,0.7583,350,100,100,0.35,1.0,200,0.0,0,20,4,shoes,badge,amulet,red,red,dealer,sr,back,1,no,yes,no,,3,2.47,yes,no,46867,10930,108,0.0609,5715,1128,201,1382,100,2.26,0.5,1980,0.8644,750,100,136,0.0,1.0,200,0.0,0,20,1,gloves,hairpin,wristwatch,blue,blue,dealer,ar,middle,0,yes,yes,no,,3,3.33,no,no,69289,6276,108,0.0609,5932,709,1239,733,100,2.46,0.5,1380,0.7798,650,100,100,0.35,1.0,200,0.0,0,15,3,hat,badge,wristwatch,yellow,yellow,tank,sg,front,2,no,yes,yes,self,4,7.63,no,no,111386,4757,2792,0.6262,7077,615,246,505,520,2.0,1.0,1948,0.8608,350,100,100,0.0,1.0,200,0.0,0,8,1,shoes,bag,amulet,yellow,red,tank,smg,front,1,yes,yes,no,,3,8.83,no,no,134170,3913,148,0.0816,6197,109,2219,518,520,2.0,0.8,1264,0.7583,350,100,100,0.35,1.0,200,0.0,0,20,4,shoes,badge,amulet,red,red,dealer,sr,back,1,no,yes,no,,3,2.47,yes,no,46867,10930,108,0.0609,5715,1128,201,1382,100,2.26,0.5,1980,0.8644,750,100,136,0.0,1.0,200,0.0,0,20,1,gloves,hairpin,wristwatch,blue,blue,dealer,ar,middle,0,yes,yes,no,,3,3.33,no,no,69289,6276,108,0.0609,5932,709,1239,733,100,2.46,0.5,1380,0.7798,650,100,100,0.35,1.0,200,0.0,0,15,3,hat,badge,wristwatch,yellow,yellow,tank,sg,front,2,no,yes,yes,self,4,7.63,no,no,111386,4757,2792,0.6262,7077,615,246,505,520,2.0,1.0,1948,0.8608,350,100,100,0.0,1.0,200,0.0,0,8,1,shoes,bag,amulet,red,,support,1,,yes,yes,one,3,6.83,no,44099,7734,2061,11519,759,977,682,2.46,1132,0.731,100,100,0.0,1.0,hat,bag,wristwatch,blue,support,2,yes,no,,3,4.93,yes,43517,8150,2060,8069,660,786,734,2.46,1582,0.8127,100,100,0.0,1.0,hat,bag,wristwatch,yellow,red,support,1,no,yes,no,4,14.53,no,46530,7493,1804,8526,1160,191,1241,2.26,2194,0.8869,100,100,0.0,1.0,gloves,bag,wristwatch,blue,support,2,yes,no,3,4.93,yes,43517,8150,2060,8069,660,786,734,2.46,1582,0.8127,100,100,0.0,1.0,hat,bag,wristwatch,1.3,0.75,0.8,0.0,1.1,0.45,1.0,0.3,1.3,0.75,0.8,0.0,1.1,0.45,1.0,0.3,1.3,0.75,0.8,0.0,1.0,0.3,0.8,0.0,19,3.1666666666666665,0.4082482904638629,20,3.333333333333333,0.5163977794943222,1,0.1666666666666669,0.1081494890304592,34.02,5.670000000000001,2.5074289621044104,41.72,6.953333333333333,4.44315953648602,7.699999999999996,1.2833333333333323,1.9357305743816091,449328,74888.0,38974.5735884307,451759,75293.16666666667,38601.33576661132,2431,405.1666666666715,-373.23782181937713,41760,6960.0,2544.8516656182537,41519,6919.833333333333,2532.061722523104,-241,-40.16666666666697,-12.789943095149738,7277,1212.8333333333333,1225.2370246881485,7020,1170.0,1193.7430209220072,-257,-42.83333333333326,-31.494003766141304,44509,7418.166666666667,2188.9508369688588,41516,6919.333333333333,1172.6023480560946,-2993,-498.83333333333394,-1016.3484889127642,3980,663.3333333333334,327.6538824226972,4381,730.1666666666666,386.6551004017233,401,66.83333333333326,59.00121797902602,5668,944.6666666666666,745.3795453771634,4882,813.6666666666666,805.2273384993002,-786,-131.0,59.84779312213686,4554,759.0,321.8558683634648,5113,852.1666666666666,372.0942980840565,559,93.16666666666664,50.238429720591625,0.5,0.5,0.5,0.5,0.25,0.5,0.25,0.25,0.5,0.25,31.117812420138,7.787797346752058,17.465483588272786,25.596804708850115,31.117812420138,7.787797346752058,17.465483588272786,25.596804708850115,20.49197451600324,20.49197451600324,0.0,16.250367009208595,13.449493865030677,14.849930437119635,11.006028575122835,13.449493865030677,12.227761220076754,-2.622169217042881
marina,shun,tshiroko,hoshino,nagisa,sshiroko,marina,shun,tshiroko,hoshino,sayane,sshiroko,0,yellow,red,tank,smg,front,1,yes,yes,no,,3,8.83,no,no,134170,3913,148,0.0816,6197,109,2219,518,520,2.0,0.8,1264,0.7583,350,100,100,0.35,1.0,200,0.0,0,20,4,shoes,badge,amulet,red,red,dealer,sr,back,1,no,yes,no,,3,2.47,yes,no,46867,10930,108,0.0609,5715,1128,201,1382,100,2.26,0.5,1980,0.8644,750,100,136,0.0,1.0,200,0.0,0,20,1,gloves,hairpin,wristwatch,blue,blue,dealer,ar,middle,0,yes,yes,no,,3,3.33,no,no,69289,6276,108,0.0609,5932,709,1239,733,100,2.46,0.5,1380,0.7798,650,100,100,0.35,1.0,200,0.0,0,15,3,hat,badge,wristwatch,yellow,yellow,tank,sg,front,2,no,yes,yes,self,4,7.63,no,no,111386,4757,2792,0.6262,7077,615,246,505,520,2.0,1.0,1948,0.8608,350,100,100,0.0,1.0,200,0.0,0,8,1,shoes,bag,amulet,yellow,red,tank,smg,front,1,yes,yes,no,,3,8.83,no,no,134170,3913,148,0.0816,6197,109,2219,518,520,2.0,0.8,1264,0.7583,350,100,100,0.35,1.0,200,0.0,0,20,4,shoes,badge,amulet,red,red,dealer,sr,back,1,no,yes,no,,3,2.47,yes,no,46867,10930,108,0.0609,5715,1128,201,1382,100,2.26,0.5,1980,0.8644,750,100,136,0.0,1.0,200,0.0,0,20,1,gloves,hairpin,wristwatch,blue,blue,dealer,ar,middle,0,yes,yes,no,,3,3.33,no,no,69289,6276,108,0.0609,5932,709,1239,733,100,2.46,0.5,1380,0.7798,650,100,100,0.35,1.0,200,0.0,0,15,3,hat,badge,wristwatch,yellow,yellow,tank,sg,front,2,no,yes,yes,self,4,7.63,no,no,111386,4757,2792,0.6262,7077,615,246,505,520,2.0,1.0,1948,0.8608,350,100,100,0.0,1.0,200,0.0,0,8,1,shoes,bag,amulet,red,,support,1,,yes,yes,one,3,6.83,no,44099,7734,2061,11519,759,977,682,2.46,1132,0.731,100,100,0.0,1.0,hat,bag,wristwatch,blue,support,2,yes,no,,3,4.93,yes,43517,8150,2060,8069,660,786,734,2.46,1582,0.8127,100,100,0.0,1.0,hat,bag,wristwatch,yellow,red,support,1,no,yes,no,4,14.53,no,46530,7493,1804,8526,1160,191,1241,2.26,2194,0.8869,100,100,0.0,1.0,gloves,bag,wristwatch,blue,support,2,yes,no,3,4.93,yes,43517,8150,2060,8069,660,786,734,2.46,1582,0.8127,100,100,0.0,1.0,hat,bag,wristwatch,1.3,0.75,0.8,0.0,1.1,0.45,1.0,0.3,1.3,0.75,0.8,0.0,1.1,0.45,1.0,0.3,1.3,0.75,0.8,0.0,1.0,0.3,0.8,0.0,19,3.1666666666666665,0.4082482904638629,20,3.333333333333333,0.5163977794943222,1,0.1666666666666669,0.1081494890304592,34.02,5.670000000000001,2.5074289621044104,41.72,6.953333333333333,4.44315953648602,7.699999999999996,1.2833333333333323,1.9357305743816091,449328,74888.0,38974.5735884307,451759,75293.16666666667,38601.33576661132,2431,405.1666666666715,-373.23782181937713,41760,6960.0,2544.8516656182537,41519,6919.833333333333,2532.061722523104,-241,-40.16666666666697,-12.789943095149738,7277,1212.8333333333333,1225.2370246881485,7020,1170.0,1193.7430209220072,-257,-42.83333333333326,-31.494003766141304,44509,7418.166666666667,2188.9508369688588,41516,6919.333333333333,1172.6023480560946,-2993,-498.83333333333394,-1016.3484889127642,3980,663.3333333333334,327.6538824226972,4381,730.1666666666666,386.6551004017233,401,66.83333333333326,59.00121797902602,5668,944.6666666666666,745.3795453771634,4882,813.6666666666666,805.2273384993002,-786,-131.0,59.84779312213686,4554,759.0,321.8558683634648,5113,852.1666666666666,372.0942980840565,559,93.16666666666664,50.238429720591625,0.5,0.5,0.5,0.5,0.25,0.5,0.25,0.25,0.5,0.25,31.117812420138,7.787797346752058,17.465483588272786,25.596804708850115,31.117812420138,7.787797346752058,17.465483588272786,25.596804708850115,20.49197451600324,20.49197451600324,0.0,16.250367009208595,13.449493865030677,14.849930437119635,11.006028575122835,13.449493865030677,12.227761220076754,-2.622169217042881
marina,shun,tshiroko,hoshino,nagisa,sshiroko,marina,shun,tshiroko,hoshino,sayane,sshiroko,1,yellow,red,tank,smg,front,1,yes,yes,no,,3,8.83,no,no,134170,3913,148,0.0816,6197,109,2219,518,520,2.0,0.8,1264,0.7583,350,100,100,0.35,1.0,200,0.0,0,20,4,shoes,badge,amulet,red,red,dealer,sr,back,1,no,yes,no,,3,2.47,yes,no,46867,10930,108,0.0609,5715,1128,201,1382,100,2.26,0.5,1980,0.8644,750,100,136,0.0,1.0,200,0.0,0,20,1,gloves,hairpin,wristwatch,blue,blue,dealer,ar,middle,0,yes,yes,no,,3,3.33,no,no,69289,6276,108,0.0609,5932,709,1239,733,100,2.46,0.5,1380,0.7798,650,100,100,0.35,1.0,200,0.0,0,15,3,hat,badge,wristwatch,yellow,yellow,tank,sg,front,2,no,yes,yes,self,4,7.63,no,no,111386,4757,2792,0.6262,7077,615,246,505,520,2.0,1.0,1948,0.8608,350,100,100,0.0,1.0,200,0.0,0,8,1,shoes,bag,amulet,yellow,red,tank,smg,front,1,yes,yes,no,,3,8.83,no,no,134170,3913,148,0.0816,6197,109,2219,518,520,2.0,0.8,1264,0.7583,350,100,100,0.35,1.0,200,0.0,0,20,4,shoes,badge,amulet,red,red,dealer,sr,back,1,no,yes,no,,3,2.47,yes,no,46867,10930,108,0.0609,5715,1128,201,1382,100,2.26,0.5,1980,0.8644,750,100,136,0.0,1.0,200,0.0,0,20,1,gloves,hairpin,wristwatch,blue,blue,dealer,ar,middle,0,yes,yes,no,,3,3.33,no,no,69289,6276,108,0.0609,5932,709,1239,733,100,2.46,0.5,1380,0.7798,650,100,100,0.35,1.0,200,0.0,0,15,3,hat,badge,wristwatch,yellow,yellow,tank,sg,front,2,no,yes,yes,self,4,7.63,no,no,111386,4757,2792,0.6262,7077,615,246,505,520,2.0,1.0,1948,0.8608,350,100,100,0.0,1.0,200,0.0,0,8,1,shoes,bag,amulet,red,,support,1,,yes,yes,one,3,6.83,no,44099,7734,2061,11519,759,977,682,2.46,1132,0.731,100,100,0.0,1.0,hat,bag,wristwatch,blue,support,2,yes,no,,3,4.93,yes,43517,8150,2060,8069,660,786,734,2.46,1582,0.8127,100,100,0.0,1.0,hat,bag,wristwatch,yellow,red,support,1,no,yes,no,4,14.53,no,46530,7493,1804,8526,1160,191,1241,2.26,2194,0.8869,100,100,0.0,1.0,gloves,bag,wristwatch,blue,support,2,yes,no,3,4.93,yes,43517,8150,2060,8069,660,786,734,2.46,1582,0.8127,100,100,0.0,1.0,hat,bag,wristwatch,1.3,0.75,0.8,0.0,1.1,0.45,1.0,0.3,1.3,0.75,0.8,0.0,1.1,0.45,1.0,0.3,1.3,0.75,0.8,0.0,1.0,0.3,0.8,0.0,19,3.1666666666666665,0.4082482904638629,20,3.333333333333333,0.5163977794943222,1,0.1666666666666669,0.1081494890304592,34.02,5.670000000000001,2.5074289621044104,41.72,6.953333333333333,4.44315953648602,7.699999999999996,1.2833333333333323,1.9357305743816091,449328,74888.0,38974.5735884307,451759,75293.16666666667,38601.33576661132,2431,405.1666666666715,-373.23782181937713,41760,6960.0,2544.8516656182537,41519,6919.833333333333,2532.061722523104,-241,-40.16666666666697,-12.789943095149738,7277,1212.8333333333333,1225.2370246881485,7020,1170.0,1193.7430209220072,-257,-42.83333333333326,-31.494003766141304,44509,7418.166666666667,2188.9508369688588,41516,6919.333333333333,1172.6023480560946,-2993,-498.83333333333394,-1016.3484889127642,3980,663.3333333333334,327.6538824226972,4381,730.1666666666666,386.6551004017233,401,66.83333333333326,59.00121797902602,5668,944.6666666666666,745.3795453771634,4882,813.6666666666666,805.2273384993002,-786,-131.0,59.84779312213686,4554,759.0,321.8558683634648,5113,852.1666666666666,372.0942980840565,559,93.16666666666664,50.238429720591625,0.5,0.5,0.5,0.5,0.25,0.5,0.25,0.25,0.5,0.25,31.117812420138,7.787797346752058,17.465483588272786,25.596804708850115,31.117812420138,7.787797346752058,17.465483588272786,25.596804708850115,20.49197451600324,20.49197451600324,0.0,16.250367009208595,13.449493865030677,14.849930437119635,11.006028575122835,13.449493865030677,12.227761220076754,-2.622169217042881
marina,iori,shun,tshiroko,nagisa,sshiroko,hoshino,shun,tshiroko,marina,sayane,sshiroko,1,yellow,red,tank,smg,front,1,yes,yes,no,,3,8.83,no,no,134170,3913,148,0.0816,6197,109,2219,518,520,2.0,0.8,1264,0.7583,350,100,100,0.35,1.0,200,0.0,0,20,4,shoes,badge,amulet,yellow,yellow,dealer,sr,back,1,no,yes,no,,3,7.33,no,no,52713,8067,113,0.0635,5497,1491,194,824,100,2.46,0.5,2056,0.8728,650,100,136,0.0,1.0,200,0.0,0,5,1,hat,hairpin,wristwatch,red,red,dealer,sr,back,1,no,yes,no,,3,2.47,yes,no,46867,10930,108,0.0609,5715,1128,201,1382,100,2.26,0.5,1980,0.8644,750,100,136,0.0,1.0,200,0.0,0,20,1,gloves,hairpin,wristwatch,blue,blue,dealer,ar,middle,0,yes,yes,no,,3,3.33,no,no,69289,6276,108,0.0609,5932,709,1239,733,100,2.46,0.5,1380,0.7798,650,100,100,0.35,1.0,200,0.0,0,15,3,hat,badge,wristwatch,yellow,yellow,tank,sg,front,2,no,yes,yes,self,4,7.63,no,no,111386,4757,2792,0.6262,7077,615,246,505,520,2.0,1.0,1948,0.8608,350,100,100,0.0,1.0,200,0.0,0,8,1,shoes,bag,amulet,red,red,dealer,sr,back,1,no,yes,no,,3,2.47,yes,no,46867,10930,108,0.0609,5715,1128,201,1382,100,2.26,0.5,1980,0.8644,750,100,136,0.0,1.0,200,0.0,0,20,1,gloves,hairpin,wristwatch,blue,blue,dealer,ar,middle,0,yes,yes,no,,3,3.33,no,no,69289,6276,108,0.0609,5932,709,1239,733,100,2.46,0.5,1380,0.7798,650,100,100,0.35,1.0,200,0.0,0,15,3,hat,badge,wristwatch,yellow,red,tank,smg,front,1,yes,yes,no,,3,8.83,no,no,134170,3913,148,0.0816,6197,109,2219,518,520,2.0,0.8,1264,0.7583,350,100,100,0.35,1.0,200,0.0,0,20,4,shoes,badge,amulet,red,,support,1,,yes,yes,one,3,6.83,no,44099,7734,2061,11519,759,977,682,2.46,1132,0.731,100,100,0.0,1.0,hat,bag,wristwatch,blue,support,2,yes,no,,3,4.93,yes,43517,8150,2060,8069,660,786,734,2.46,1582,0.8127,100,100,0.0,1.0,hat,bag,wristwatch,yellow,red,support,1,no,yes,no,4,14.53,no,46530,7493,1804,8526,1160,191,1241,2.26,2194,0.8869,100,100,0.0,1.0,gloves,bag,wristwatch,blue,support,2,yes,no,3,4.93,yes,43517,8150,2060,8069,660,786,734,2.46,1582,0.8127,100,100,0.0,1.0,hat,bag,wristwatch,1.3,0.75,1.3,0.75,0.8,0.0,1.1,0.45,1.0,0.3,0.8,0.0,1.1,0.45,1.3,0.75,1.3,0.75,0.8,0.0,1.0,0.3,0.8,0.0,18,3.0,0.0,20,3.333333333333333,0.5163977794943222,2,0.3333333333333335,0.5163977794943222,33.72,5.62,2.4631280924872745,41.72,6.953333333333333,4.44315953648602,8.0,1.333333333333333,1.9800314439987448,390655,65109.16666666666,35159.52236545125,451759,75293.16666666667,38601.33576661132,61104,10184.000000000007,3441.8134011600705,45070,7511.666666666667,2320.6711672847287,41519,6919.833333333333,2532.061722523104,-3551,-591.8333333333339,211.39055523837533,4598,766.3333333333334,1002.5688338795828,7020,1170.0,1193.7430209220072,2422,403.6666666666666,191.17418704242448,42929,7154.833333333333,2328.774305652368,41516,6919.333333333333,1172.6023480560946,-1413,-235.5,-1156.1719575962732,4856,809.3333333333334,467.2441189214336,4381,730.1666666666666,386.6551004017233,-475,-79.16666666666674,-80.5890185197103,5616,936.0,755.3632238863631,4882,813.6666666666666,805.2273384993002,-734,-122.33333333333336,49.8641146129371,4873,812.1666666666666,296.88544367595165,5113,852.1666666666666,372.0942980840565,240,40.0,75.20885440810486,0.75,0.25,0.5,0.5,0.5,0.25,0.25,0.25,0.5,0.25,24.05505045196552,6.445779963403477,12.791089069471,29.243515205724503,31.117812420138,15.09408702119747,7.787797346752058,17.465483588272782,18.133858672641125,17.866295094090077,-0.2675635785510479,15.271570132123315,9.849923312883435,12.560746722503376,11.006028575122835,13.449493865030677,12.227761220076754,-0.3329855024266219
hoshino,tshiroko,iori,haruka,nagisa,sshiroko,hoshino,shun,tshiroko,marina,sayane,sshiroko,1,yellow,yellow,tank,sg,front,2,no,yes,yes,self,4,7.63,no,no,111386,4757,2792,0.6262,7077,615,246,505,520,2.0,1.0,1948,0.8608,350,100,100,0.0,1.0,200,0.0,0,8,1,shoes,bag,amulet,blue,blue,dealer,ar,middle,0,yes,yes,no,,3,3.33,no,no,69289,6276,108,0.0609,5932,709,1239,733,100,2.46,0.5,1380,0.7798,650,100,100,0.35,1.0,200,0.0,0,15,3,hat,badge,wristwatch,yellow,yellow,dealer,sr,back,1,no,yes,no,,3,7.33,no,no,52713,8067,113,0.0635,5497,1491,194,824,100,2.46,0.5,2056,0.8728,650,100,136,0.0,1.0,200,0.0,0,5,1,hat,hairpin,wristwatch,red,red,tank,sg,front,1,no,yes,no,,4,5.67,no,no,150581,3216,2700,0.6183,5596,593,237,497,520,2.0,0.8,2020,0.8689,350,100,100,0.0,1.0,200,0.0,0,8,1,shoes,bag,amulet,yellow,yellow,tank,sg,front,2,no,yes,yes,self,4,7.63,no,no,111386,4757,2792,0.6262,7077,615,246,505,520,2.0,1.0,1948,0.8608,350,100,100,0.0,1.0,200,0.0,0,8,1,shoes,bag,amulet,red,red,dealer,sr,back,1,no,yes,no,,3,2.47,yes,no,46867,10930,108,0.0609,5715,1128,201,1382,100,2.26,0.5,1980,0.8644,750,100,136,0.0,1.0,200,0.0,0,20,1,gloves,hairpin,wristwatch,blue,blue,dealer,ar,middle,0,yes,yes,no,,3,3.33,no,no,69289,6276,108,0.0609,5932,709,1239,733,100,2.46,0.5,1380,0.7798,650,100,100,0.35,1.0,200,0.0,0,15,3,hat,badge,wristwatch,yellow,red,tank,smg,front,1,yes,yes,no,,3,8.83,no,no,134170,3913,148,0.0816,6197,109,2219,518,520,2.0,0.8,1264,0.7583,350,100,100,0.35,1.0,200,0.0,0,20,4,shoes,badge,amulet,red,,support,1,,yes,yes,one,3,6.83,no,44099,7734,2061,11519,759,977,682,2.46,1132,0.731,100,100,0.0,1.0,hat,bag,wristwatch,blue,support,2,yes,no,,3,4.93,yes,43517,8150,2060,8069,660,786,734,2.46,1582,0.8127,100,100,0.0,1.0,hat,bag,wristwatch,yellow,red,support,1,no,yes,no,4,14.53,no,46530,7493,1804,8526,1160,191,1241,2.26,2194,0.8869,100,100,0.0,1.0,gloves,bag,wristwatch,blue,support,2,yes,no,3,4.93,yes,43517,8150,2060,8069,660,786,734,2.46,1582,0.8127,100,100,0.0,1.0,hat,bag,wristwatch,1.0,0.3,1.1,0.45,1.3,0.75,1.1,0.45,1.0,0.3,0.8,0.0,1.1,0.45,1.3,0.75,1.3,0.75,0.8,0.0,1.0,0.3,0.8,0.0,20,3.333333333333333,0.5163977794943222,20,3.333333333333333,0.5163977794943222,0,0.0,0.0,35.72,5.953333333333333,1.6422139527682336,41.72,6.953333333333333,4.44315953648602,6.0,1.0,2.800945583717786,471585,78597.5,43437.66453091142,451759,75293.16666666667,38601.33576661132,-19826,-3304.3333333333285,-4836.328764300095,38200,6366.666666666667,2023.2132528892416,41519,6919.833333333333,2532.061722523104,3319,553.1666666666661,508.8484696338624,9834,1639.0,1223.363560026209,7020,1170.0,1193.7430209220072,-2814,-469.0,-29.620539104201725,43690,7281.666666666667,2300.6470104443806,41516,6919.333333333333,1172.6023480560946,-2174,-362.33333333333394,-1128.044662388286,4827,804.5,341.7588330972588,4381,730.1666666666666,386.6551004017233,-446,-74.33333333333337,44.89626730446446,3679,613.1666666666666,448.5369178414043,4882,813.6666666666666,805.2273384993002,1203,200.5,356.6904206578959,3975,662.5,133.22274580566187,5113,852.1666666666666,372.0942980840565,1138,189.66666666666663,238.87155227839463,0.5,0.5,0.5,0.5,0.25,0.5,0.25,0.25,0.5,0.25,23.780770443556865,8.64518526989936,20.45186026131294,28.910075389726558,25.596804708850115,17.465483588272782,15.09408702119747,26.467856032338307,20.44697284112393,21.156057837664665,0.7090849965407351,15.09744094488189,15.749187116564418,15.423314030723157,11.006028575122835,13.449493865030677,12.227761220076754,-3.195552810646401
reisa,tshiroko,shun,marina,sayane,sshiroko,hoshino,shun,tshiroko,marina,sayane,sshiroko,0,yellow,yellow,tank,sg,front,1,no,yes,yes,self,3,4.93,no,yes,122892,5025,2597,0.6091,8080,655,217,518,520,2.0,0.8,1812,0.8444,350,100,100,0.0,1.0,200,0.0,0,8,2,shoes,bag,amulet,blue,blue,dealer,ar,middle,0,yes,yes,no,,3,3.33,no,no,69289,6276,108,0.0609,5932,709,1239,733,100,2.46,0.5,1380,0.7798,650,100,100,0.35,1.0,200,0.0,0,15,3,hat,badge,wristwatch,red,red,dealer,sr,back,1,no,yes,no,,3,2.47,yes,no,46867,10930,108,0.0609,5715,1128,201,1382,100,2.26,0.5,1980,0.8644,750,100,136,0.0,1.0,200,0.0,0,20,1,gloves,hairpin,wristwatch,yellow,red,tank,smg,front,1,yes,yes,no,,3,8.83,no,no,134170,3913,148,0.0816,6197,109,2219,518,520,2.0,0.8,1264,0.7583,350,100,100,0.35,1.0,200,0.0,0,20,4,shoes,badge,amulet,yellow,yellow,tank,sg,front,2,no,yes,yes,self,4,7.63,no,no,111386,4757,2792,0.6262,7077,615,246,505,520,2.0,1.0,1948,0.8608,350,100,100,0.0,1.0,200,0.0,0,8,1,shoes,bag,amulet,red,red,dealer,sr,back,1,no,yes,no,,3,2.47,yes,no,46867,10930,108,0.0609,5715,1128,201,1382,100,2.26,0.5,1980,0.8644,750,100,136,0.0,1.0,200,0.0,0,20,1,gloves,hairpin,wristwatch,blue,blue,dealer,ar,middle,0,yes,yes,no,,3,3.33,no,no,69289,6276,108,0.0609,5932,709,1239,733,100,2.46,0.5,1380,0.7798,650,100,100,0.35,1.0,200,0.0,0,15,3,hat,badge,wristwatch,yellow,red,tank,smg,front,1,yes,yes,no,,3,8.83,no,no,134170,3913,148,0.0816,6197,109,2219,518,520,2.0,0.8,1264,0.7583,350,100,100,0.35,1.0,200,0.0,0,20,4,shoes,badge,amulet,yellow,red,support,1,no,yes,no,,4,14.53,no,46530,7493,1804,8526,1160,191,1241,2.26,2194,0.8869,100,100,0.0,1.0,gloves,bag,wristwatch,blue,support,2,yes,no,,3,4.93,yes,43517,8150,2060,8069,660,786,734,2.46,1582,0.8127,100,100,0.0,1.0,hat,bag,wristwatch,yellow,red,support,1,no,yes,no,4,14.53,no,46530,7493,1804,8526,1160,191,1241,2.26,2194,0.8869,100,100,0.0,1.0,gloves,bag,wristwatch,blue,support,2,yes,no,3,4.93,yes,43517,8150,2060,8069,660,786,734,2.46,1582,0.8127,100,100,0.0,1.0,hat,bag,wristwatch,1.3,0.75,1.1,0.45,0.8,0.0,1.3,0.75,1.0,0.3,0.8,0.0,1.1,0.45,1.3,0.75,1.0,0.3,0.8,0.0,1.0,0.3,0.8,0.0,19,3.1666666666666665,0.408248290463863,20,3.333333333333333,0.5163977794943222,1,0.1666666666666669,0.1081494890304591,39.02,6.503333333333334,4.497317719115102,41.72,6.953333333333333,4.44315953648602,2.699999999999996,0.4499999999999993,-0.0541581826290826,463265,77210.83333333333,40966.34535526286,451759,75293.16666666667,38601.33576661132,-11506,-1917.666666666657,-2365.009588651541,41787,6964.5,2488.262747380188,41519,6919.833333333333,2532.061722523104,-268,-44.66666666666697,43.79897514291633,6825,1137.5,1142.2976407224169,7020,1170.0,1193.7430209220072,195,32.5,51.44538019959032,42519,7086.5,1267.2491073186834,41516,6919.333333333333,1172.6023480560946,-1003,-167.16666666666697,-94.64675926258884,4421,736.8333333333334,384.6117089567954,4381,730.1666666666666,386.6551004017233,-40,-6.666666666666743,2.043391444927863,4853,808.8333333333334,809.3924676364777,4882,813.6666666666666,805.2273384993002,29,4.8333333333332575,-4.165129137177473,5126,854.3333333333334,369.6986159923603,5113,852.1666666666666,372.0942980840565,-13,-2.1666666666667425,2.3956820916961874,0.5,0.5,0.5,0.5,0.25,0.5,0.25,0.25,0.5,0.25,25.89914862308177,8.05097209515096,18.38215025493945,31.48536928188091,24.231641791044776,17.465483588272782,7.787797346752058,31.117812420138,20.954410063763277,20.1506837865519,-0.8037262772113714,16.442312825303617,14.15538343558282,15.298848130443218,16.250367009208595,13.449493865030677,14.849930437119635,-0.4489176933235832
reisa,tshiroko,shun,marina,sayane,sshiroko,hoshino,shun,tshiroko,marina,sayane,sshiroko,1,yellow,yellow,tank,sg,front,1,no,yes,yes,self,3,4.93,no,yes,122892,5025,2597,0.6091,8080,655,217,518,520,2.0,0.8,1812,0.8444,350,100,100,0.0,1.0,200,0.0,0,8,2,shoes,bag,amulet,blue,blue,dealer,ar,middle,0,yes,yes,no,,3,3.33,no,no,69289,6276,108,0.0609,5932,709,1239,733,100,2.46,0.5,1380,0.7798,650,100,100,0.35,1.0,200,0.0,0,15,3,hat,badge,wristwatch,red,red,dealer,sr,back,1,no,yes,no,,3,2.47,yes,no,46867,10930,108,0.0609,5715,1128,201,1382,100,2.26,0.5,1980,0.8644,750,100,136,0.0,1.0,200,0.0,0,20,1,gloves,hairpin,wristwatch,yellow,red,tank,smg,front,1,yes,yes,no,,3,8.83,no,no,134170,3913,148,0.0816,6197,109,2219,518,520,2.0,0.8,1264,0.7583,350,100,100,0.35,1.0,200,0.0,0,20,4,shoes,badge,amulet,yellow,yellow,tank,sg,front,2,no,yes,yes,self,4,7.63,no,no,111386,4757,2792,0.6262,7077,615,246,505,520,2.0,1.0,1948,0.8608,350,100,100,0.0,1.0,200,0.0,0,8,1,shoes,bag,amulet,red,red,dealer,sr,back,1,no,yes,no,,3,2.47,yes,no,46867,10930,108,0.0609,5715,1128,201,1382,100,2.26,0.5,1980,0.8644,750,100,136,0.0,1.0,200,0.0,0,20,1,gloves,hairpin,wristwatch,blue,blue,dealer,ar,middle,0,yes,yes,no,,3,3.33,no,no,69289,6276,108,0.0609,5932,709,1239,733,100,2.46,0.5,1380,0.7798,650,100,100,0.35,1.0,200,0.0,0,15,3,hat,badge,wristwatch,yellow,red,tank,smg,front,1,yes,yes,no,,3,8.83,no,no,134170,3913,148,0.0816,6197,109,2219,518,520,2.0,0.8,1264,0.7583,350,100,100,0.35,1.0,200,0.0,0,20,4,shoes,badge,amulet,yellow,red,support,1,no,yes,no,,4,14.53,no,46530,7493,1804,8526,1160,191,1241,2.26,2194,0.8869,100,100,0.0,1.0,gloves,bag,wristwatch,blue,support,2,yes,no,,3,4.93,yes,43517,8150,2060,8069,660,786,734,2.46,1582,0.8127,100,100,0.0,1.0,hat,bag,wristwatch,yellow,red,support,1,no,yes,no,4,14.53,no,46530,7493,1804,8526,1160,191,1241,2.26,2194,0.8869,100,100,0.0,1.0,gloves,bag,wristwatch,blue,support,2,yes,no,3,4.93,yes,43517,8150,2060,8069,660,786,734,2.46,1582,0.8127,100,100,0.0,1.0,hat,bag,wristwatch,1.3,0.75,1.1,0.45,0.8,0.0,1.3,0.75,1.0,0.3,0.8,0.0,1.1,0.45,1.3,0.75,1.0,0.3,0.8,0.0,1.0,0.3,0.8,0.0,19,3.1666666666666665,0.408248290463863,20,3.333333333333333,0.5163977794943222,1,0.1666666666666669,0.1081494890304591,39.02,6.503333333333334,4.497317719115102,41.72,6.953333333333333,4.44315953648602,2.699999999999996,0.4499999999999993,-0.0541581826290826,463265,77210.83333333333,40966.34535526286,451759,75293.16666666667,38601.33576661132,-11506,-1917.666666666657,-2365.009588651541,41787,6964.5,2488.262747380188,41519,6919.833333333333,2532.061722523104,-268,-44.66666666666697,43.79897514291633,6825,1137.5,1142.2976407224169,7020,1170.0,1193.7430209220072,195,32.5,51.44538019959032,42519,7086.5,1267.2491073186834,41516,6919.333333333333,1172.6023480560946,-1003,-167.16666666666697,-94.64675926258884,4421,736.8333333333334,384.6117089567954,4381,730.1666666666666,386.6551004017233,-40,-6.666666666666743,2.043391444927863,4853,808.8333333333334,809.3924676364777,4882,813.6666666666666,805.2273384993002,29,4.8333333333332575,-4.165129137177473,5126,854.3333333333334,369.6986159923603,5113,852.1666666666666,372.0942980840565,-13,-2.1666666666667425,2.3956820916961874,0.5,0.5,0.5,0.5,0.25,0.5,0.25,0.25,0.5,0.25,25.89914862308177,8.05097209515096,18.38215025493945,31.48536928188091,24.231641791044776,17.465483588272782,7.787797346752058,31.117812420138,20.954410063763277,20.1506837865519,-0.8037262772113714,16.442312825303617,14.15538343558282,15.298848130443218,16.250367009208595,13.449493865030677,14.849930437119635,-0.4489176933235832
marina,tshiroko,shun,hoshino,sayane,sshiroko,hoshino,shun,tshiroko,marina,sayane,sshiroko,1,yellow,red,tank,smg,front,1,yes,yes,no,,3,8.83,no,no,134170,3913,148,0.0816,6197,109,2219,518,520,2.0,0.8,1264,0.7583,350,100,100,0.35,1.0,200,0.0,0,20,4,shoes,badge,amulet,blue,blue,dealer,ar,middle,0,yes,yes,no,,3,3.33,no,no,69289,6276,108,0.0609,5932,709,1239,733,100,2.46,0.5,1380,0.7798,650,100,100,0.35,1.0,200,0.0,0,15,3,hat,badge,wristwatch,red,red,dealer,sr,back,1,no,yes,no,,3,2.47,yes,no,46867,10930,108,0.0609,5715,1128,201,1382,100,2.26,0.5,1980,0.8644,750,100,136,0.0,1.0,200,0.0,0,20,1,gloves,hairpin,wristwatch,yellow,yellow,tank,sg,front,2,no,yes,yes,self,4,7.63,no,no,111386,4757,2792,0.6262,7077,615,246,505,520,2.0,1.0,1948,0.8608,350,100,100,0.0,1.0,200,0.0,0,8,1,shoes,bag,amulet,yellow,yellow,tank,sg,front,2,no,yes,yes,self,4,7.63,no,no,111386,4757,2792,0.6262,7077,615,246,505,520,2.0,1.0,1948,0.8608,350,100,100,0.0,1.0,200,0.0,0,8,1,shoes,bag,amulet,red,red,dealer,sr,back,1,no,yes,no,,3,2.47,yes,no,46867,10930,108,0.0609,5715,1128,201,1382,100,2.26,0.5,1980,0.8644,750,100,136,0.0,1.0,200,0.0,0,20,1,gloves,hairpin,wristwatch,blue,blue,dealer,ar,middle,0,yes,yes,no,,3,3.33,no,no,69289,6276,108,0.0609,5932,709,1239,733,100,2.46,0.5,1380,0.7798,650,100,100,0.35,1.0,200,0.0,0,15,3,hat,badge,wristwatch,yellow,red,tank,smg,front,1,yes,yes,no,,3,8.83,no,no,134170,3913,148,0.0816,6197,109,2219,518,520,2.0,0.8,1264,0.7583,350,100,100,0.35,1.0,200,0.0,0,20,4,shoes,badge,amulet,yellow,red,support,1,no,yes,no,,4,14.53,no,46530,7493,1804,8526,1160,191,1241,2.26,2194,0.8869,100,100,0.0,1.0,gloves,bag,wristwatch,blue,support,2,yes,no,,3,4.93,yes,43517,8150,2060,8069,660,786,734,2.46,1582,0.8127,100,100,0.0,1.0,hat,bag,wristwatch,yellow,red,support,1,no,yes,no,4,14.53,no,46530,7493,1804,8526,1160,191,1241,2.26,2194,0.8869,100,100,0.0,1.0,gloves,bag,wristwatch,blue,support,2,yes,no,3,4.93,yes,43517,8150,2060,8069,660,786,734,2.46,1582,0.8127,100,100,0.0,1.0,hat,bag,wristwatch,1.3,0.75,1.1,0.45,0.8,0.0,1.0,0.3,1.0,0.3,0.8,0.0,1.1,0.45,1.3,0.75,1.0,0.3,0.8,0.0,1.0,0.3,0.8,0.0,20,3.333333333333333,0.5163977794943222,20,3.333333333333333,0.5163977794943222,0,0.0,0.0,41.72,6.953333333333333,4.44315953648602,41.72,6.953333333333333,4.44315953648602,0.0,0.0,0.0,451759,75293.16666666667,38601.33576661132,451759,75293.16666666667,38601.33576661132,0,0.0,0.0,41519,6919.833333333333,2532.061722523104,41519,6919.833333333333,2532.061722523104,0,0.0,0.0,7020,1170.0,1193.7430209220072,7020,1170.0,1193.7430209220072,0,0.0,0.0,41516,6919.333333333333,1172.6023480560946,41516,6919.333333333333,1172.6023480560946,0,0.0,0.0,4381,730.1666666666666,386.6551004017233,4381,730.1666666666666,386.6551004017233,0,0.0,0.0,4882,813.6666666666666,805.2273384993002,4882,813.6666666666666,805.2273384993002,0,0.0,0.0,5113,852.1666666666666,372.0942980840565,5113,852.1666666666666,372.0942980840565,0,0.0,5.684341886080803e-14,0.5,0.5,0.5,0.5,0.25,0.5,0.25,0.25,0.5,0.25,25.596804708850115,7.787797346752059,17.465483588272782,31.117812420138,31.117812420138,17.465483588272782,7.787797346752058,25.596804708850115,20.491974516003243,20.491974516003243,0.0,16.250367009208595,13.449493865030677,14.849930437119635,16.250367009208595,13.449493865030677,14.849930437119635,0.0
